1;2;4;5;7;9;13;14;15;17;18;19;21;23;24;25;27;28;31;32;34;36;37;39;40;42;44;46;47;48;49;52;54;55;56;58;61;65;66;67;73;74;75;76;77;78;79;81;82;89;90;93;94;99;103;104;106;107;108;111;113;114;116;117;118;119;120;121;123;124;126;129;130;132;134;135;137;139;144;149;151;154;156;157;160;161;163;164;165;166;167;168;170;171;172;177;179;181;182;184;185;187;188;189;191;192;193;196;199;200;201;203;213;214;215;216;217;219;220;223;225;226;227;228;229;231;232;236;238;239;240;242;247;249;253;254;256;257;258;260;261;262;265;267;272;273;274;278;282;284;289;291;294;295;296;301;302;304;306;307;308;309;312;313;314;315;316;318;320;327;331;332;334;336;338;339;340;341;342;345;352;353;355;357;359;361;364;365;366;368;369;370;372;373;376;377;378;380;383;390;392;395;396;397;398;399;400;403;407;408;411;413;415;416;417;418;420;421;422;424;425;428;429;430;431;433;436;437;440;445;446;447;449;451;452;454;455;456;457;461;462;463;464;466;469;473;477;479;480;482;486;487;488;489;490;491;493;495;498;500;501;503;504;505;506;508;510;511;512;515;518;521;523;527;528;529;532;533;535;536;537;538;539;542;544;546;547;549;551;554;555;556;557;562;566;567;568;569;570;571;572;573;574;576;577;578;580;582;584;586;587;588;590;591;592;593;594;599;600;604;605;608;609;610;611;612;613;615;616;619;623;625;628;632;635;636;637;638;639;641;642;643;645;648;650;651;652;655;656;657;661;662;663;664;665;666;667;669;676;677;679;681;682;683;684;686;687;688;693;694;695;698;699;700;702;706;707;709;711;714;715;716;723;725;726;729;730;733;734;735;736;740;742;745;746;747;748;750;752;753;754;755;756;757;758;761;762;763;764;765;769;771;772;776;777;778;779;781;784;786;788;790;795;796;797;798;803;806;811;812;815;816;818;819;820;824;825;826;827;829;830;831;832;834;837;840;841;842;843;845;847;851;853;854;855;858;859;862;863;866;867;868;871;874;880;882;883;885;887;890;891;892;894;895;897;899;904;906;908;910;911;914;915;916;917;918;919;920;922;923;925;926;927;928;929;930;933;934;935;936;937;938;939;944;945;946;947;948;951;957;958;959;961;962;964;966;967;969;970;971;972;977;978;979;980;984;987;988;989;990;992;993;994;996;998;999
2;1;3;6;7;9;13;14;18;19;20;21;22;24;26;28;30;31;34;35;36;41;42;43;45;49;50;60;62;63;65;66;67;71;72;73;75;76;77;78;82;83;86;87;90;94;95;97;100;101;102;103;104;107;109;110;113;115;118;119;123;124;125;127;128;129;130;137;139;141;144;146;148;149;150;152;154;159;160;163;171;172;173;175;176;177;180;182;183;184;185;188;189;190;194;199;200;201;202;205;207;208;209;211;212;213;214;217;219;222;223;225;228;229;230;232;234;238;243;246;247;249;250;251;252;255;257;258;259;261;262;264;268;271;272;273;274;275;276;278;280;282;283;284;286;288;292;295;296;297;298;302;305;306;308;309;310;311;312;315;316;318;320;321;322;323;325;327;334;335;336;339;343;345;347;348;349;350;355;356;357;358;359;361;362;364;366;367;373;374;375;378;380;381;384;386;387;401;402;403;404;406;408;411;412;415;416;421;428;429;430;432;433;434;437;439;441;443;444;446;448;450;454;456;457;461;463;464;465;466;468;470;472;476;479;480;481;484;486;488;493;495;497;498;499;500;501;502;503;506;508;509;513;519;520;523;524;525;526;527;529;534;535;536;537;545;547;548;551;555;557;559;560;561;564;565;567;569;577;580;582;584;586;589;590;592;593;595;596;600;601;604;606;609;612;614;615;616;619;625;627;630;633;635;636;637;638;640;641;643;645;650;653;655;657;658;660;664;669;674;676;677;678;681;683;695;700;701;702;703;706;707;713;714;715;716;718;720;721;725;726;728;729;730;731;733;735;736;737;738;740;741;743;744;746;750;755;758;760;761;762;767;768;769;770;776;777;779;784;786;788;790;791;794;796;797;799;801;804;806;811;813;817;821;822;825;829;830;831;833;837;838;841;844;845;852;855;856;863;867;868;869;870;871;877;881;883;885;886;887;889;894;900;901;903;904;905;906;907;910;912;913;914;916;918;920;922;923;925;928;930;931;932;933;934;935;936;937;940;941;942;945;947;949;953;954;958;959;961;963;964;965;970;971;975;976;977;978;981;982;983;984;990;995;996;998;1000
3;2;4;5;7;8;10;12;18;20;23;27;30;31;32;34;36;38;40;41;42;43;46;47;49;50;51;52;53;56;60;61;62;64;65;72;73;74;77;82;83;85;86;88;92;95;99;100;101;103;105;106;107;109;112;113;114;116;121;122;123;124;125;128;131;133;136;138;139;140;141;145;147;148;150;151;152;154;156;157;158;160;161;163;171;173;176;179;180;184;185;186;187;188;189;190;191;193;194;196;198;199;200;201;202;203;204;206;208;210;211;213;214;217;218;220;223;225;227;231;232;233;244;246;247;249;250;251;253;255;256;259;260;262;263;265;266;268;273;274;277;279;281;283;286;287;288;289;291;292;294;296;297;298;299;301;304;309;311;313;315;316;317;320;321;324;325;326;328;329;331;333;336;338;342;343;348;352;356;357;358;361;363;364;370;372;375;379;382;384;385;386;387;389;392;397;403;406;407;409;413;415;416;418;422;424;425;426;427;430;431;432;435;439;441;444;445;446;457;459;463;464;465;466;467;468;472;473;476;480;481;484;487;489;491;492;493;495;499;501;502;503;504;509;510;511;512;513;516;518;521;524;526;527;528;529;530;536;538;542;543;546;549;550;552;554;556;557;559;563;569;574;577;579;581;582;584;585;587;588;590;592;595;599;601;602;605;608;609;610;613;614;618;620;621;622;623;624;625;626;629;630;631;634;636;638;639;640;641;642;643;647;648;649;651;652;654;656;658;664;666;668;669;670;671;672;674;676;678;682;683;684;685;687;689;690;691;692;693;694;697;699;706;707;709;710;711;712;714;716;717;719;723;724;725;726;727;728;729;731;733;735;740;742;743;744;752;754;757;759;762;764;767;769;770;771;772;774;775;778;785;787;791;792;794;795;796;797;798;799;803;804;805;806;807;808;811;813;819;821;822;823;825;826;827;828;834;835;839;840;841;842;843;847;850;852;854;856;858;860;861;864;865;869;872;874;877;878;879;880;881;885;886;887;889;891;893;895;896;897;899;900;901;902;903;904;908;914;918;923;925;930;933;935;939;940;941;942;943;944;946;947;949;952;956;958;960;961;962;963;966;967;968;969;971;972;974;975;976;978;979;986;989;990;991;993;995;996;998;1000
4;1;3;7;10;12;13;14;16;18;19;22;24;27;28;30;31;33;35;38;39;41;45;46;48;49;51;53;55;58;59;61;65;68;70;72;73;74;75;76;77;80;83;85;86;89;90;92;94;95;100;101;103;105;108;110;113;114;115;125;126;127;128;132;133;141;142;143;144;145;148;150;154;155;156;157;158;159;160;162;164;170;171;173;176;180;181;182;184;185;186;189;195;198;200;201;203;204;205;206;207;210;214;217;218;219;220;221;223;224;225;226;228;229;232;234;235;239;246;247;248;249;250;252;253;256;260;261;263;264;266;273;274;275;276;278;280;282;286;287;290;294;295;299;301;302;304;307;309;310;312;315;316;321;325;326;334;337;338;339;340;347;350;356;361;363;364;365;366;367;369;370;371;372;374;375;377;379;380;383;384;385;386;392;395;398;401;403;406;407;408;409;412;414;415;416;418;419;420;421;424;425;427;428;429;431;434;438;440;443;444;445;446;449;451;453;454;456;458;459;461;463;467;468;470;471;478;481;484;485;486;487;488;489;492;494;495;496;499;500;503;504;507;508;509;510;512;516;517;519;521;524;528;530;533;534;535;539;540;541;542;549;551;552;559;560;561;562;563;564;567;571;572;573;574;576;577;578;579;580;581;584;586;589;591;592;593;595;596;597;599;600;603;604;605;607;609;613;615;619;620;624;625;626;627;628;630;631;632;636;637;642;648;649;650;652;653;654;655;656;657;658;659;661;662;664;665;667;668;669;675;676;677;679;680;681;682;683;684;691;695;697;700;701;702;711;715;716;717;718;719;721;722;723;724;730;731;733;735;737;738;741;743;746;747;748;756;763;764;766;767;772;774;775;776;779;780;781;782;783;784;785;787;789;790;791;795;796;797;799;801;802;806;810;811;813;814;815;818;820;822;823;826;827;829;830;833;834;839;840;841;842;847;848;854;856;857;859;860;861;867;869;871;872;873;874;876;880;883;885;886;891;892;894;898;900;904;906;907;908;912;913;916;918;921;922;929;933;934;937;938;939;943;944;945;947;949;951;954;956;959;960;961;963;964;967;968;970;973;974;975;976;978;979;980;982;986;989;991;992;994;997;998;999
5;1;3;6;10;13;14;18;19;20;21;25;26;27;28;30;31;33;38;39;40;41;44;45;46;48;51;52;53;57;59;60;61;62;64;65;66;67;69;70;71;77;78;81;82;84;86;88;90;92;96;97;99;100;101;105;106;108;112;113;115;119;120;122;124;126;128;129;130;133;134;136;138;139;141;144;149;152;154;155;158;161;163;165;168;171;175;176;177;179;181;182;184;188;191;193;196;199;200;201;202;203;204;205;206;208;209;212;215;217;218;229;230;232;233;237;239;241;245;248;249;250;251;252;253;254;255;257;258;260;265;266;268;269;271;272;277;278;280;283;285;286;287;291;300;301;302;304;305;306;307;308;313;314;317;319;320;321;322;323;325;328;329;331;332;333;337;338;340;344;345;347;352;354;355;356;357;363;365;366;367;369;371;372;374;375;378;380;383;386;388;393;395;398;400;402;404;405;406;408;410;411;413;414;415;416;421;422;424;425;428;430;431;432;435;436;438;440;442;443;445;447;451;452;453;458;460;461;462;463;464;466;468;472;475;480;486;487;489;490;493;494;496;499;502;506;508;510;511;517;518;520;521;522;523;524;525;526;529;530;531;533;535;536;537;538;541;543;545;546;547;548;549;552;554;555;557;558;559;560;562;563;564;565;566;571;572;578;580;584;587;589;591;592;593;596;597;604;605;616;620;621;627;628;640;642;643;644;647;650;652;653;657;660;661;662;664;665;667;668;671;672;673;675;678;679;680;684;686;687;688;689;693;696;698;704;706;709;711;714;715;719;720;721;722;725;727;728;731;734;735;737;744;745;746;748;754;755;758;760;761;762;764;765;768;769;770;772;777;778;784;787;790;791;792;793;796;797;799;800;801;802;803;804;805;807;808;812;818;819;822;824;829;834;835;841;844;845;846;847;849;851;852;854;858;859;861;862;863;866;867;868;870;871;873;874;875;876;877;879;880;881;882;884;887;889;890;891;893;895;897;898;901;902;904;906;910;912;919;920;921;922;926;927;929;930;931;937;940;945;947;948;951;953;956;959;964;965;967;968;969;971;973;974;975;976;978;981;982;983;984;985;987;988;989;992;994;995;997;999
6;2;5;7;8;9;12;13;15;16;18;19;20;23;24;28;31;32;36;37;39;40;41;42;44;49;50;52;55;59;60;61;63;65;67;68;69;71;72;75;77;78;81;84;88;91;95;97;101;102;103;106;107;108;109;110;112;114;116;117;122;123;124;127;131;134;135;137;138;140;142;143;144;147;149;150;151;152;154;156;158;159;160;161;163;165;166;167;168;170;171;172;176;179;180;182;185;187;189;193;195;197;201;203;205;206;207;208;209;211;217;219;220;222;226;229;230;231;232;233;236;237;240;243;244;245;247;251;252;253;256;257;258;260;266;269;270;274;275;276;277;279;280;281;283;284;285;287;288;289;291;294;295;297;298;299;300;301;302;303;304;308;309;311;313;314;315;316;318;319;321;326;327;329;331;332;335;336;337;338;339;341;344;346;347;348;351;355;356;358;360;361;363;364;365;367;368;369;371;372;374;378;379;383;384;385;386;389;391;392;394;395;397;399;400;402;403;404;406;407;409;413;415;416;420;423;425;427;429;430;431;432;436;437;439;440;442;443;444;445;446;449;450;451;452;453;455;456;457;462;463;464;465;467;468;469;470;473;476;477;478;485;486;488;492;493;494;496;499;500;501;502;503;504;505;506;507;508;514;515;517;519;520;521;522;526;527;528;530;536;539;541;542;543;545;546;547;550;552;553;556;561;564;570;571;574;577;580;581;583;585;586;588;589;590;593;594;597;598;599;603;605;606;607;609;610;615;617;618;620;624;625;629;636;638;643;648;650;653;656;657;658;659;660;663;664;667;669;671;673;684;685;686;687;688;696;699;701;707;708;709;712;719;721;722;723;727;728;729;730;740;741;744;746;747;748;749;752;753;754;755;757;758;762;765;766;768;769;771;773;774;778;780;781;786;787;789;790;791;792;794;795;797;802;804;805;806;807;808;809;810;813;814;817;818;821;822;823;824;829;830;831;836;839;840;841;842;844;845;847;848;850;851;852;854;855;857;858;860;865;866;867;868;869;870;871;874;876;878;880;882;884;889;892;897;900;901;902;903;904;907;912;913;914;915;916;917;918;919;923;926;927;928;930;931;932;936;937;938;940;944;947;949;950;951;952;955;956;957;958;961;964;965;966;968;971;973;974;977;978;979;980;982;983;985;986;987;988;989;991;992;995;996;998;999
7;1;2;3;4;6;8;9;10;11;15;23;26;27;28;29;33;38;41;46;50;53;55;56;57;58;60;63;64;65;68;69;71;72;74;76;77;79;83;84;85;86;88;89;90;91;92;96;98;101;102;103;104;106;108;109;110;111;112;113;114;115;119;120;121;123;124;125;127;129;130;132;139;142;144;146;147;148;149;151;152;153;155;156;157;159;161;163;164;165;166;167;170;171;174;178;179;182;186;190;192;194;198;201;203;204;207;208;209;210;211;212;213;215;218;223;224;225;227;228;230;231;237;239;242;247;250;254;257;259;260;263;264;265;266;267;268;271;275;276;277;279;280;282;283;284;287;288;290;291;295;297;298;300;302;304;306;309;312;313;315;318;321;325;327;329;332;333;334;335;336;339;341;342;344;347;350;358;359;360;361;363;366;368;371;373;374;376;380;381;383;384;385;389;390;391;392;394;395;397;398;399;408;409;410;411;413;418;419;425;426;427;429;432;433;434;437;439;443;446;447;450;451;452;453;455;456;457;458;459;463;464;466;467;468;471;472;475;476;478;479;480;484;485;488;494;495;496;501;502;505;506;507;509;512;513;519;520;521;527;531;532;533;534;535;536;538;542;543;545;548;552;553;554;556;557;560;561;563;564;565;567;568;570;571;572;573;575;576;578;580;581;584;585;587;588;589;592;593;594;598;601;603;604;605;606;611;612;613;618;619;620;621;622;625;626;628;630;631;634;638;641;645;647;648;650;651;652;656;657;661;663;664;665;667;670;671;672;673;675;676;677;678;679;681;682;683;687;688;689;690;693;694;695;697;699;702;703;704;705;706;707;708;710;711;713;714;715;719;721;724;726;729;731;732;733;734;735;736;738;741;743;751;753;754;755;756;760;762;763;764;767;772;775;776;777;779;784;789;790;792;793;795;797;801;803;805;806;808;809;812;813;822;823;824;825;830;831;832;833;835;836;838;839;844;846;848;851;853;854;855;856;858;859;861;864;865;866;869;870;871;872;875;876;877;880;881;882;884;888;891;892;894;895;896;897;902;908;912;915;917;921;922;925;929;933;936;937;939;940;944;946;949;950;951;952;954;955;956;957;959;960;961;962;963;964;965;967;969;970;971;974;976;977;979;980;981;983;986;988;989;990;991;994;998;999;1000
8;3;6;7;12;13;15;16;18;20;23;24;29;31;32;34;35;36;37;39;40;41;45;55;57;58;60;63;64;65;68;70;74;75;76;77;78;80;82;83;84;86;90;93;97;98;99;102;104;105;106;110;114;116;117;120;122;124;125;136;137;138;139;142;143;145;148;151;155;156;157;158;160;161;162;165;168;170;173;175;176;177;178;179;180;181;182;183;187;188;189;191;193;194;195;197;198;200;202;203;210;215;216;219;220;222;223;226;228;231;233;234;236;237;238;239;241;243;244;246;247;249;250;251;252;254;258;259;264;265;267;268;269;270;279;280;283;284;286;288;289;291;293;295;297;298;300;301;302;304;306;315;316;317;319;321;325;327;329;330;332;333;334;336;338;339;342;343;344;349;354;356;357;359;360;362;363;364;366;368;372;374;376;377;380;381;382;388;390;392;393;394;395;404;405;408;411;412;413;415;419;421;423;427;430;431;432;433;435;437;438;440;441;442;444;445;447;448;449;450;452;455;456;457;458;461;462;463;468;472;473;474;476;480;481;482;485;486;487;489;492;493;497;498;499;500;501;504;505;508;509;510;512;513;514;518;519;522;524;525;526;527;528;529;530;532;533;535;536;537;538;544;545;546;547;551;553;556;559;560;564;565;569;570;571;574;575;576;585;587;591;593;594;596;597;599;603;606;608;612;618;620;622;623;624;625;626;630;633;634;635;638;640;641;642;644;646;647;648;651;652;655;662;663;665;666;667;669;672;673;675;681;682;684;692;696;699;700;704;706;708;709;711;712;714;715;716;717;719;721;723;726;727;728;729;730;733;734;735;736;738;739;740;741;743;746;747;749;750;751;752;759;760;761;763;765;766;768;772;773;775;778;779;780;783;784;787;793;795;797;798;799;803;804;805;807;809;812;815;817;818;820;822;823;824;828;829;831;832;833;834;835;836;838;843;846;848;849;850;851;853;856;857;858;860;861;863;868;869;873;874;876;879;880;881;882;883;884;885;886;888;890;892;894;898;899;900;901;902;903;904;905;906;907;909;910;911;912;914;915;919;924;928;929;930;931;932;934;935;941;942;944;945;946;950;952;955;958;959;960;963;964;967;971;974;976;977;978;982;983;984;987;988;990;996;997;998
9;1;2;6;7;13;16;17;18;19;20;22;23;24;31;33;34;35;40;42;44;47;48;49;55;56;58;60;62;65;70;71;72;73;77;78;81;83;87;88;89;92;93;94;96;100;101;102;103;108;109;110;114;116;117;121;122;125;126;130;131;132;135;136;144;149;150;157;158;159;161;163;164;165;167;169;170;172;173;174;179;181;183;185;186;188;190;192;194;195;196;197;198;199;204;207;209;211;212;213;216;219;220;223;224;225;228;229;230;231;232;234;235;238;241;243;244;248;249;250;254;256;257;258;259;265;266;268;270;271;275;276;277;278;279;281;282;286;288;289;291;293;297;298;299;301;302;304;306;307;308;309;312;313;314;315;317;318;321;322;323;325;326;334;335;337;340;343;344;346;349;351;353;354;355;356;357;358;359;360;364;366;369;374;376;377;379;382;384;386;387;388;389;392;393;394;395;396;398;399;401;406;411;412;414;416;417;419;425;427;428;435;437;441;443;444;445;447;448;450;452;456;457;458;460;461;462;463;464;465;466;472;473;474;476;479;484;485;486;487;489;493;494;496;498;500;501;503;504;506;507;509;512;513;515;516;517;522;523;524;526;529;533;538;540;542;545;546;550;551;553;555;557;558;560;561;562;564;569;574;575;577;578;579;581;582;586;587;591;592;593;595;598;603;604;610;621;626;627;629;634;635;639;641;643;645;646;647;648;650;653;656;657;659;662;663;667;670;671;672;673;675;677;678;681;682;684;686;687;688;689;691;692;699;703;711;713;714;719;720;721;722;725;729;732;734;735;736;737;738;743;746;747;748;751;755;758;759;764;766;769;770;771;773;774;775;776;778;780;784;786;788;791;792;796;797;798;799;800;801;802;804;806;807;810;812;815;816;819;820;821;822;823;832;833;834;836;838;839;845;846;847;848;854;855;857;858;859;862;863;864;865;866;867;868;871;872;875;877;879;884;885;887;897;898;899;900;902;903;904;905;906;907;909;912;913;914;915;917;920;921;923;925;926;927;928;930;931;932;933;935;936;937;938;945;946;948;949;953;956;957;958;960;961;964;965;966;967;969;971;972;973;974;975;978;979;983;984;985;988;989;990;991;996;998;1000
10;3;4;5;7;13;14;15;17;18;19;20;21;25;27;28;29;30;34;35;37;38;39;40;41;42;43;44;45;47;49;50;55;58;60;64;70;72;73;76;78;81;82;85;91;92;94;95;97;98;102;105;106;107;108;109;110;113;115;118;120;121;122;123;124;125;126;128;129;130;131;134;139;140;142;143;144;147;149;151;152;155;156;160;161;163;164;165;166;167;168;169;170;172;174;179;180;182;183;184;185;189;191;195;199;200;202;204;205;206;209;211;213;215;216;220;221;223;227;230;231;236;237;238;240;242;243;244;247;248;249;254;255;258;263;264;268;270;273;274;276;278;279;280;281;282;285;288;289;290;293;294;296;299;301;302;303;305;306;307;308;309;311;314;317;321;327;328;331;335;336;338;340;341;342;343;351;352;355;357;358;360;363;365;367;370;371;373;374;377;378;380;384;388;389;390;392;393;398;399;404;405;406;408;411;413;414;417;425;427;430;432;433;436;437;438;441;442;444;446;447;449;451;453;454;455;457;458;459;461;463;465;467;468;476;479;481;482;484;486;488;490;494;496;497;499;500;502;503;505;506;508;510;511;512;516;517;518;521;524;525;526;527;531;532;534;536;540;542;544;545;547;551;554;556;557;558;562;563;566;567;569;570;572;574;575;576;577;578;581;583;588;589;590;592;593;595;596;598;599;600;603;606;607;608;610;611;612;613;614;618;619;621;622;623;625;626;627;632;634;636;641;642;644;646;647;651;652;653;655;656;659;660;665;666;668;669;670;671;672;673;674;677;681;682;683;684;685;688;690;692;693;695;700;702;703;704;705;709;713;714;715;718;720;721;722;723;724;727;728;730;732;733;734;735;736;737;743;745;746;748;749;753;754;756;758;759;760;765;767;769;773;776;778;779;781;782;784;786;789;790;791;798;799;800;803;805;806;807;808;809;810;813;818;820;821;824;829;833;834;836;840;841;842;843;846;849;854;856;857;858;859;861;863;864;865;866;868;870;873;874;875;878;879;880;881;883;885;886;888;890;891;896;897;899;900;905;908;911;913;914;915;916;917;919;922;923;924;926;930;934;937;941;945;946;947;948;956;959;960;962;964;965;968;969;971;974;975;976;978;979;980;981;982;984;986;987;992;994;995;996;997;998;999;1000
11;7;12;18;20;21;23;26;28;29;30;31;32;33;34;35;36;37;38;40;43;46;52;54;57;59;61;63;68;69;70;75;76;77;78;79;80;81;83;84;85;89;90;91;92;94;95;96;97;100;101;102;103;105;106;109;112;113;119;123;124;125;127;129;131;133;135;138;142;144;146;151;152;153;157;158;159;163;164;165;169;171;172;174;177;178;180;182;183;186;188;189;190;193;195;196;199;201;202;203;204;205;206;207;209;210;212;213;217;219;220;221;222;223;225;227;237;238;241;246;248;250;252;257;259;261;266;267;268;270;273;274;275;277;279;281;284;286;289;290;295;296;299;301;303;305;306;308;309;311;312;313;314;315;316;317;318;319;323;325;326;328;335;338;341;343;345;347;348;351;354;356;358;362;364;365;366;367;369;370;371;372;373;374;379;382;385;386;388;389;395;396;399;401;403;404;405;406;408;412;415;416;417;420;423;424;429;430;432;436;438;439;440;443;444;446;447;448;450;451;452;453;454;455;457;461;462;463;464;466;468;474;476;477;482;483;484;490;491;492;493;494;498;500;501;503;504;507;510;512;513;516;517;518;522;525;527;528;529;530;531;533;535;537;540;542;544;547;548;552;554;555;557;559;561;562;565;566;567;569;571;573;574;580;581;583;584;586;587;588;589;590;591;593;600;601;602;603;605;606;608;609;611;615;617;618;619;625;626;627;628;631;634;636;640;643;644;645;646;647;650;652;654;655;656;658;659;661;663;666;668;670;674;676;677;678;679;682;685;686;689;690;692;694;695;698;700;701;703;705;709;710;711;713;715;716;717;718;719;722;724;725;730;731;733;734;735;739;740;741;742;745;747;749;750;752;753;754;756;760;763;765;766;771;772;774;780;785;786;787;793;797;799;800;802;806;815;817;818;819;823;825;827;829;833;834;836;837;838;840;842;843;845;846;847;848;850;851;852;857;858;859;862;863;866;867;868;869;870;871;875;877;878;879;880;882;883;884;885;886;889;892;894;895;897;898;902;903;907;908;909;911;914;916;919;925;928;931;932;939;941;946;947;948;950;952;953;954;955;956;957;958;963;964;965;966;969;970;971;974;977;978;980;981;982;987;988;991;996;1000
12;3;4;6;8;11;18;20;21;23;25;28;29;31;35;36;38;42;44;48;49;51;52;53;54;56;57;60;61;66;68;69;71;75;76;82;83;84;86;87;88;89;90;94;97;99;104;105;107;108;110;113;115;116;117;118;119;121;122;123;126;129;134;135;137;139;140;143;145;146;148;149;150;152;155;156;164;170;171;173;174;175;176;177;178;179;185;187;190;191;192;194;200;202;205;206;209;211;212;213;217;219;220;222;224;227;229;230;235;236;239;240;241;243;244;245;249;251;252;254;255;257;258;260;262;263;266;272;275;276;283;285;287;288;290;292;293;294;296;298;299;302;310;311;314;315;316;317;318;321;322;324;327;328;330;333;335;336;337;339;340;345;346;347;349;350;351;352;353;354;355;357;360;361;362;363;364;367;368;369;370;371;372;374;376;382;384;389;390;392;401;404;405;407;409;410;411;413;414;417;422;426;427;428;429;431;434;438;440;443;445;446;448;449;450;451;452;453;454;455;458;459;460;461;465;466;467;468;469;472;476;477;479;482;484;487;488;489;490;492;493;494;495;498;500;502;503;504;508;509;511;512;513;514;518;520;523;524;525;527;528;529;530;533;538;539;546;550;553;554;555;556;558;561;562;563;564;565;571;574;577;578;580;581;582;583;588;589;590;591;594;595;596;600;607;610;616;617;618;620;621;623;626;628;632;634;635;638;639;641;643;646;647;648;653;654;655;656;658;661;663;664;667;668;670;671;672;674;675;676;677;678;679;682;685;686;690;691;693;694;695;696;698;700;701;704;706;708;710;711;713;714;716;719;720;724;727;728;729;731;732;735;737;739;740;744;745;747;749;750;754;756;758;759;761;762;764;769;770;771;775;777;783;785;788;792;793;794;795;798;800;802;804;807;808;809;811;813;815;817;819;821;823;826;828;833;834;836;837;840;841;842;848;849;853;855;860;861;863;864;866;867;872;874;875;877;878;879;880;881;882;883;884;886;892;894;896;897;898;903;904;905;906;907;910;915;917;918;919;921;923;924;925;926;928;930;931;933;934;935;936;937;939;943;947;948;949;951;952;955;958;960;968;972;973;974;975;976;980;981;984;988;989;991;994;995;996;997;998;1000
13;1;2;4;5;6;8;9;10;14;15;16;17;20;21;22;25;27;28;30;31;32;36;38;42;47;50;51;52;53;56;59;62;63;69;71;74;75;76;77;78;79;81;84;87;93;94;95;99;100;101;102;103;105;107;108;109;113;116;119;120;124;125;126;128;129;136;138;139;140;141;143;147;150;151;152;156;157;158;159;160;161;162;165;167;170;171;172;173;174;175;176;178;180;183;184;187;189;191;193;194;196;197;200;201;202;204;205;210;211;212;213;214;215;217;219;220;222;223;226;229;230;232;234;235;238;240;241;243;245;249;263;266;267;269;274;277;279;280;282;283;284;285;287;290;291;293;294;296;298;299;300;303;305;306;307;308;310;311;312;315;316;317;321;322;325;326;328;330;331;335;336;337;339;341;342;343;346;347;348;349;350;351;352;354;357;358;359;361;364;366;368;370;372;374;376;377;378;380;381;382;383;385;386;387;388;389;399;401;403;405;406;407;411;412;415;417;421;422;424;430;432;433;434;435;437;438;440;441;443;445;447;448;449;450;451;452;454;457;458;459;463;467;468;469;471;472;473;474;476;482;483;484;485;488;490;491;492;493;494;496;497;498;499;501;503;505;507;508;509;511;512;514;515;521;523;524;527;528;532;534;535;536;540;541;542;546;552;554;555;556;557;559;560;561;563;569;570;571;572;575;576;577;583;584;585;592;596;597;601;602;603;606;607;608;609;617;618;619;620;621;622;624;627;628;629;630;631;632;633;634;636;637;638;645;647;649;653;654;655;656;658;659;661;668;671;673;675;676;678;679;680;682;683;685;687;689;690;697;698;699;701;702;704;707;708;712;716;717;722;725;729;730;731;732;736;739;740;742;748;751;754;756;757;759;760;761;763;766;767;770;774;775;776;780;781;785;788;794;797;802;803;804;805;810;811;815;816;819;824;825;829;831;837;839;841;843;845;846;850;852;854;855;856;858;860;862;863;867;868;869;871;874;877;878;879;881;884;889;890;892;893;896;897;899;900;901;904;907;908;909;910;913;915;918;922;923;925;927;929;931;932;933;934;939;941;942;943;944;946;951;952;953;954;955;956;958;962;964;966;967;969;970;972;973;976;977;979;981;982;984;985;986;987;989;995;997;1000
14;1;2;4;5;10;13;15;19;21;23;24;25;30;32;35;37;39;43;45;47;48;49;52;53;54;56;57;61;67;68;70;71;72;73;77;78;79;81;82;83;84;86;87;88;89;90;92;93;94;98;99;100;101;102;103;104;105;106;107;108;110;112;113;114;115;117;120;121;122;124;125;126;127;130;131;133;134;135;138;139;142;143;145;146;148;149;150;151;152;155;156;158;160;161;163;164;167;168;169;173;174;176;179;181;182;184;185;187;188;192;193;194;195;196;197;198;199;202;205;207;213;215;216;218;220;229;231;233;234;236;238;241;242;245;246;249;251;253;254;255;256;257;260;261;263;265;269;273;274;277;278;279;280;282;283;284;285;290;293;294;296;297;298;300;302;303;304;305;307;308;310;312;313;317;318;320;323;324;325;329;330;331;332;333;334;335;337;339;342;344;350;351;355;358;359;363;367;368;369;371;373;375;376;378;379;380;382;385;386;387;388;389;391;394;396;400;402;406;407;408;411;412;414;415;418;420;421;424;427;428;433;443;445;449;451;453;454;457;458;463;464;465;467;469;472;473;474;476;477;479;481;482;484;485;486;487;489;492;493;494;495;496;498;500;503;504;505;506;509;514;515;516;518;519;520;521;523;530;531;533;534;535;536;538;541;542;544;546;547;549;550;551;552;554;556;559;569;571;573;574;576;578;581;582;583;584;585;589;591;593;594;595;598;601;602;604;607;612;614;615;616;621;622;623;624;626;630;632;634;636;637;640;645;646;648;650;651;652;654;656;667;671;673;674;679;681;683;684;685;687;689;692;694;697;698;699;700;702;703;704;705;706;707;709;710;711;713;714;715;716;717;720;722;723;726;728;730;732;735;737;738;739;740;743;744;745;747;748;750;751;752;753;755;756;758;759;760;761;762;763;764;765;767;771;772;774;775;776;781;782;783;785;788;792;798;799;807;811;812;813;814;816;821;822;824;830;831;835;836;838;839;842;844;847;848;849;850;852;853;854;855;857;858;861;866;869;870;874;875;878;879;881;882;883;885;886;887;890;891;900;902;905;906;907;908;909;910;911;913;914;915;916;917;921;923;924;925;929;932;933;934;935;936;937;938;941;946;948;951;952;954;955;956;957;959;960;961;962;964;965;966;967;968;974;975;976;982;983;985;986;988;990;991;992;994;996;998
15;1;6;7;8;10;13;14;16;18;20;21;22;24;25;26;28;31;33;34;35;36;40;41;42;48;49;51;52;53;54;55;56;57;58;60;61;62;64;65;67;68;70;72;73;81;82;83;84;85;86;90;91;93;94;96;98;99;100;104;105;108;110;111;112;114;115;116;118;121;124;126;127;130;133;135;142;143;145;146;148;149;151;152;153;154;156;157;163;164;165;167;169;174;175;177;178;179;181;182;184;186;187;189;192;194;196;199;200;202;203;204;206;207;212;214;215;218;220;222;223;224;225;228;229;232;234;235;241;245;246;248;252;253;254;256;257;259;261;262;264;266;267;269;272;273;274;276;277;278;279;280;282;283;284;285;287;290;291;293;294;296;298;300;303;304;306;311;312;318;319;320;322;323;324;325;328;330;331;334;336;337;338;341;348;349;350;352;354;360;361;362;363;364;365;368;371;372;373;376;379;380;382;391;392;393;394;395;396;398;399;400;401;402;404;405;408;411;412;416;418;420;424;426;428;430;432;433;434;436;438;439;440;441;444;445;446;447;449;450;454;456;457;459;461;462;463;465;466;467;470;473;474;478;479;480;481;482;483;484;486;488;489;493;494;496;498;500;501;502;504;505;507;509;514;515;518;523;526;527;531;532;534;535;537;541;542;547;548;549;550;554;555;556;557;558;559;560;561;562;564;565;567;568;569;571;572;573;574;576;578;581;583;588;589;590;591;593;594;595;598;599;600;602;603;606;607;608;609;610;611;613;615;616;618;620;621;622;623;624;626;627;628;631;632;633;634;635;636;637;639;640;642;643;644;645;646;647;648;658;659;662;663;665;667;668;675;678;680;681;683;685;686;689;692;693;698;699;700;704;705;707;710;711;713;717;718;720;721;722;724;726;731;732;733;734;736;738;742;743;745;746;748;749;750;751;752;753;757;758;760;763;764;765;768;769;770;773;778;781;782;783;785;788;790;791;792;793;794;796;797;798;800;805;808;809;811;813;816;818;820;825;826;829;831;832;834;835;836;837;842;845;847;850;851;852;853;856;857;861;862;864;866;868;870;871;872;873;876;879;882;886;892;894;895;897;899;907;909;911;912;915;916;917;918;919;922;924;929;930;931;933;935;936;937;939;942;943;944;948;953;954;956;957;961;962;963;964;966;968;969;970;971;973;974;976;979;984;985;989;991;992;994;997
16;4;6;8;9;13;15;18;19;21;22;24;27;28;29;30;34;37;39;40;41;42;43;45;48;50;52;55;56;57;58;59;63;67;68;69;72;74;76;79;81;82;84;85;86;89;90;91;93;94;96;99;103;105;107;108;109;111;113;115;117;119;122;123;124;125;127;129;130;135;137;139;140;141;143;147;149;151;153;155;156;159;160;162;163;165;166;167;168;175;176;178;180;182;183;184;187;194;197;198;201;202;203;207;208;209;212;214;215;219;220;221;222;224;225;226;227;228;230;232;233;234;236;237;238;240;242;244;245;250;252;253;254;257;265;269;270;272;273;275;279;285;287;290;291;292;293;295;296;301;303;304;308;309;315;320;322;327;329;330;333;334;335;337;338;342;343;345;346;349;350;351;352;353;354;356;357;362;365;367;368;369;370;376;377;378;379;380;381;382;386;388;390;391;392;393;394;395;399;401;406;410;411;412;413;422;424;426;427;428;429;433;435;439;441;442;443;446;448;449;450;455;456;457;458;461;462;464;465;468;469;470;473;474;476;478;480;481;485;488;490;494;496;498;499;500;502;503;505;506;509;511;519;520;521;522;523;525;528;529;531;532;534;536;537;538;545;547;549;550;553;558;560;562;563;564;565;568;571;572;575;576;577;579;580;581;582;583;585;586;588;590;591;592;593;594;595;598;599;600;602;603;605;608;610;613;614;619;623;624;625;626;627;628;629;631;633;634;635;638;640;642;643;644;649;651;652;653;654;656;659;661;662;663;667;668;674;675;677;679;680;683;689;690;692;694;695;696;697;698;702;703;705;709;710;712;713;714;718;720;722;723;724;726;727;728;730;733;734;735;738;740;742;744;745;750;751;754;756;757;759;761;762;764;765;766;768;770;771;774;776;778;779;780;784;786;787;789;794;799;801;802;805;806;807;809;813;819;820;821;822;823;825;826;828;829;830;831;837;839;840;842;844;845;848;849;850;851;855;856;857;859;860;862;864;865;869;872;886;887;888;889;890;891;892;894;895;897;902;903;904;906;907;909;910;911;912;914;915;916;918;919;920;922;924;925;926;927;929;930;931;933;936;937;939;940;941;942;943;947;948;949;955;958;959;960;961;962;963;964;965;966;971;973;975;978;981;982;983;985;986;987;988;990;991;993;994;997;998
17;1;9;10;13;18;21;22;26;28;31;33;34;35;36;37;38;39;40;44;46;47;48;50;52;53;57;59;61;64;66;67;68;69;72;77;79;80;88;92;93;94;96;99;103;104;105;106;108;111;113;115;118;120;121;122;123;124;125;126;127;128;130;131;132;133;135;136;139;140;142;144;145;146;148;149;151;158;161;162;167;169;170;175;176;180;182;183;185;186;187;188;192;194;195;196;197;198;201;209;210;212;214;215;217;219;220;221;222;223;224;226;227;229;230;232;235;239;240;241;243;245;247;251;252;254;255;259;261;263;268;272;275;276;278;279;280;282;285;288;290;292;295;298;299;301;305;308;309;311;312;313;316;318;325;329;330;332;334;338;340;343;345;346;347;348;350;351;352;353;354;356;360;364;365;366;370;371;373;378;380;383;384;388;392;397;399;402;404;407;408;410;413;414;417;418;420;421;422;424;425;426;427;430;431;433;434;437;439;440;442;443;444;445;447;450;452;453;455;456;457;459;460;464;465;466;468;470;471;475;476;477;483;485;486;487;488;491;493;496;503;504;505;511;512;513;517;521;523;530;531;532;534;536;539;540;541;543;547;552;553;554;557;559;569;570;571;574;581;584;585;588;590;592;594;596;597;603;604;605;608;609;611;612;613;615;616;619;621;623;626;628;629;630;635;638;641;643;644;646;647;648;650;655;656;658;661;665;668;669;670;671;672;673;677;678;679;683;685;687;689;691;697;698;699;702;706;709;710;714;716;718;719;721;722;723;726;727;728;729;731;733;734;735;736;738;740;742;746;748;751;753;755;756;758;759;762;764;765;766;769;770;773;774;776;777;779;780;781;782;784;786;787;789;792;793;794;795;796;797;801;802;803;804;805;807;808;809;811;812;814;821;824;825;827;831;833;834;835;836;837;838;842;843;846;849;850;852;853;855;856;857;859;860;861;863;865;867;869;870;871;873;874;875;876;877;880;883;884;885;886;889;891;892;897;900;901;903;904;905;907;908;909;912;914;916;917;919;920;921;923;925;926;927;929;930;933;936;937;938;941;943;946;947;948;949;950;954;955;956;957;958;959;960;963;964;965;966;968;970;971;972;973;980;982;983;984;985;986;987;988;990;992;993;997;998
18;1;2;3;4;5;6;8;9;10;11;12;15;16;17;19;20;21;23;26;27;28;30;31;35;37;38;40;41;42;43;48;50;52;55;57;58;60;61;63;67;71;72;73;74;77;83;85;86;89;90;92;93;94;95;96;97;100;106;107;111;113;116;117;119;122;124;126;130;134;136;137;140;141;142;143;148;151;154;155;157;158;161;166;171;174;175;177;179;181;182;185;186;188;189;192;195;199;201;204;208;210;212;213;215;219;221;222;225;226;229;230;231;232;236;239;240;242;244;248;249;253;254;255;256;257;263;265;266;267;270;271;273;275;276;279;281;282;285;286;289;293;296;299;300;301;302;305;307;308;310;311;318;321;325;327;333;335;336;337;338;340;344;346;347;349;352;353;354;355;356;357;358;359;360;366;369;373;374;378;379;383;384;386;389;391;392;394;396;397;398;400;402;407;408;410;411;412;417;419;420;422;424;428;429;430;433;435;436;438;439;441;442;444;445;450;451;452;454;455;458;461;462;463;464;466;468;472;478;480;481;485;486;487;490;497;498;500;501;502;505;506;507;512;513;518;521;523;524;525;526;527;529;532;533;534;535;536;539;540;541;543;545;548;551;552;554;555;556;559;560;563;565;566;572;578;579;581;582;583;585;586;588;590;592;594;596;597;598;605;608;609;612;613;617;618;619;624;626;634;635;638;639;640;643;644;645;646;647;648;650;653;654;656;657;662;663;664;666;669;676;677;678;681;682;683;685;686;687;691;694;696;697;698;701;702;703;706;707;709;710;712;717;718;719;723;724;732;734;736;738;742;745;746;747;748;751;755;757;758;759;760;761;763;765;766;767;768;769;770;772;773;774;775;778;779;780;782;783;787;788;791;793;796;798;799;800;801;803;804;807;809;810;811;813;814;815;817;820;821;823;829;830;833;836;844;845;846;849;851;852;855;856;857;859;860;862;863;864;865;868;870;872;876;877;880;881;883;886;887;888;891;893;897;899;900;901;902;903;904;907;909;911;913;914;915;919;920;921;922;926;927;928;932;933;934;935;936;940;941;942;945;947;948;949;950;951;953;954;959;960;963;967;968;969;972;973;974;977;979;980;981;983;984;986;987;988;990;992;994;996;997;998;999
19;1;2;4;5;6;9;10;14;16;18;20;22;23;24;25;26;28;29;30;33;34;35;36;37;38;39;41;42;43;45;46;47;54;55;58;59;61;63;64;66;67;69;70;71;72;73;74;76;77;80;83;85;88;92;94;96;97;99;100;102;103;106;107;111;112;113;114;115;116;118;120;122;127;128;132;135;136;137;139;140;143;148;149;150;151;155;157;158;160;161;164;166;168;171;175;176;178;180;181;182;183;186;190;191;192;193;194;197;198;199;203;205;206;207;209;211;212;214;217;219;221;223;226;227;228;230;232;233;234;235;236;237;239;240;242;243;244;245;248;249;250;253;254;257;258;260;261;264;266;268;269;270;271;277;278;282;284;286;288;289;290;294;296;298;299;300;302;303;304;305;307;308;310;311;313;316;318;320;321;323;329;330;331;332;333;334;335;338;339;343;349;350;351;353;355;356;357;363;364;365;366;367;368;369;375;376;377;378;380;382;384;385;386;387;388;390;391;392;393;394;395;398;399;400;402;404;406;407;410;411;414;418;419;421;422;424;426;427;428;430;431;434;436;440;450;453;454;456;457;458;460;461;462;466;467;468;469;471;475;477;479;480;481;482;483;484;485;486;489;492;493;495;496;497;498;504;508;509;513;514;515;516;517;519;520;524;525;530;533;536;538;539;540;541;542;543;544;546;548;549;555;557;560;561;562;564;565;567;569;572;573;575;578;579;580;581;583;585;586;587;588;589;590;593;594;596;597;598;600;601;602;603;605;607;609;610;611;612;616;617;618;620;622;625;626;627;629;633;635;636;637;641;642;643;644;646;648;649;655;656;658;660;661;663;666;668;670;672;674;675;677;682;684;685;688;689;692;693;694;698;701;705;707;710;711;712;715;717;718;719;720;725;729;731;732;733;734;737;743;744;745;748;749;750;755;756;757;758;760;761;764;765;767;768;769;770;773;774;775;777;778;779;781;782;788;789;791;792;794;798;799;800;801;803;804;805;806;812;815;817;818;820;821;822;823;824;825;829;831;832;833;834;840;843;844;845;847;850;852;855;858;860;862;863;864;866;867;872;873;875;877;878;883;884;885;886;887;888;889;890;891;893;894;895;897;898;899;900;910;911;915;916;918;921;922;923;924;925;926;927;928;931;932;933;938;941;942;943;944;945;946;949;950;953;954;956;957;958;959;967;968;969;970;971;974;978;981;983;984;985;986;987;990;993;994;995;996;997;999;1000
20;2;3;5;6;8;9;10;11;12;13;15;18;19;26;33;34;35;36;39;40;46;49;51;54;57;59;62;63;64;66;70;73;74;75;77;78;81;82;83;84;85;86;89;91;92;94;97;98;102;110;111;112;113;118;119;120;121;124;127;128;130;132;133;139;142;144;146;148;149;151;154;155;157;158;159;160;161;164;168;172;173;175;176;180;181;182;184;186;187;188;189;191;198;202;203;204;206;209;210;211;212;214;215;218;219;221;222;223;226;229;230;234;235;236;237;239;240;242;247;250;251;254;255;261;262;263;264;265;267;269;270;271;276;287;292;293;294;296;301;302;303;309;310;313;314;316;319;320;321;322;323;325;327;328;331;332;333;334;336;340;343;344;345;346;347;353;357;358;360;361;362;363;370;371;375;377;378;385;386;389;390;393;394;395;396;398;399;400;401;402;403;404;405;407;411;413;417;419;424;426;429;431;432;433;434;435;436;437;438;441;443;445;446;447;448;451;452;453;454;456;461;462;463;464;468;470;472;473;476;478;481;483;485;488;489;492;494;496;498;499;501;502;505;507;510;512;513;514;515;517;519;520;521;522;523;526;528;530;532;536;537;538;539;540;541;542;543;545;546;549;550;551;552;554;556;558;559;563;564;569;570;573;574;578;579;580;581;583;584;588;589;590;592;594;595;596;597;599;603;605;606;608;609;613;614;615;617;618;621;624;626;627;628;630;632;633;635;636;639;640;643;645;647;648;649;651;652;658;660;662;665;666;668;669;671;673;674;675;676;677;681;684;688;691;692;693;695;699;700;701;702;703;705;706;707;708;710;711;712;713;715;718;720;721;725;726;728;729;731;732;733;734;735;736;737;738;739;741;744;745;747;749;750;751;752;753;755;758;759;760;763;764;766;767;769;772;773;774;775;779;782;783;785;786;788;792;793;794;797;798;800;801;804;805;808;811;813;814;815;816;817;818;819;820;821;822;824;827;828;829;830;833;836;838;839;840;841;842;844;848;849;850;852;857;859;860;861;862;863;866;867;869;871;873;874;875;876;877;883;884;886;888;889;890;893;896;897;899;900;901;908;909;910;911;913;914;918;919;920;924;926;927;928;930;935;936;937;939;940;944;946;948;950;952;953;955;956;957;958;960;961;962;965;967;970;971;978;979;981;985;986;987;988;990;991;993;994;999;1000
21;1;2;5;10;11;12;13;14;15;16;17;18;24;25;26;29;33;35;37;43;46;50;51;64;65;67;69;70;71;72;73;74;78;79;83;84;85;86;90;92;96;98;99;102;104;105;107;108;112;114;117;118;119;120;121;123;124;125;126;128;129;130;132;135;136;137;138;139;140;142;145;148;149;151;152;154;157;159;160;167;168;171;172;174;177;179;180;181;186;189;193;194;201;205;206;208;211;214;215;218;224;226;230;231;232;233;234;235;236;238;242;243;244;245;246;247;248;251;253;257;258;259;261;271;272;274;275;277;278;281;282;284;285;287;289;293;296;297;298;302;303;309;310;314;315;317;320;326;330;335;338;339;341;344;348;349;350;353;355;357;362;367;368;369;370;371;373;374;376;377;379;381;382;385;388;391;398;401;402;405;407;409;411;412;413;414;415;416;417;421;424;425;427;428;430;432;433;440;441;442;444;446;448;456;458;459;460;461;463;465;466;467;468;469;472;474;475;476;477;478;481;482;487;491;493;497;500;502;503;504;508;512;513;514;515;516;520;522;525;528;531;532;533;537;541;544;548;550;551;554;555;558;559;560;561;562;565;566;568;570;571;573;574;576;579;588;589;590;593;595;599;600;601;602;603;604;606;608;609;612;614;616;617;618;619;621;622;623;624;625;628;630;635;636;637;638;639;640;643;644;648;649;650;653;655;657;658;660;662;665;666;667;668;670;672;673;674;680;681;682;683;697;698;701;702;705;706;707;708;710;712;715;716;718;721;724;726;727;729;733;736;739;740;741;742;743;746;748;749;750;752;753;756;759;760;761;762;764;767;769;770;772;773;774;776;778;780;781;785;786;787;788;791;792;793;795;796;797;798;799;800;805;807;810;811;820;823;824;829;831;832;835;836;837;840;841;842;843;847;848;850;851;853;858;861;862;864;865;866;868;869;874;879;882;884;885;892;895;898;899;902;903;907;908;909;910;914;917;918;919;920;924;925;926;927;928;930;934;935;937;938;939;940;943;944;946;948;955;956;957;958;959;960;966;967;968;971;973;977;978;979;980;983;985;987;989;991;992;993;994;997;1000
22;2;4;9;13;15;16;17;19;26;29;30;33;35;37;38;40;45;46;47;50;51;55;57;59;60;62;66;70;73;74;76;77;79;83;85;88;89;93;95;98;100;102;103;104;105;106;107;108;109;110;111;112;113;116;119;122;125;128;129;130;131;132;134;136;138;139;141;142;146;147;151;152;156;158;161;163;164;165;166;167;170;171;172;173;174;175;176;178;179;183;185;188;189;191;192;194;195;198;199;201;216;218;219;220;226;227;228;231;233;234;236;237;238;240;241;245;247;248;250;251;252;254;261;262;266;268;270;272;273;274;275;276;277;279;280;281;284;286;287;288;290;291;292;295;296;297;299;301;303;306;307;308;311;312;314;316;317;325;327;328;330;332;333;334;335;336;338;339;343;344;346;350;355;356;361;364;371;375;377;381;385;389;402;406;409;410;412;414;415;418;420;421;423;424;427;429;430;431;432;433;435;436;437;438;440;441;444;446;448;451;452;454;455;457;458;459;461;467;469;473;474;476;478;480;481;483;484;485;487;490;493;494;495;497;498;500;501;502;503;505;507;508;509;510;512;513;519;520;521;523;524;525;526;527;528;529;533;534;535;536;538;540;543;544;547;549;550;551;553;555;557;559;562;566;570;572;573;574;575;577;579;580;582;583;586;587;588;589;591;592;594;596;603;604;605;608;609;610;612;616;617;619;623;624;625;626;628;631;638;641;644;645;647;648;649;651;653;655;657;658;660;663;664;665;668;669;671;672;676;677;680;682;684;685;687;691;694;695;696;698;700;701;702;703;704;705;708;710;713;714;715;717;718;721;723;726;731;732;733;734;739;741;743;745;746;754;759;760;761;762;764;771;772;774;777;778;779;781;782;783;785;788;789;794;797;799;801;802;805;809;810;811;812;813;815;819;821;822;825;827;829;834;836;838;841;845;846;847;848;851;853;854;855;856;858;861;862;864;865;867;871;873;876;880;882;886;889;893;895;896;897;900;901;908;909;911;915;917;918;919;922;923;925;927;928;930;931;933;934;935;937;941;942;943;944;945;948;950;951;954;955;956;957;959;962;964;968;969;975;976;984;987;988;989;993;995;996;999
23;1;3;6;7;8;9;11;12;14;18;19;24;30;31;36;37;39;40;41;42;45;46;48;49;52;54;55;56;60;62;64;65;66;68;70;73;75;76;78;79;80;81;83;87;88;90;94;99;100;102;105;106;108;114;115;116;117;123;125;126;128;130;131;132;133;135;136;139;143;145;148;151;152;153;157;158;160;165;168;169;171;172;173;174;175;176;179;180;181;182;183;184;186;187;188;189;190;193;194;197;198;201;203;207;211;213;214;215;217;220;221;223;225;228;230;231;232;233;234;235;236;239;241;242;243;244;245;250;252;253;254;255;256;258;259;261;263;266;270;271;275;277;278;280;282;283;284;286;288;290;291;292;293;294;296;303;304;305;307;309;310;311;314;320;321;322;324;327;329;330;331;333;336;338;342;343;345;347;348;349;352;353;354;355;357;364;365;366;368;372;374;377;380;384;391;392;396;397;398;399;402;403;405;406;407;408;411;412;413;414;416;418;424;425;426;430;432;433;435;437;440;444;448;450;451;453;459;460;465;468;470;471;473;476;478;479;483;484;485;486;488;489;490;491;492;497;501;506;507;508;510;511;513;514;515;518;525;526;531;533;534;539;540;541;543;548;549;551;552;553;555;556;559;560;565;567;568;570;573;574;575;578;581;582;583;584;586;592;593;595;597;599;602;603;604;605;608;611;612;614;618;619;621;622;623;625;627;630;632;635;636;639;642;643;645;646;647;648;649;651;652;654;655;656;657;658;659;660;662;664;665;668;670;671;672;673;675;677;678;679;681;682;683;684;685;686;688;689;690;691;693;694;696;697;698;700;701;703;704;708;710;712;715;717;718;720;722;724;726;727;728;730;731;732;733;734;737;739;740;741;746;747;748;749;750;751;752;753;754;755;756;759;765;766;767;769;770;772;773;777;779;781;782;784;785;787;791;794;798;800;801;806;807;808;809;812;817;818;819;821;822;823;824;825;827;828;829;830;831;835;836;837;839;840;842;843;844;846;848;851;854;856;858;861;864;869;870;871;872;875;880;882;883;884;886;887;890;891;892;893;895;896;899;901;902;903;904;906;909;913;914;917;919;922;924;926;928;929;930;932;934;938;942;943;946;947;948;953;956;961;963;968;969;971;972;973;974;975;976;977;978;981;983;984;985;987;989;990;992;996;999
24;1;2;4;6;8;9;14;15;16;19;21;23;25;26;27;28;31;33;34;36;37;38;40;42;43;44;46;48;50;51;54;55;56;58;63;65;66;67;68;71;72;73;74;78;79;80;81;85;86;87;91;92;93;96;98;100;101;105;108;109;111;115;117;123;124;128;129;130;131;144;146;147;148;149;150;151;154;155;158;159;162;166;168;171;172;173;177;179;182;183;184;191;192;193;195;197;198;203;210;211;212;213;215;216;219;221;223;224;225;226;230;231;232;235;236;237;238;239;241;242;244;247;249;250;251;252;253;254;255;259;260;262;265;267;268;269;270;272;274;275;276;278;279;283;284;286;287;288;289;290;294;295;296;297;298;303;304;305;307;308;310;311;313;318;322;325;326;327;328;329;333;337;338;339;340;343;346;348;349;350;351;352;354;356;357;358;366;368;369;371;373;375;376;377;379;381;382;383;384;387;389;392;394;395;396;399;402;406;408;412;413;415;418;422;423;424;428;429;430;432;435;439;440;442;448;449;450;454;456;458;459;460;461;465;467;471;473;474;475;476;477;478;488;489;491;492;493;494;495;496;497;498;501;502;503;511;517;519;527;528;529;531;532;535;536;539;540;547;549;550;551;553;556;557;562;563;564;567;568;569;570;571;572;574;577;579;581;583;584;585;586;588;589;590;591;596;597;600;601;602;606;608;609;610;614;616;617;618;620;628;630;631;632;633;636;637;638;641;643;644;645;646;647;649;650;652;653;654;657;658;661;662;665;666;667;668;670;671;672;674;675;676;681;686;687;688;691;692;694;697;698;699;702;703;704;707;708;710;711;712;713;714;715;716;717;718;719;722;723;731;736;737;740;741;744;745;747;750;753;754;755;757;759;762;763;764;766;768;773;775;776;777;779;783;785;786;789;792;794;798;799;801;806;807;808;811;812;813;816;818;820;822;823;824;826;827;829;830;831;832;833;836;837;838;840;848;849;850;852;853;854;855;858;860;861;863;864;867;870;873;875;876;877;878;879;882;883;891;893;900;905;907;908;909;910;911;912;914;916;917;923;924;926;927;929;931;934;935;936;937;939;940;941;943;946;947;948;949;953;955;957;959;961;962;965;966;968;969;971;973;977;978;979;981;982;983;984;985;986;987;989;990;992;998;999
25;1;5;10;12;13;14;15;19;21;24;28;29;31;34;35;36;37;39;42;43;44;47;48;50;54;57;59;61;62;63;64;67;69;72;73;75;76;78;79;81;82;83;84;85;86;94;95;96;97;98;99;100;102;110;111;113;118;123;124;125;127;128;130;133;135;137;139;140;141;143;144;145;146;148;150;151;154;156;158;159;165;167;171;175;176;177;179;183;184;185;192;193;198;199;202;203;204;206;207;208;209;210;211;214;215;216;217;218;221;222;224;226;228;230;232;233;234;241;242;245;246;247;248;250;251;252;253;255;256;258;263;266;267;268;271;273;276;277;278;280;281;282;286;292;293;294;301;302;303;304;305;306;308;311;316;317;318;320;321;322;328;329;330;331;332;334;337;340;342;343;344;345;346;349;351;352;357;359;363;364;366;369;370;371;372;373;374;375;376;378;379;380;381;382;383;385;386;392;393;395;396;398;399;403;406;407;411;414;416;417;421;422;425;426;427;431;435;436;437;441;442;444;445;447;450;452;454;455;458;459;460;461;462;465;466;470;471;472;473;475;478;479;481;482;483;486;489;490;491;492;493;497;498;500;502;505;507;511;513;514;517;518;519;520;521;522;523;526;527;528;530;531;534;535;536;543;544;545;549;551;556;557;560;561;562;567;568;569;570;572;573;574;575;576;577;578;579;581;584;587;590;591;592;593;595;596;598;600;601;602;604;605;608;609;611;612;613;614;616;618;619;620;623;624;625;626;628;631;635;636;640;641;642;644;646;650;652;654;655;657;658;661;665;666;667;668;669;670;672;673;674;678;679;681;685;686;687;688;692;693;695;696;697;699;703;704;706;711;713;716;717;719;720;721;723;725;726;729;730;732;733;735;738;739;740;741;742;743;744;746;747;748;750;753;756;762;763;764;765;766;767;772;773;775;780;783;785;786;789;792;799;800;801;804;807;809;815;817;821;822;823;824;833;835;841;842;843;845;848;849;851;854;855;857;859;861;862;864;865;866;867;870;871;873;874;878;881;884;890;894;898;899;902;903;904;908;909;910;912;913;915;916;919;921;922;923;924;925;926;927;929;931;932;934;938;939;942;943;944;945;946;947;949;951;954;955;956;958;959;961;962;963;964;967;969;973;977;978;979;980;981;984;986;987;989;990;991;993;994;996;997;999;1000
26;2;5;7;11;15;17;18;19;20;21;22;24;27;28;29;32;33;43;44;49;51;53;54;58;59;60;62;63;64;65;66;67;70;71;75;78;79;80;82;87;90;91;92;93;99;102;103;106;107;110;112;113;116;119;121;122;123;124;126;127;128;129;130;135;137;138;139;141;145;146;148;149;151;153;160;162;165;166;167;168;169;171;173;174;176;177;179;180;181;183;186;187;188;190;198;200;202;204;206;209;210;211;214;218;219;222;225;227;230;235;239;241;244;245;247;250;252;253;254;264;265;266;270;271;272;275;278;280;281;283;285;286;287;291;292;293;294;295;297;300;301;304;305;306;307;310;314;316;318;320;321;322;326;329;330;331;332;333;334;335;336;338;340;341;342;344;345;347;349;350;351;352;355;357;359;362;363;365;372;375;376;377;379;380;384;385;386;389;390;394;396;398;402;404;405;408;409;410;412;414;415;416;417;419;420;422;424;426;427;428;429;430;434;435;437;441;442;444;445;449;450;452;455;461;462;467;471;472;474;476;480;486;487;488;490;492;493;495;496;498;500;501;502;503;504;505;508;511;513;515;516;517;519;520;521;524;525;527;530;531;533;534;536;539;540;541;542;543;546;547;548;549;552;554;555;556;557;558;561;563;567;569;570;575;576;577;578;580;581;582;588;589;590;593;594;596;598;601;606;607;609;610;613;614;615;617;619;622;626;627;630;632;635;636;641;642;643;644;645;647;648;651;652;654;655;656;658;660;661;662;663;667;668;669;672;676;679;680;686;687;688;691;693;694;696;698;705;706;707;708;710;714;715;716;718;719;720;722;724;726;727;728;729;730;731;733;734;735;736;738;746;748;749;752;755;757;762;763;765;766;768;772;774;775;776;778;783;787;788;791;792;793;794;795;796;797;798;800;802;803;804;805;807;808;812;815;816;817;822;823;824;827;829;830;832;833;835;836;837;839;840;844;846;847;848;850;852;853;857;858;859;860;861;862;863;864;865;870;872;873;876;877;879;880;883;885;889;890;891;892;896;897;899;901;902;903;905;906;909;912;914;916;919;920;923;924;925;927;928;929;935;938;942;947;948;950;951;952;955;956;958;961;963;964;968;969;970;972;973;974;975;976;978;980;981;983;984;985;990;991;997;999;1000
27;1;3;4;5;7;10;13;16;18;24;26;28;31;32;34;35;38;40;41;42;43;44;46;50;51;53;55;57;58;60;62;63;64;69;72;73;74;76;78;81;82;85;86;88;89;90;91;94;97;99;100;101;104;106;112;113;114;120;121;126;128;129;130;131;132;133;134;135;136;137;139;140;141;145;146;147;149;154;155;157;158;159;163;165;166;167;169;170;172;173;175;176;177;181;182;184;186;187;188;189;191;192;194;198;199;200;202;204;206;208;209;210;213;214;217;221;222;225;228;229;230;231;234;235;236;238;239;243;247;249;254;255;258;259;262;265;266;267;268;269;274;275;276;277;278;280;282;284;286;289;290;293;294;295;296;297;300;302;303;304;305;306;309;311;312;314;315;316;317;318;322;323;324;325;327;328;330;338;339;343;345;349;350;351;352;354;356;357;358;359;360;363;364;365;366;369;370;373;374;375;376;377;379;381;382;385;386;388;390;391;392;393;397;398;399;400;402;403;406;408;410;411;412;413;415;417;419;421;422;426;428;431;432;433;442;445;448;450;452;453;454;455;456;461;463;466;467;469;471;472;476;477;479;483;484;485;486;489;491;492;493;498;499;500;501;502;504;506;508;509;510;513;516;517;520;521;522;524;525;526;529;531;532;533;534;536;537;539;541;542;543;544;546;548;550;554;557;559;560;561;562;563;564;571;573;575;576;579;581;582;583;584;586;587;589;591;593;594;596;603;605;606;607;609;613;615;618;620;621;622;624;627;633;634;635;638;640;642;647;652;654;656;657;660;662;665;667;668;669;672;673;674;675;676;677;679;680;683;688;690;692;693;694;695;699;700;702;704;705;707;708;709;710;713;717;718;720;721;723;725;728;729;732;736;741;747;750;751;752;754;755;756;757;760;761;762;765;772;773;774;775;778;780;781;782;786;787;790;791;793;795;797;799;804;805;806;809;810;811;812;815;816;817;819;820;821;823;825;827;829;833;838;839;841;842;845;847;849;850;851;852;853;855;856;858;860;861;863;864;867;868;869;871;873;874;876;877;878;879;880;881;882;884;885;886;888;890;891;895;896;897;900;901;903;907;908;910;911;913;923;925;934;936;938;939;942;944;945;948;949;950;951;952;954;955;958;961;964;965;969;971;972;973;975;976;977;979;981;983;985;994;996;999
28;1;2;4;5;6;7;10;11;12;13;15;16;17;18;19;24;25;26;27;31;32;34;35;36;38;40;41;45;47;48;49;50;54;55;56;57;58;60;61;62;64;65;66;68;69;70;72;73;74;76;77;82;84;86;91;92;93;94;95;99;102;103;110;111;112;113;118;119;120;121;122;124;127;128;129;130;132;134;136;141;142;143;145;150;151;155;159;162;164;165;167;171;174;176;177;181;182;185;186;188;189;190;191;193;194;196;197;200;205;208;210;211;216;217;218;219;220;226;227;228;231;232;236;237;238;239;244;246;247;248;250;254;259;260;262;266;269;270;272;274;275;281;282;285;286;287;288;290;292;293;294;295;297;299;300;307;310;315;319;324;325;327;329;332;335;338;339;340;342;345;346;348;349;351;353;355;357;359;364;367;368;373;377;380;382;388;390;391;394;395;396;397;398;399;400;405;408;414;418;421;422;423;426;428;429;430;431;432;434;439;440;442;444;445;446;448;449;450;453;454;455;457;459;460;461;462;463;464;467;468;469;470;473;475;477;479;480;481;482;483;484;485;486;492;494;495;496;497;499;501;504;505;507;509;512;513;514;516;517;520;521;522;523;524;528;529;530;531;535;540;541;542;544;546;548;549;550;551;552;553;554;555;556;557;560;561;564;572;573;574;575;578;579;582;584;585;589;590;591;592;593;595;596;599;601;603;604;605;607;608;609;610;611;612;613;616;617;620;622;623;625;627;629;631;632;634;637;638;639;644;645;646;648;653;655;657;658;659;660;661;664;665;666;668;669;672;674;675;676;677;679;681;683;686;687;688;689;690;691;699;702;705;707;710;713;718;722;723;725;727;728;729;730;734;735;738;739;742;744;745;748;749;750;752;753;754;756;757;758;759;760;762;763;767;768;771;772;773;775;776;781;784;788;792;794;795;797;798;801;802;803;811;812;813;814;815;817;818;820;821;822;826;828;830;832;833;834;839;843;845;847;848;849;854;856;857;859;860;861;862;866;874;875;876;877;885;891;894;896;897;898;903;904;907;909;910;912;917;921;923;925;926;927;928;929;930;932;933;936;938;941;943;945;947;949;953;955;956;958;959;963;971;974;982;983;984;985;987;988;989;990;991;993;994;995;999
29;7;8;10;11;12;16;19;21;22;25;26;30;31;36;37;40;44;45;47;48;49;50;52;54;58;59;62;64;65;66;70;72;73;76;77;81;83;84;90;92;95;96;97;98;100;101;103;104;107;108;110;112;113;117;119;120;121;122;123;124;126;128;129;131;132;134;136;137;138;139;143;145;148;151;153;154;156;158;161;164;165;167;172;173;174;175;177;180;183;186;188;189;191;194;195;196;198;199;200;204;205;206;208;210;211;212;213;216;217;219;220;225;227;228;232;233;236;238;240;242;245;247;248;255;257;258;259;260;261;262;266;268;270;273;276;280;286;289;291;292;293;294;295;300;301;303;305;311;313;314;315;316;318;321;323;328;329;330;335;336;337;339;340;341;343;344;345;347;348;349;351;355;356;359;360;361;365;366;368;371;373;374;376;377;380;383;385;391;393;401;403;404;405;406;408;410;413;414;416;418;421;422;423;424;425;427;432;436;441;444;446;450;451;452;453;457;460;461;462;467;470;473;474;476;478;479;480;481;482;484;486;488;494;497;498;499;500;505;506;508;509;515;516;517;519;523;524;526;527;528;529;535;538;543;544;545;546;548;549;550;552;554;555;557;559;564;566;568;570;571;572;573;578;579;580;584;587;588;592;593;597;600;601;602;603;606;608;610;611;612;614;615;617;618;620;622;625;627;631;632;633;635;636;639;641;643;644;645;647;649;650;651;652;653;655;658;660;661;662;663;664;666;667;669;670;671;672;676;677;678;679;681;682;686;688;689;691;697;699;700;701;702;704;707;708;710;711;715;720;721;725;727;731;732;735;741;745;749;750;751;752;759;760;763;765;767;776;778;785;787;789;790;792;794;795;798;799;802;804;807;808;810;811;813;815;817;818;819;820;821;822;823;825;828;829;830;832;835;838;839;840;842;843;844;845;846;847;848;849;850;853;855;857;859;860;861;862;863;865;872;873;876;879;882;884;888;891;894;896;897;898;901;902;904;905;906;911;912;913;917;919;922;923;924;926;928;929;930;931;932;933;935;936;940;944;945;946;947;949;951;955;956;960;961;962;964;965;966;968;970;972;973;974;979;982;985;987;988;989;990;991;992;994;995;996;1000
30;2;3;4;5;10;11;13;14;16;18;19;22;23;29;33;35;36;37;39;41;46;48;52;54;55;57;59;60;63;65;66;67;68;69;74;75;76;82;83;84;85;86;88;92;99;101;102;103;104;108;110;111;112;113;114;115;123;124;127;128;130;131;136;137;139;140;143;144;145;147;148;150;153;155;157;159;162;163;166;167;171;174;175;176;177;180;182;183;184;185;186;189;190;193;194;201;203;206;207;208;210;215;216;218;219;220;221;222;227;229;230;231;234;237;238;239;240;242;243;248;256;257;259;261;262;263;264;265;266;267;268;269;270;271;274;276;279;280;281;282;283;284;289;290;291;292;294;295;297;298;300;303;304;305;308;311;316;317;318;319;321;322;328;334;337;338;339;340;341;343;344;345;348;349;353;355;358;361;362;363;364;365;368;369;370;371;373;375;377;379;380;381;385;390;392;393;396;397;402;403;406;407;408;410;412;414;418;419;421;422;424;428;430;432;433;434;435;437;444;445;448;449;452;458;459;460;467;469;470;472;474;476;478;480;482;483;484;485;491;492;493;495;497;500;505;506;508;510;511;512;514;515;516;518;519;521;522;523;525;526;528;529;532;534;537;539;540;541;544;546;547;548;550;551;553;554;555;556;560;562;564;567;568;569;570;571;573;574;575;578;580;589;594;595;596;598;600;602;603;604;605;606;607;608;609;610;611;612;615;616;618;624;625;626;627;632;635;636;637;640;641;644;646;647;648;651;654;657;659;661;662;663;667;668;669;670;671;673;674;677;679;681;683;684;690;691;692;694;695;698;702;705;706;708;711;713;715;716;719;720;722;724;728;731;735;739;740;741;742;743;744;745;746;747;748;749;751;752;753;756;757;762;764;765;766;767;768;774;779;780;782;787;789;792;793;798;800;803;805;806;807;808;811;812;813;814;818;819;821;823;826;827;828;829;830;831;832;833;837;838;841;842;845;847;851;852;853;855;856;862;863;864;865;866;867;869;872;876;878;879;881;882;884;887;889;893;895;896;899;900;901;902;903;904;908;910;912;913;914;915;918;920;921;924;926;927;929;934;935;946;949;950;951;952;953;956;958;960;961;962;963;964;967;970;972;973;977;978;980;981;986;987;990;992;993;997;998;1000
31;1;2;3;4;5;6;8;9;11;12;13;15;17;18;23;24;25;27;28;29;34;38;41;45;46;49;50;55;57;58;62;64;65;66;67;68;71;74;75;77;78;79;80;82;83;84;85;87;91;92;94;96;98;99;101;103;106;111;112;114;115;116;117;118;121;122;123;124;127;130;131;132;134;135;137;139;141;145;146;148;151;153;154;157;158;161;162;163;165;168;169;172;174;176;179;180;181;182;188;189;190;191;193;195;196;198;200;201;203;204;205;207;208;210;211;212;214;215;216;220;224;225;228;229;230;233;234;235;236;237;240;242;245;248;249;250;253;256;260;261;262;263;266;267;268;269;271;272;277;280;281;284;286;287;288;289;290;291;293;294;295;296;301;304;305;306;307;308;310;311;312;313;314;316;317;318;320;321;322;323;325;329;333;336;342;344;346;347;348;352;354;356;357;358;359;360;362;364;366;367;368;369;370;372;375;378;383;384;385;386;390;391;392;393;395;396;400;402;404;405;406;407;408;409;411;412;414;415;416;417;420;422;423;424;427;428;432;433;436;439;440;441;442;443;444;446;447;449;452;454;457;458;463;464;466;468;469;470;471;472;477;479;481;483;484;485;486;488;489;490;492;493;494;495;496;503;505;506;510;511;512;513;518;520;521;523;524;527;532;533;534;538;539;540;542;543;545;546;548;549;550;551;552;553;554;555;558;560;561;562;564;565;566;568;570;571;572;575;576;577;580;582;583;584;585;586;587;591;594;595;596;597;600;604;605;606;607;608;609;613;614;615;618;619;621;624;628;629;631;633;634;636;637;639;641;643;644;646;647;650;652;653;655;656;657;659;660;665;666;673;675;676;677;678;679;681;683;684;687;692;693;694;698;700;702;703;705;706;708;709;713;715;716;718;719;721;722;723;724;729;730;731;732;734;735;739;740;744;746;748;749;750;753;754;758;759;762;765;768;771;773;777;779;782;783;786;788;789;791;792;794;796;797;800;801;807;808;809;813;814;815;816;817;818;820;824;825;826;829;834;835;839;841;842;844;845;848;850;852;853;855;856;857;858;860;863;864;865;866;867;868;869;870;871;872;873;874;875;876;878;879;880;886;888;890;891;895;897;898;899;902;904;907;908;909;910;912;914;915;916;918;921;922;925;927;931;932;934;936;941;942;943;948;949;951;952;957;959;961;962;964;965;966;967;970;973;974;976;977;978;981;983;985;992;994;995;998
32;1;3;6;8;11;13;14;26;27;28;33;34;35;37;40;41;42;43;45;48;49;53;54;55;56;58;59;63;64;67;68;73;74;75;77;78;83;85;92;93;95;97;98;100;104;107;108;109;111;113;114;115;116;123;125;127;128;133;135;136;138;142;146;147;152;153;159;160;163;164;166;167;168;169;174;176;177;182;183;184;187;190;191;192;194;201;205;206;207;209;212;213;216;219;220;221;222;223;225;226;228;231;232;233;235;238;239;240;241;243;245;247;248;253;255;256;257;258;259;260;263;264;266;269;271;274;276;278;279;281;282;283;287;293;294;298;299;300;301;303;305;309;310;311;312;313;314;315;316;317;320;323;325;326;327;328;332;334;335;336;337;340;344;345;347;348;349;350;351;352;353;354;355;356;358;359;366;367;368;369;377;378;380;381;382;385;386;387;390;392;395;396;397;401;402;403;407;409;412;413;415;417;419;421;422;424;425;426;428;430;431;436;438;439;440;441;444;446;447;449;452;454;455;456;458;459;461;462;465;468;469;470;477;478;480;482;483;485;487;490;491;492;495;498;500;502;505;506;507;508;510;512;516;520;521;522;523;524;526;527;532;537;540;541;545;546;547;550;551;554;555;557;558;559;561;563;564;565;567;572;575;578;579;580;583;586;589;590;591;594;595;596;600;601;605;606;609;614;615;617;620;627;630;631;633;636;639;640;641;649;651;652;654;655;656;661;662;665;669;672;674;678;679;681;682;683;685;686;687;690;694;696;697;700;701;703;704;706;707;710;711;712;715;716;717;724;727;729;730;731;733;736;737;738;740;742;743;744;746;747;752;753;755;757;758;765;766;773;777;778;780;783;785;786;787;789;794;795;796;797;798;802;803;804;808;809;810;812;815;816;819;820;826;827;828;829;831;832;833;835;836;838;839;840;844;846;847;848;851;854;855;856;859;860;861;863;864;869;875;876;878;881;883;885;886;887;889;891;897;899;906;909;911;912;914;915;917;918;924;927;929;930;931;933;935;937;938;939;942;943;945;947;950;953;954;956;959;963;964;965;967;968;971;975;977;978;981;982;984;986;988;989;990;991;992;995;996;999;1000
33;4;5;7;9;11;15;17;19;20;21;22;24;26;30;32;35;37;39;40;41;42;43;47;53;55;57;58;60;61;65;66;67;68;70;76;80;81;83;84;85;87;89;90;93;94;96;98;99;100;101;102;104;105;106;107;109;112;116;117;118;119;120;122;123;124;127;130;134;138;140;141;142;143;144;145;147;151;152;153;156;158;160;161;165;166;168;174;175;178;180;181;182;183;184;187;188;191;192;194;197;198;200;203;205;206;207;208;210;211;213;214;219;221;222;224;225;226;228;229;233;235;237;239;240;242;245;246;248;254;257;260;262;266;267;268;271;272;276;278;279;280;281;282;283;287;288;289;290;291;292;293;295;296;297;298;299;300;301;303;304;306;307;309;310;311;312;313;315;317;320;321;322;323;324;325;326;327;331;332;334;339;344;345;350;352;356;358;361;363;364;368;369;371;377;378;380;385;386;391;394;396;397;402;406;416;418;422;423;425;426;427;429;430;432;433;436;438;440;441;442;443;445;446;447;449;452;453;454;455;459;464;465;466;468;469;470;471;472;474;475;477;479;482;484;485;488;490;492;494;495;500;501;502;503;505;510;511;512;513;514;515;517;518;519;521;523;524;528;530;534;535;538;539;541;543;545;547;549;553;555;556;557;559;565;567;568;569;570;571;574;575;577;579;584;587;588;589;591;592;595;597;598;602;603;604;605;606;611;612;616;618;619;621;622;623;626;629;632;633;634;635;636;637;639;640;645;647;648;650;651;654;655;658;660;667;669;670;672;676;677;680;681;683;684;690;691;692;693;694;695;696;699;701;704;706;707;711;712;713;714;716;719;722;724;726;728;729;732;733;737;739;740;742;743;744;745;748;752;754;755;756;760;761;765;768;769;771;772;774;775;777;779;780;781;786;788;789;790;791;793;795;796;797;799;800;801;804;805;806;808;810;812;818;819;821;825;826;827;828;830;832;833;834;835;837;838;839;841;844;845;850;851;852;853;855;856;857;858;860;862;864;867;868;870;876;878;879;880;882;883;890;891;892;893;895;896;898;899;901;902;905;907;909;911;912;914;917;918;919;920;921;925;926;927;930;931;935;936;937;938;939;940;946;947;948;950;951;953;955;959;966;968;970;971;972;973;974;975;976;978;979;981;982;984;987;990;991;993;994;995;1000
34;1;2;3;8;9;10;11;15;16;17;19;20;24;25;27;28;31;32;35;37;39;40;44;46;47;48;50;53;54;55;57;59;61;62;63;64;65;67;68;69;73;76;79;80;81;83;84;85;86;88;89;91;92;93;98;100;102;104;110;111;112;114;116;117;118;119;120;127;128;131;132;133;134;136;137;138;139;140;145;146;148;155;156;161;164;171;174;176;177;178;179;182;184;185;187;191;192;193;197;200;202;205;206;208;210;213;215;218;219;222;223;224;225;228;231;233;234;237;241;246;249;252;257;260;261;262;266;267;270;272;274;278;280;283;286;287;288;291;295;296;298;299;303;308;310;313;315;316;320;321;323;324;325;326;329;330;335;336;340;345;346;347;349;350;351;353;354;358;360;361;363;364;368;369;371;372;376;378;381;382;384;390;392;394;395;399;401;402;404;407;410;412;419;421;424;425;426;427;428;431;433;434;435;437;439;440;441;443;444;445;452;455;456;457;459;460;461;464;465;466;467;468;472;473;474;477;479;481;484;485;488;489;491;492;494;496;497;500;505;506;510;511;512;514;515;518;519;521;522;523;525;526;527;530;531;536;537;538;540;542;544;545;547;548;550;552;553;554;555;557;558;559;560;561;562;564;568;570;572;573;574;575;579;580;581;582;586;589;591;593;596;600;602;603;605;606;609;611;615;617;621;624;625;626;627;628;629;630;631;632;633;634;635;637;638;639;640;641;644;646;648;654;659;660;661;664;665;666;669;670;671;672;673;674;676;677;678;679;680;685;689;690;694;698;700;701;702;703;704;705;706;711;713;714;720;721;722;726;727;730;731;733;734;736;741;743;744;745;747;748;750;753;755;756;757;760;761;762;763;764;765;769;770;771;772;773;774;775;776;779;781;783;785;786;790;791;792;793;795;798;800;801;804;807;808;809;811;812;813;814;820;825;826;831;832;835;836;837;838;839;840;841;844;847;848;853;856;857;859;860;861;862;865;866;868;871;872;875;878;880;881;883;886;892;895;897;899;901;902;903;904;905;906;907;910;912;913;914;916;919;921;923;928;931;934;936;938;940;941;942;945;947;950;952;953;954;956;961;962;963;964;965;967;968;969;970;972;973;974;977;980;981;982;984;985;987;988;989;990;991;993;995;996;997;998;999;1000
35;2;4;8;9;10;11;12;14;15;17;18;19;20;21;22;25;27;28;30;32;33;34;36;37;38;40;41;42;43;45;46;47;49;52;55;57;58;59;61;65;68;69;70;74;77;78;79;80;82;83;84;85;86;87;88;89;90;91;93;94;100;101;103;105;107;108;112;115;117;118;119;120;121;122;125;129;131;132;136;137;138;139;140;141;143;144;145;146;147;148;150;156;157;161;163;164;176;178;185;189;190;193;197;198;201;202;203;208;212;217;218;222;224;225;227;228;229;232;234;235;236;238;241;243;244;245;249;250;251;252;255;256;257;258;259;260;261;264;265;272;275;276;277;282;283;285;286;288;289;291;292;296;300;303;306;309;310;314;315;316;317;319;321;322;324;328;330;331;333;337;340;341;342;345;348;349;351;352;353;356;358;360;361;362;363;364;366;368;369;371;372;373;374;378;381;383;385;387;388;389;390;391;392;393;397;399;402;403;404;406;408;409;410;415;417;419;427;428;430;431;433;434;435;440;441;442;445;446;447;457;460;461;465;470;471;475;478;482;485;486;488;490;491;492;493;494;496;499;502;504;507;508;510;511;513;514;515;516;517;518;520;522;528;530;532;534;535;538;539;540;541;543;545;548;550;554;555;559;562;563;564;565;567;569;570;571;574;580;581;583;586;587;588;589;590;593;594;597;598;599;603;604;605;606;608;609;616;618;620;621;622;624;629;630;631;634;636;638;639;641;646;648;649;656;659;660;661;662;663;664;669;671;672;673;674;675;677;680;684;687;688;690;692;695;696;700;702;705;709;712;713;714;715;718;720;721;722;724;725;728;730;734;736;737;740;744;750;751;753;755;760;761;762;763;764;767;771;774;777;778;780;781;782;783;785;786;787;789;793;794;796;798;799;800;801;802;804;807;822;823;824;825;826;828;829;830;831;833;837;839;842;843;844;845;846;850;851;852;853;855;856;861;865;866;867;868;871;874;877;879;884;885;886;891;893;895;896;900;902;908;910;912;913;914;923;924;925;926;927;928;929;930;932;933;936;938;940;943;944;946;948;950;952;954;959;961;965;969;970;971;972;975;977;978;979;980;981;985;987;988;993;994;999;1000
36;1;2;3;6;8;11;12;13;15;17;19;20;23;24;25;28;29;30;35;37;38;40;42;44;46;47;49;52;53;54;55;57;58;61;64;65;66;70;72;73;76;78;81;82;89;90;93;94;95;97;100;104;107;110;111;112;114;116;117;121;122;126;127;128;129;131;134;136;137;138;139;142;144;145;146;147;148;149;150;152;153;154;156;158;160;166;167;168;169;172;173;177;179;182;184;185;186;189;192;193;194;198;199;202;203;206;209;210;212;213;214;217;222;223;226;227;228;229;234;237;239;241;244;245;248;258;259;260;262;263;268;269;271;273;275;276;280;282;284;289;290;291;292;294;295;297;301;305;311;312;315;318;320;321;323;326;327;328;331;332;333;335;337;340;346;347;348;353;355;356;357;358;361;362;367;369;373;376;377;378;379;381;382;385;390;391;392;393;395;399;400;401;403;404;408;410;413;414;418;419;420;421;427;431;432;436;438;441;442;443;444;445;446;450;454;456;457;458;459;464;466;472;474;475;476;477;478;482;484;485;486;487;488;491;492;495;496;497;499;501;502;505;506;507;509;511;512;514;515;516;517;518;522;527;530;534;537;538;539;541;543;549;550;551;553;554;556;562;563;564;565;566;567;570;572;573;574;576;577;579;580;581;583;585;586;591;593;594;596;597;601;602;606;608;613;614;616;619;620;621;624;625;627;628;632;635;636;638;640;643;644;645;647;648;650;652;655;657;660;661;665;666;668;669;670;673;674;675;676;680;683;685;688;690;692;693;695;697;698;701;703;706;707;708;709;710;711;714;716;718;722;728;729;731;733;734;735;736;738;743;745;748;749;750;751;756;757;758;759;760;761;762;763;764;765;766;768;771;772;773;774;775;777;778;789;790;793;795;796;797;799;800;802;803;806;807;808;810;813;814;815;816;818;819;822;824;826;827;829;830;831;832;836;837;839;841;842;844;845;847;848;849;850;851;857;859;860;862;866;868;870;871;872;873;874;875;877;878;879;880;882;884;886;889;892;893;894;895;896;897;898;899;901;902;903;904;905;907;908;909;911;913;915;917;918;919;920;922;923;927;930;931;933;934;935;936;938;939;945;946;949;952;954;955;956;957;958;959;961;962;964;965;966;969;970;972;974;975;976;977;978;980;983;986;987;990;991;992;993;994;998;999;1000
37;1;6;8;10;11;14;16;17;18;19;21;22;23;24;25;29;30;32;33;34;35;36;39;45;48;49;50;51;52;55;58;60;63;64;65;67;70;73;75;77;80;82;83;84;89;90;91;92;93;94;95;96;99;100;101;102;103;104;105;106;108;109;111;113;119;120;122;124;125;126;127;128;130;134;140;141;145;147;148;150;152;154;156;158;159;160;161;162;163;164;165;167;169;171;173;176;179;182;183;184;186;188;191;193;197;199;200;201;202;203;204;205;206;209;210;214;215;218;219;222;223;225;227;228;229;231;233;241;245;249;256;260;261;263;265;266;269;270;271;274;275;276;278;282;284;285;286;288;290;291;294;298;299;300;301;303;305;307;308;309;310;312;316;317;318;320;321;322;325;331;333;334;335;336;339;341;342;343;346;347;350;351;357;360;362;366;370;373;377;379;380;382;383;387;388;389;393;394;399;400;401;403;405;406;407;409;410;412;413;416;418;422;423;426;427;429;430;432;434;437;438;440;441;443;444;445;446;455;457;458;463;469;470;473;474;479;488;489;490;492;493;494;496;497;499;500;501;502;505;506;507;508;510;512;513;517;519;524;525;526;528;529;530;531;532;536;538;542;543;544;545;546;548;551;553;559;560;562;563;564;565;566;568;569;570;572;576;577;578;579;580;581;583;585;586;587;588;590;591;595;596;597;598;599;600;601;603;606;608;610;611;612;614;616;618;619;623;624;625;626;628;631;635;638;639;642;643;644;646;647;648;649;651;652;653;654;658;659;660;662;665;666;667;670;673;675;678;681;682;683;684;686;689;690;691;694;695;697;698;703;704;705;709;711;715;716;717;719;720;722;723;730;742;743;744;745;746;747;754;755;758;759;760;761;767;768;769;770;771;772;776;777;779;782;785;787;788;790;792;793;794;795;796;799;800;801;802;804;805;810;812;815;817;822;826;827;828;829;831;832;833;837;841;842;845;847;848;850;851;852;853;854;855;858;859;860;861;862;864;865;866;867;868;877;878;879;883;885;886;887;893;894;897;901;902;903;904;905;906;908;910;914;915;918;922;924;926;932;937;938;940;942;943;944;946;947;950;951;953;954;955;958;959;960;961;963;964;968;971;974;975;976;982;986;988;990;991;993;995;996;997;998;999
38;3;4;5;7;10;11;12;13;17;18;19;22;24;27;28;31;35;36;40;42;44;46;47;48;49;52;54;56;57;58;64;67;68;80;81;82;83;85;86;87;92;93;95;97;98;100;104;105;106;107;109;110;112;116;118;123;125;127;128;129;131;132;133;134;135;137;138;139;140;143;148;149;150;153;154;155;156;157;159;160;164;166;167;171;173;175;178;180;181;182;184;194;196;197;199;200;202;205;206;212;213;214;215;216;217;219;221;224;226;229;232;234;235;236;237;243;249;250;251;259;260;261;262;263;264;265;267;273;275;278;279;281;284;290;291;293;295;296;300;301;302;303;304;305;307;308;309;310;311;313;315;316;317;322;325;327;330;332;337;338;339;340;341;342;344;349;351;354;356;357;358;359;361;362;363;367;368;370;371;372;374;375;378;379;380;381;384;386;387;389;390;393;396;397;398;399;401;405;407;411;412;413;416;417;419;423;425;426;427;429;430;432;433;434;435;436;440;442;444;445;446;449;452;453;457;458;459;460;462;467;468;469;470;474;475;476;477;479;480;483;486;487;488;489;494;495;496;497;498;500;507;508;510;512;516;519;520;523;524;525;526;527;528;529;530;531;533;536;537;538;540;542;543;547;550;552;555;559;560;565;569;570;571;572;573;576;578;579;580;581;585;588;589;590;592;594;595;596;598;599;601;605;607;608;609;610;611;614;615;616;617;618;620;622;623;624;627;628;630;633;635;637;639;640;641;643;645;649;652;654;656;662;663;666;667;671;674;675;676;677;678;679;682;685;690;693;695;697;699;702;703;704;705;708;710;713;714;719;722;723;726;729;730;731;732;734;736;739;741;742;743;745;748;750;753;756;758;760;761;762;764;765;766;767;768;769;770;772;773;775;777;778;781;782;786;787;788;789;791;793;794;796;798;803;804;806;808;812;814;818;824;825;828;829;832;834;835;836;837;838;840;841;843;844;846;848;850;851;852;856;860;861;863;864;866;867;869;870;872;873;876;877;878;879;880;882;886;887;888;889;890;891;893;894;895;898;902;903;904;907;911;913;915;916;917;919;925;927;928;929;930;934;936;937;938;939;940;941;942;943;948;949;951;952;954;955;959;961;962;964;965;967;975;977;979;982;983;986;987;991;994;998;1000
39;1;4;5;6;8;10;14;16;17;19;20;23;25;30;33;34;37;40;41;42;43;44;46;48;50;52;53;54;56;57;58;59;62;63;64;67;68;70;71;72;74;75;76;78;79;81;83;84;87;89;90;91;92;93;94;95;96;100;105;106;107;109;110;112;113;115;116;118;119;121;123;127;129;130;131;133;134;137;138;139;140;141;142;143;145;146;147;151;153;154;156;157;159;160;161;163;166;169;170;171;174;176;177;179;182;184;185;186;188;190;192;198;199;200;201;202;203;204;206;207;211;215;217;221;224;225;227;229;230;232;234;236;237;240;241;242;243;244;247;250;253;254;255;257;263;264;265;266;267;268;271;273;274;275;277;278;280;283;289;290;294;295;297;298;299;301;304;305;306;308;310;313;316;317;321;322;325;326;328;330;336;338;341;344;345;347;348;349;350;351;353;354;356;357;360;362;363;364;365;368;369;370;374;376;378;381;382;383;384;386;388;397;398;400;401;405;406;407;410;411;412;415;417;420;421;422;427;428;429;430;433;436;445;447;448;449;450;456;458;460;461;462;466;467;470;471;472;476;477;478;479;484;485;487;493;495;496;497;499;500;504;505;511;512;516;517;518;519;521;522;524;525;527;529;531;532;533;535;536;537;538;540;542;543;544;545;546;547;548;552;554;556;557;558;560;563;566;568;569;570;573;575;579;580;582;585;586;587;593;597;598;599;600;602;605;606;609;610;611;613;615;616;617;618;621;624;626;628;629;630;631;638;641;647;648;649;656;658;659;662;663;664;665;667;669;670;672;673;674;675;676;677;679;681;685;688;689;692;693;694;697;698;699;701;704;705;706;710;715;716;717;719;720;723;725;730;732;734;739;744;745;747;752;753;756;759;760;762;766;767;769;770;771;772;778;781;783;786;789;790;793;794;795;798;799;801;802;804;806;807;808;816;819;822;823;824;828;829;831;832;835;836;838;844;848;849;851;852;854;855;857;859;860;861;862;865;867;868;870;872;873;874;875;876;877;879;880;882;883;884;885;887;888;890;891;892;894;895;897;899;905;906;907;910;911;913;914;917;919;920;921;926;927;930;934;935;936;940;941;942;943;944;945;948;949;950;953;955;959;961;969;973;974;975;976;978;982;984;985;987;988;989;990;991;993;994;998;999
40;1;3;5;6;8;9;10;11;15;16;17;18;20;22;23;24;27;28;29;32;33;34;35;36;38;39;41;44;45;46;49;53;59;61;62;65;67;70;71;73;75;78;79;82;84;86;91;92;96;97;98;99;100;101;104;107;109;110;112;118;120;122;124;125;128;131;132;133;138;142;144;145;146;147;148;149;150;151;155;158;159;161;162;165;166;169;170;173;178;179;183;185;187;188;189;190;192;193;196;197;199;200;207;208;210;212;213;214;215;217;219;222;226;227;230;231;233;235;236;239;242;243;244;248;249;254;257;258;260;261;263;264;266;267;268;269;271;275;278;279;281;282;286;288;292;296;298;301;306;309;310;311;313;315;316;317;318;322;323;324;325;327;328;329;331;333;334;335;336;337;339;340;341;343;346;347;350;352;353;356;357;358;360;361;364;366;367;368;369;374;378;379;381;383;389;392;394;397;402;404;406;407;409;410;413;414;415;417;418;419;420;423;425;429;434;435;439;441;443;444;451;452;457;458;460;461;464;466;467;468;469;471;472;476;481;482;483;485;493;495;497;499;500;503;504;506;508;509;512;514;519;520;522;525;527;528;530;531;533;534;537;539;540;542;544;545;547;550;551;552;553;554;555;557;558;562;564;565;572;575;577;580;582;583;587;590;591;592;595;599;601;602;603;604;605;606;610;611;613;614;618;619;621;622;623;630;632;634;635;636;637;639;641;642;643;646;647;648;650;654;655;657;659;662;663;664;665;666;667;668;669;670;671;674;675;677;678;681;682;685;686;687;690;691;693;694;696;697;700;702;705;710;714;715;717;718;719;722;723;724;729;730;731;732;734;736;737;739;740;741;743;755;758;760;761;762;764;765;767;769;771;772;773;774;775;779;780;782;783;784;785;786;790;791;792;793;795;799;802;803;806;808;810;813;814;816;818;819;820;821;823;825;827;828;829;830;831;834;836;838;839;840;841;842;844;846;851;853;854;855;856;857;858;859;860;861;864;868;869;872;873;874;876;877;878;879;880;882;884;885;886;887;890;892;893;895;896;897;898;901;902;903;907;910;913;919;920;921;925;926;927;928;931;934;937;938;940;945;946;948;950;951;952;953;962;963;964;966;968;969;970;973;977;980;982;983;986;988;989;994;997;999
41;2;3;4;5;6;7;8;10;15;16;18;19;23;27;28;30;31;32;33;35;39;40;46;48;52;53;54;58;59;61;63;65;66;68;69;73;74;75;80;81;84;85;86;87;88;90;92;94;98;101;103;104;107;108;111;112;122;123;128;129;130;134;138;140;141;145;146;148;149;150;151;152;154;155;158;159;162;163;164;165;167;170;178;179;182;183;185;186;187;189;190;191;192;195;200;201;203;211;212;213;214;218;222;223;224;225;227;228;229;230;231;235;237;238;239;240;241;243;245;247;248;250;251;254;255;256;257;258;260;261;263;264;265;266;268;269;272;273;276;280;281;282;283;284;285;286;287;289;291;292;294;299;300;303;305;307;308;309;311;315;316;317;319;320;321;322;323;324;326;327;328;331;334;337;341;343;346;347;349;350;351;352;353;354;355;359;361;365;368;371;374;375;377;379;381;383;386;390;391;392;393;395;398;401;402;405;406;407;408;410;415;418;420;421;422;425;427;429;433;434;435;437;441;442;443;449;454;455;456;457;458;460;461;462;463;465;469;470;471;473;475;477;479;480;481;483;484;485;486;490;491;492;497;499;501;508;510;511;512;518;528;529;530;532;533;534;535;536;537;539;542;543;544;545;546;549;550;551;554;555;556;557;558;560;561;564;565;566;568;569;572;573;574;575;581;584;585;588;590;591;594;595;597;601;603;604;606;608;612;614;615;616;620;623;626;628;632;633;635;640;642;643;645;646;648;655;658;662;663;666;667;668;669;670;671;672;673;684;685;686;687;688;691;692;695;696;698;699;701;705;708;709;712;717;722;723;725;726;727;728;729;730;733;736;737;739;740;743;747;748;749;751;753;755;758;763;765;766;767;770;772;773;775;782;783;785;786;789;790;791;792;794;796;799;802;804;807;808;816;820;823;824;825;827;830;833;834;841;842;843;844;850;852;857;858;859;860;863;866;867;871;872;874;877;878;879;880;881;882;884;885;886;887;888;889;890;896;900;903;904;906;908;910;914;915;916;918;921;922;923;924;926;927;931;932;936;937;938;941;943;944;945;946;947;949;953;954;957;959;961;962;963;964;967;971;972;973;975;976;977;979;981;982;984;986;989;993;994;996;998;1000
42;1;2;3;6;9;10;12;13;15;16;18;19;23;24;25;27;32;33;35;36;38;39;44;45;47;51;54;55;60;62;63;65;68;70;71;72;75;76;77;79;80;81;82;84;86;88;91;92;95;97;98;102;103;104;107;108;110;111;112;113;114;115;116;122;127;128;129;130;131;134;138;142;143;146;147;148;149;150;153;154;155;156;157;158;160;161;162;168;169;170;171;173;180;183;186;190;192;196;199;200;202;203;204;205;209;210;211;215;217;219;221;222;223;224;227;228;233;234;236;238;239;240;242;246;247;251;253;254;259;261;262;263;265;266;267;268;269;271;272;274;277;280;284;289;294;296;297;298;299;302;303;305;306;307;308;309;311;312;317;318;320;324;326;327;328;329;330;334;336;337;340;343;344;345;346;347;350;352;353;355;357;360;361;363;364;365;366;368;369;370;372;373;375;379;380;381;383;384;387;389;390;391;394;395;397;398;399;400;403;406;407;409;411;416;417;419;420;422;423;426;427;429;430;431;433;436;437;439;441;442;444;445;447;450;453;456;458;460;462;465;466;467;468;473;474;475;476;477;478;479;480;484;485;493;495;502;506;507;508;510;515;516;518;520;521;524;526;528;530;531;532;534;535;537;538;540;543;544;546;547;548;556;557;561;562;563;567;569;570;571;572;576;579;584;585;591;592;593;597;598;599;600;602;604;606;608;609;610;612;613;615;617;618;621;622;623;625;626;627;628;629;631;632;633;634;635;636;638;639;640;641;645;647;654;657;658;662;663;667;670;672;677;678;680;681;682;685;686;689;690;691;692;694;695;697;698;699;702;706;707;708;710;711;712;713;714;721;723;724;726;729;730;732;733;736;737;738;741;742;744;745;746;747;750;751;752;756;757;759;760;761;762;764;767;768;770;772;773;774;778;779;780;784;788;793;796;797;798;802;803;804;805;807;811;812;813;814;816;817;818;819;821;822;823;825;826;829;830;831;833;834;836;837;840;841;842;843;844;845;846;847;848;849;853;854;855;856;857;858;859;861;864;865;869;870;874;877;878;879;881;882;887;889;890;892;893;894;895;899;900;903;904;905;906;907;908;912;913;915;916;918;919;920;921;923;924;927;929;930;931;932;933;935;936;937;940;942;944;945;947;950;951;952;953;954;958;961;964;967;970;972;976;977;978;980;982;985;987;991;992;993;994;998;999
43;2;3;10;11;14;16;18;19;21;24;25;26;27;32;33;35;39;44;45;47;49;50;56;58;60;61;64;65;67;70;72;73;75;79;81;83;85;88;89;91;92;93;94;95;97;99;102;106;108;112;113;114;115;117;119;120;122;129;130;131;132;137;138;141;142;145;146;147;148;149;151;153;154;156;157;158;159;160;161;163;165;170;171;172;176;178;180;181;182;183;184;185;186;191;193;198;203;206;207;208;209;211;214;216;220;221;222;223;224;227;228;229;232;233;236;237;238;239;240;241;242;243;245;246;247;250;251;255;258;259;260;262;264;265;267;268;269;274;275;276;279;280;289;290;293;294;297;298;299;301;306;307;310;312;313;314;315;317;318;320;321;329;330;331;336;338;340;342;343;344;347;348;350;352;357;359;363;364;366;367;368;370;371;373;375;377;378;379;382;385;391;395;401;405;406;409;410;411;416;417;424;427;428;429;431;433;435;436;437;438;444;449;452;454;455;456;457;460;462;466;468;469;473;474;476;479;480;481;482;483;486;487;492;493;494;495;498;500;503;505;506;508;510;511;514;515;519;522;524;526;527;529;531;532;533;534;535;536;537;538;539;540;542;548;552;553;555;560;562;564;566;567;568;571;574;575;584;591;594;595;597;600;603;604;607;609;612;613;614;615;617;621;622;623;624;626;627;628;629;631;632;634;635;638;640;641;644;645;648;650;652;653;654;655;656;660;663;665;668;669;671;672;673;674;677;678;681;682;683;685;687;690;692;694;699;700;701;706;708;711;714;716;718;719;720;721;722;724;725;726;727;729;730;732;733;734;735;740;741;743;745;746;747;753;754;755;756;757;758;760;761;765;766;768;770;771;772;775;776;779;780;783;786;795;800;802;804;805;807;808;810;811;813;819;820;821;822;824;825;826;829;830;832;838;839;840;845;846;847;848;849;850;854;855;856;857;858;859;860;861;865;866;870;871;872;874;878;879;883;884;885;887;889;891;892;893;894;896;898;899;901;903;908;910;911;913;914;915;922;924;925;927;928;930;931;933;936;937;939;941;942;946;947;948;949;951;952;956;957;962;963;964;966;969;972;975;978;983;984;985;986;988;991;992;993;995;996;999
44;1;5;6;9;10;12;17;24;25;26;27;29;34;36;38;39;40;42;43;46;48;49;50;53;55;57;59;60;62;69;70;72;73;76;77;80;84;86;91;92;95;99;100;105;107;110;112;113;114;115;122;126;132;133;134;135;136;138;139;140;141;148;149;150;151;157;158;160;161;162;164;172;175;180;183;185;187;190;191;193;194;195;197;202;203;204;209;210;214;216;220;221;222;223;226;227;229;231;233;234;236;240;242;243;244;250;253;258;259;260;262;265;266;267;269;272;276;279;281;282;284;285;286;290;291;292;295;299;300;304;307;308;311;312;313;316;321;322;323;324;327;329;331;334;335;339;341;342;343;345;350;352;356;357;358;359;360;361;369;370;372;375;379;389;393;394;395;403;404;407;408;409;410;414;418;419;422;424;426;436;437;438;441;444;445;448;449;451;452;454;458;462;467;469;473;474;477;478;480;481;483;484;485;487;489;490;494;496;497;498;499;502;505;506;507;508;509;511;512;513;514;517;519;520;522;523;525;527;528;530;532;535;536;539;541;543;544;549;550;554;556;557;558;559;560;562;564;565;566;569;570;572;574;576;578;580;582;583;586;587;589;591;595;597;599;600;602;603;605;606;607;608;610;612;613;614;616;617;620;624;627;628;635;636;637;639;640;642;643;644;645;646;648;649;651;658;659;662;663;675;676;677;678;679;680;686;687;690;692;695;696;699;700;702;705;706;710;711;714;715;716;717;719;720;721;723;727;729;731;733;734;736;737;740;741;742;743;744;745;746;748;749;750;752;754;755;756;757;759;760;763;765;768;772;777;779;781;785;786;787;789;791;793;795;796;798;800;804;805;806;807;810;811;813;815;816;817;821;822;825;826;832;838;841;844;845;846;849;850;851;853;856;857;858;860;861;864;866;867;870;873;874;875;876;877;885;887;889;890;891;893;897;899;900;905;907;908;909;911;912;913;914;920;921;926;930;933;935;938;941;943;947;949;950;951;956;957;958;960;961;964;967;968;970;972;978;979;981;982;984;987;989;990;991;993;994;995;996;998;999;1000
45;2;4;5;8;10;14;16;19;22;23;28;29;31;32;35;37;40;42;43;46;47;49;52;53;55;58;60;62;63;64;65;66;67;69;70;73;74;75;76;79;80;81;89;90;92;93;94;95;97;98;99;100;102;105;106;108;109;110;112;113;118;119;122;123;124;128;132;133;134;135;144;145;146;147;149;151;152;154;156;157;158;161;165;166;168;169;171;172;173;174;176;180;187;188;189;190;192;196;197;201;204;208;209;210;212;213;217;220;221;222;223;226;227;228;235;236;238;241;244;247;248;252;256;257;258;259;260;263;265;266;267;268;269;272;274;275;276;277;278;283;285;287;288;292;293;295;300;301;302;309;310;311;312;313;317;320;323;324;325;327;328;329;330;331;334;339;340;341;345;346;347;348;349;350;351;353;354;362;364;370;373;374;377;378;379;380;384;385;386;387;389;390;393;394;395;399;402;403;405;407;410;411;413;414;417;419;420;425;428;430;431;433;434;435;436;437;438;440;441;442;443;445;446;447;455;457;460;464;468;469;470;473;477;479;480;482;486;488;489;493;494;495;496;501;503;505;507;508;509;510;513;514;517;519;520;522;523;525;527;528;529;530;533;538;541;543;545;546;547;548;549;550;551;553;556;557;559;560;563;564;565;566;567;569;570;571;572;577;580;581;582;583;585;586;587;591;594;597;600;601;602;604;607;608;609;610;613;614;615;616;617;619;620;621;622;628;631;632;633;634;639;640;644;646;648;649;651;653;654;655;656;657;658;661;662;663;664;665;666;667;668;670;673;674;676;677;678;684;685;689;691;695;697;699;700;701;703;705;707;708;709;710;712;714;715;716;719;722;723;724;734;736;742;743;744;745;746;750;754;755;758;759;761;764;769;778;779;782;783;785;790;791;792;794;795;797;803;806;807;809;811;814;815;816;820;823;825;826;829;834;835;836;838;839;843;845;848;849;850;852;854;864;865;868;869;870;872;874;875;876;877;879;880;884;894;895;897;898;910;911;912;914;915;920;922;923;926;928;931;934;935;936;937;940;941;943;948;949;950;952;955;957;958;959;966;970;971;972;973;974;976;977;980;981;983;984;986;987;990;992;994;995;996;999;1000
46;1;3;4;5;7;11;17;19;20;21;22;23;24;27;30;31;34;35;36;38;39;40;41;44;45;47;50;52;53;54;55;56;57;58;59;60;63;65;67;68;69;72;75;77;81;82;83;84;85;89;90;92;94;100;101;102;104;105;112;113;114;116;117;120;122;125;126;128;130;132;133;135;140;141;142;143;145;146;150;151;153;155;159;161;162;164;169;171;175;176;178;179;182;184;188;189;190;192;196;201;203;209;212;216;217;218;219;220;222;224;229;230;231;234;235;237;241;242;247;249;250;252;255;256;260;261;263;267;269;270;271;272;273;275;277;278;280;283;285;288;289;290;291;292;293;295;297;298;301;303;304;305;307;308;309;312;314;316;317;319;325;326;327;328;330;332;333;334;335;337;338;339;340;343;344;346;348;349;350;353;355;356;358;359;361;363;364;368;371;372;375;376;377;378;379;381;384;388;391;393;394;395;397;398;399;402;406;408;409;411;413;417;418;423;424;425;426;428;429;431;432;436;437;439;442;443;446;448;449;451;452;456;457;460;462;466;467;468;469;470;473;474;476;477;478;480;481;482;484;485;486;492;494;495;496;498;500;501;506;508;510;512;516;517;518;519;521;524;527;530;532;533;534;535;536;537;539;542;543;545;547;548;549;551;552;554;561;562;568;571;572;573;577;579;580;585;591;595;598;599;602;603;606;607;609;611;612;614;616;618;620;622;624;626;634;635;636;637;638;643;646;649;651;652;654;655;657;660;663;664;665;668;670;672;675;676;678;680;682;683;684;685;687;690;691;693;697;701;703;704;705;706;707;708;709;710;711;713;714;715;716;717;719;726;729;736;737;743;746;747;749;750;751;756;758;760;763;770;772;774;775;778;779;781;782;786;787;791;792;796;797;799;800;804;807;808;809;810;811;815;816;819;824;829;831;832;834;835;836;837;838;839;840;845;846;849;851;852;853;855;856;860;861;863;866;868;871;872;873;878;880;881;882;883;884;889;892;895;897;899;901;902;905;907;908;911;912;915;917;919;926;927;930;935;937;940;942;944;947;949;951;952;953;955;960;963;964;965;967;968;970;972;973;974;976;980;981;983;984;985;987;990;991;992;993;998
47;1;3;9;10;13;14;17;19;22;25;28;29;33;34;35;36;38;42;43;45;46;49;50;51;52;53;57;58;64;66;68;70;74;77;80;83;84;89;90;92;93;96;97;100;101;102;103;104;105;107;108;115;117;119;120;122;123;125;127;128;130;131;137;139;140;141;144;148;149;152;153;155;156;157;160;162;164;165;167;170;171;172;174;180;181;183;185;187;188;192;193;194;201;203;204;207;215;217;218;223;224;225;227;228;229;233;235;241;242;244;250;251;252;254;262;264;273;277;278;287;289;291;302;303;304;305;307;309;311;312;313;314;317;318;321;326;327;328;329;331;333;334;337;342;349;354;356;358;361;362;363;364;368;370;372;373;375;376;379;380;384;386;388;393;396;398;399;401;402;403;405;408;409;412;413;414;415;416;417;418;423;424;425;429;431;432;433;435;436;437;439;441;443;446;448;449;450;453;454;457;458;462;466;470;471;472;476;478;481;482;483;485;486;487;489;490;493;494;495;496;497;498;499;500;503;506;508;512;514;519;520;521;523;524;525;527;528;529;530;532;533;535;543;545;547;549;554;556;558;559;560;561;562;565;572;575;579;581;582;583;584;586;589;592;594;595;596;597;599;602;603;604;609;612;613;614;615;616;618;620;621;624;625;626;627;632;635;636;637;639;643;647;649;652;653;658;659;660;662;663;664;666;670;673;675;676;677;681;682;683;684;685;688;690;692;694;699;700;701;703;704;707;708;709;711;712;713;718;722;725;726;727;731;734;736;737;740;742;743;746;747;748;749;750;754;755;758;759;761;764;765;766;767;768;769;770;771;773;774;775;777;778;781;784;786;787;789;791;792;793;794;802;806;809;811;813;817;820;821;824;826;827;829;830;832;833;837;842;843;845;846;847;849;850;852;853;860;862;868;869;874;875;877;881;882;883;884;887;893;894;897;900;901;903;904;905;907;908;912;913;916;917;920;921;924;925;928;929;930;931;936;937;941;943;945;956;958;960;963;964;965;966;967;969;970;972;974;976;980;982;984;985;987;992;993;994;996;997;998;1000
48;1;4;5;9;12;14;15;16;17;18;23;24;25;28;29;30;32;34;37;38;39;41;44;49;55;57;59;60;63;64;67;68;70;72;74;76;77;81;82;85;87;89;90;92;94;95;96;97;98;99;100;105;108;110;112;118;121;123;125;127;132;133;135;138;140;142;144;145;146;147;148;151;153;154;156;159;161;162;163;165;166;167;168;170;173;174;175;176;178;180;183;185;186;187;190;193;194;195;196;200;204;205;209;210;213;215;217;218;220;222;223;224;225;228;229;230;235;237;238;241;242;243;245;246;248;250;251;253;255;257;259;260;261;263;265;268;270;274;275;280;281;282;283;284;285;287;288;290;291;292;295;298;299;304;306;308;312;313;314;315;316;317;318;321;325;329;331;332;337;338;340;341;342;343;345;346;347;348;350;352;353;355;360;366;370;371;374;376;377;383;384;388;390;391;393;394;397;400;402;403;404;409;411;412;413;414;416;417;419;420;421;423;424;426;429;430;432;434;436;438;440;441;444;445;447;450;462;463;466;467;468;470;471;472;474;477;478;479;480;481;489;490;492;495;496;498;501;503;506;508;509;515;516;517;518;519;521;522;524;526;529;532;534;537;538;540;542;545;546;547;548;549;550;555;558;559;565;568;572;574;575;577;578;580;585;586;588;589;591;592;596;599;604;606;611;614;616;620;624;625;627;628;630;631;632;636;639;643;644;648;652;654;657;658;662;666;668;671;672;673;674;676;677;686;688;691;696;698;699;700;701;703;707;708;710;711;712;713;715;716;717;719;720;722;723;725;726;727;728;730;732;735;737;741;742;743;744;746;748;751;753;756;759;763;766;768;770;771;774;777;779;780;781;783;787;788;789;793;794;796;798;802;803;804;806;807;808;813;820;824;826;829;830;833;834;838;842;844;845;849;850;851;852;854;855;857;858;860;861;862;866;869;870;873;876;878;879;884;887;889;891;892;895;897;899;901;903;905;908;911;913;914;916;920;922;923;927;928;929;931;934;935;937;940;944;945;947;950;960;961;963;964;974;975;976;977;978;979;981;984;989;991;993;995;996;999;1000
49;1;2;3;4;6;9;10;12;14;15;20;23;26;28;29;31;32;35;36;37;38;40;43;44;45;47;48;50;52;55;56;57;59;61;62;66;71;78;82;83;87;88;89;90;91;92;95;96;100;101;102;103;104;105;108;109;110;112;113;117;119;120;121;124;126;129;130;132;135;138;139;148;152;153;154;158;160;163;164;165;166;167;169;173;176;177;178;180;181;182;189;190;191;194;196;203;204;206;208;211;212;215;216;218;220;221;227;228;230;231;232;233;234;235;237;238;240;242;244;245;251;252;254;256;257;258;259;260;261;263;265;266;268;274;282;285;287;291;292;293;295;296;300;301;303;305;306;311;314;316;317;319;323;324;325;326;327;328;331;338;340;343;344;345;346;348;351;352;353;355;356;357;360;362;364;365;367;368;369;370;372;376;377;380;383;384;385;387;389;392;393;394;396;397;398;399;400;403;404;406;407;409;410;411;412;417;418;422;423;424;425;426;428;429;430;431;434;440;441;444;445;448;449;450;451;452;455;458;459;462;464;466;469;470;473;475;476;477;478;481;482;483;484;487;489;491;493;496;497;499;501;502;504;508;509;510;511;512;514;517;518;519;520;522;523;524;526;527;531;532;533;534;535;536;538;539;543;544;546;547;548;549;550;551;553;554;556;557;558;560;561;562;563;567;568;570;573;575;577;580;583;584;585;587;589;590;592;595;599;606;607;608;611;614;615;618;620;622;623;626;629;630;635;636;638;640;641;646;649;651;652;654;655;656;657;659;662;664;665;667;669;672;673;676;680;682;684;686;687;689;692;693;694;695;696;699;701;702;704;706;707;708;709;714;716;717;718;719;720;721;727;728;735;737;738;739;740;741;742;748;749;751;753;754;760;762;763;764;769;771;774;775;776;777;778;780;785;791;792;794;796;797;798;802;804;805;806;807;808;812;815;816;817;819;821;827;828;834;837;838;847;848;849;850;851;852;855;856;857;859;860;864;865;866;870;874;875;876;879;880;883;884;887;891;894;895;896;897;900;902;903;905;912;913;915;917;918;923;925;926;927;932;936;937;939;941;942;943;945;946;951;953;954;955;956;957;958;961;963;964;965;971;973;974;977;978;981;982;983;984;989;990;991;993;996;997;998;999;1000
50;2;3;6;7;10;13;16;17;18;21;22;24;25;27;28;29;31;34;37;39;43;44;46;47;49;51;55;57;58;60;63;65;68;69;71;72;74;75;78;81;82;84;86;92;95;96;97;99;102;103;104;106;107;109;115;117;118;119;121;124;125;127;129;131;132;133;134;135;136;139;145;147;151;152;154;161;165;167;168;170;171;172;173;174;175;176;177;180;182;183;189;190;191;193;197;199;200;204;206;210;213;216;219;223;225;227;228;229;233;234;235;237;238;239;240;241;242;245;247;248;251;252;253;254;256;258;260;261;262;263;264;270;273;274;275;276;277;278;280;281;283;285;286;290;293;298;299;301;302;303;306;307;311;313;314;316;318;326;328;335;339;341;342;343;344;346;347;348;350;352;356;358;364;365;366;367;370;372;374;375;379;380;382;383;384;385;386;387;390;391;393;396;399;401;404;408;410;411;412;414;416;419;421;423;425;426;427;428;429;430;432;433;434;435;436;438;439;440;442;444;449;450;451;454;457;458;462;467;469;472;474;475;477;478;483;487;490;491;492;500;501;502;507;508;510;511;515;516;517;518;522;523;524;525;526;527;528;529;530;533;535;538;540;543;544;546;548;550;554;555;564;565;566;571;572;574;575;576;577;578;579;582;584;586;587;588;590;594;595;596;598;600;601;602;604;605;606;607;609;617;618;619;620;624;626;627;628;630;631;632;633;634;635;637;640;641;642;644;645;649;650;655;656;657;658;661;662;663;664;665;666;669;671;672;673;674;675;676;677;678;679;680;681;683;688;689;693;697;699;700;703;704;706;708;710;711;712;713;718;719;725;726;727;729;731;736;737;738;739;743;744;745;746;750;752;753;754;757;758;759;761;762;763;766;767;769;776;780;782;786;788;789;790;791;793;796;798;802;804;805;806;812;813;815;816;818;819;820;821;823;827;828;829;833;835;836;838;839;840;841;843;844;845;847;852;853;854;855;857;861;863;865;868;869;871;872;873;878;879;880;883;884;886;888;890;893;894;895;896;897;899;900;904;907;909;911;915;916;917;920;921;922;924;927;928;929;932;933;934;936;944;945;947;948;951;955;958;963;965;966;968;971;973;974;984;985;986;987;989;992;995;996;999;1000
51;3;4;5;12;13;15;20;21;22;24;26;27;37;42;47;50;52;53;57;59;60;61;66;67;68;69;71;74;76;78;79;80;82;84;88;90;91;94;98;99;102;103;104;107;108;109;111;113;116;118;119;122;123;124;126;128;130;132;135;137;139;140;141;147;148;153;155;157;158;160;161;164;165;166;168;169;171;174;175;179;180;182;190;192;193;194;197;200;202;206;207;208;211;213;215;218;219;220;222;224;226;227;229;232;235;236;237;238;241;242;244;245;246;247;248;249;251;256;259;264;267;268;269;270;272;274;277;279;284;285;287;290;291;293;294;296;297;300;301;302;303;304;305;306;308;311;312;314;317;318;320;321;322;325;331;335;336;339;340;342;343;344;345;347;349;351;352;353;356;358;360;361;364;365;366;371;373;376;381;382;387;389;390;391;392;397;400;402;404;407;410;411;416;417;419;420;421;424;425;426;428;430;431;432;434;435;436;438;441;442;443;445;447;449;450;451;452;453;454;455;458;460;462;463;465;468;469;471;474;476;477;479;480;481;483;484;485;487;488;491;493;495;496;497;499;500;504;506;507;508;509;511;512;513;521;523;524;525;528;529;530;531;532;533;534;536;537;538;539;544;546;547;551;552;554;555;556;557;558;560;567;570;572;573;575;576;579;580;582;584;586;589;590;591;592;593;594;596;598;601;602;603;604;605;606;608;609;614;617;622;623;624;625;627;628;630;633;634;635;637;638;639;640;641;643;645;646;647;650;653;655;656;658;659;667;669;673;678;680;684;685;687;690;695;696;699;700;701;704;706;708;709;712;713;714;715;716;718;722;723;724;726;731;733;737;738;739;740;743;744;745;753;758;759;761;766;767;770;771;772;776;779;782;784;785;787;790;791;792;795;800;807;808;812;813;814;815;818;819;820;821;822;825;828;829;830;831;832;835;836;838;840;842;843;844;846;847;849;850;851;852;855;859;862;863;864;865;866;867;868;869;870;875;882;884;885;886;888;890;893;897;901;903;905;906;907;910;911;919;922;923;924;926;927;929;931;933;935;938;939;942;943;946;947;951;959;960;965;966;967;968;971;972;973;980;982;984;985;987;989;990;991;993;995;996;998
52;1;3;5;6;11;12;13;14;15;16;17;18;23;29;30;35;36;37;38;39;41;45;46;47;49;51;53;57;58;59;60;61;62;66;67;73;74;75;76;77;78;80;82;84;86;87;88;89;91;93;94;95;96;99;100;102;104;105;107;109;110;111;112;113;114;115;117;118;119;120;121;124;125;128;129;131;132;134;135;136;137;138;139;140;141;145;148;150;151;153;159;161;162;166;168;169;170;176;177;178;179;183;189;191;194;195;199;201;205;211;213;214;215;216;219;220;223;225;226;228;230;233;235;236;237;238;239;240;241;242;243;245;246;248;250;251;252;253;257;258;259;260;261;264;269;270;271;272;276;277;278;280;281;282;284;288;290;293;296;297;299;302;303;304;305;311;313;314;315;318;325;327;328;329;330;331;332;333;334;336;337;338;340;342;344;347;348;350;351;352;355;357;358;359;361;363;366;367;370;372;373;377;378;379;381;382;383;384;385;386;387;388;389;391;395;396;398;400;403;404;406;407;410;411;413;414;416;422;423;426;428;432;433;435;436;441;443;444;453;454;455;458;460;462;464;466;470;473;474;476;477;478;479;480;481;487;488;490;491;494;500;506;507;508;510;511;512;514;515;516;519;520;521;522;523;524;525;526;528;531;532;537;539;541;543;544;545;548;551;555;556;557;559;561;562;563;566;567;569;571;572;574;576;581;584;585;586;587;590;591;592;593;594;597;599;601;604;606;607;608;610;612;613;614;615;616;617;620;626;627;628;629;632;634;635;639;640;644;646;648;649;650;651;655;658;664;666;667;675;676;677;680;682;684;690;691;693;697;698;699;700;701;702;703;704;707;709;710;712;718;720;721;722;724;725;727;728;729;731;733;735;736;738;740;741;743;744;746;748;754;755;756;757;759;761;762;763;766;769;770;772;774;776;777;779;781;782;783;784;786;788;789;790;792;793;795;796;799;802;807;808;809;811;814;815;817;818;821;823;824;827;828;830;831;832;836;837;838;842;843;844;846;847;848;849;853;854;856;859;862;863;867;870;871;873;876;878;879;883;885;889;891;893;896;897;899;901;904;905;906;907;908;912;914;917;919;920;921;922;925;926;929;931;933;936;937;938;940;942;943;945;947;953;959;960;963;966;969;971;979;981;986;987;992;994;996;999
53;3;4;5;7;12;13;14;15;17;26;27;32;33;34;36;39;40;41;44;45;46;47;51;52;54;56;58;60;62;63;64;65;67;68;69;70;71;76;77;79;80;83;84;86;88;90;91;93;94;97;98;99;102;107;111;113;114;115;118;119;120;122;123;125;127;128;132;134;136;138;140;141;143;145;146;147;148;149;150;151;157;160;161;163;168;169;170;171;172;173;174;177;179;181;184;186;189;190;191;194;197;199;201;202;204;206;208;211;212;216;217;218;221;222;225;226;230;234;235;241;242;244;246;247;249;250;252;253;255;258;262;264;267;268;275;277;278;280;282;285;286;287;288;289;291;292;296;298;303;305;308;310;312;313;315;316;318;321;324;325;326;328;332;333;334;335;337;344;345;347;351;353;355;357;360;363;364;368;373;374;375;376;380;381;385;387;388;390;391;392;397;398;400;401;402;403;404;407;413;414;417;418;419;420;422;423;426;427;428;430;431;433;434;435;436;439;442;444;445;446;449;451;452;454;455;456;458;466;467;471;472;474;476;481;482;484;485;486;487;490;491;495;496;498;502;506;507;512;513;515;517;518;520;521;524;525;529;530;533;534;536;539;540;543;549;551;552;553;555;558;560;565;567;571;575;576;578;579;583;584;585;587;588;589;590;597;599;600;601;604;608;611;613;615;616;617;619;620;621;622;623;624;625;626;628;629;630;631;632;634;635;638;639;644;647;651;653;654;655;662;664;665;666;669;670;674;676;677;678;679;682;684;685;687;688;689;690;693;694;695;697;698;699;700;703;704;707;708;709;710;712;713;719;724;725;727;730;731;733;734;737;738;739;742;746;749;750;751;752;753;754;755;757;761;765;770;772;773;775;776;777;779;783;784;785;787;789;792;794;795;797;800;801;802;805;806;814;819;823;824;825;826;830;832;839;840;842;844;847;848;851;855;857;858;859;861;862;863;864;865;869;870;871;873;876;879;887;889;891;893;894;895;896;899;901;902;903;906;908;911;912;920;922;923;926;927;929;932;937;938;940;942;944;947;949;950;951;953;954;955;956;961;964;967;968;970;971;975;976;978;979;980;981;983;985;986;988;995;996;998;999
54;1;11;12;14;15;19;20;23;24;25;26;28;29;30;32;34;36;38;39;41;42;46;53;55;56;57;59;60;61;62;66;67;69;70;72;73;75;76;78;81;82;84;87;88;91;92;93;94;95;98;100;101;105;108;109;110;112;113;115;116;118;119;120;121;124;127;128;133;135;136;139;142;143;147;149;151;155;156;158;161;162;163;164;167;168;169;170;171;172;173;177;178;179;183;184;186;188;189;191;192;194;195;202;203;204;205;207;210;211;214;215;217;219;220;221;226;227;229;230;231;232;233;234;235;237;242;244;245;247;248;249;251;254;256;257;258;260;262;263;266;267;269;271;275;279;283;284;285;288;290;291;292;296;297;299;301;306;307;308;309;311;312;313;314;315;318;320;321;324;325;326;328;329;330;331;332;334;336;339;340;341;344;351;352;353;354;355;356;357;358;360;362;370;371;376;377;378;379;382;383;385;386;388;389;391;392;393;395;396;399;400;401;405;406;407;410;413;414;417;418;419;420;422;423;425;426;427;428;430;436;438;439;442;443;445;446;452;453;456;461;462;465;466;468;471;472;474;476;481;483;484;485;489;490;492;493;494;499;500;502;504;507;514;515;516;519;521;523;524;526;527;529;532;535;536;539;541;543;545;546;550;551;554;555;557;560;561;564;565;569;572;573;576;577;579;580;582;589;592;593;594;596;597;599;600;603;604;610;612;613;615;616;617;619;620;622;624;626;627;628;629;632;634;646;648;652;654;656;657;658;659;662;663;664;665;666;673;676;677;678;681;682;687;692;693;694;695;696;697;698;699;702;705;708;709;710;711;712;714;715;717;719;720;721;724;725;728;736;737;738;739;742;743;745;747;752;753;754;759;760;763;764;765;767;768;769;770;772;773;779;780;784;786;787;788;790;791;793;795;796;798;800;804;805;806;807;808;809;810;811;813;815;816;825;826;827;830;831;837;839;840;844;845;846;847;848;850;851;852;853;855;856;858;859;863;864;866;868;869;871;872;873;874;875;876;881;883;884;885;887;889;890;891;892;895;896;903;906;909;912;914;915;916;917;918;920;922;924;925;927;931;933;934;936;937;938;939;940;942;943;946;951;952;956;963;965;966;969;970;971;972;973;975;977;979;982;986;988;990;991;994
55;1;4;6;7;8;9;10;15;16;18;19;22;23;24;27;28;30;31;32;33;34;35;36;37;42;44;45;46;48;49;50;54;56;58;59;61;70;74;78;79;80;81;82;85;86;87;91;94;95;99;100;101;105;106;109;113;115;116;119;120;124;125;131;133;135;137;140;143;144;145;146;148;149;150;152;156;157;161;162;163;165;167;168;169;171;173;174;176;182;183;184;185;186;188;189;192;195;197;198;199;200;203;204;205;206;207;208;212;213;214;215;217;218;219;220;223;224;226;227;229;232;233;234;236;237;239;241;243;244;245;246;247;248;249;251;253;254;258;260;262;264;270;273;274;276;278;283;285;288;290;293;294;295;298;301;305;307;310;311;313;314;315;318;320;322;324;325;328;332;334;335;338;339;340;345;346;349;350;353;357;359;360;361;364;366;367;368;369;370;371;372;382;383;386;388;390;391;393;396;397;398;399;400;402;403;404;405;407;412;418;422;423;430;433;436;441;442;447;449;451;452;455;456;458;459;461;463;464;468;473;475;476;477;478;479;480;481;482;483;485;489;490;493;494;495;497;498;501;502;506;508;510;511;512;514;515;518;519;523;525;526;529;531;535;537;538;539;541;542;548;550;551;553;554;557;559;560;562;563;565;566;567;569;571;577;579;580;581;583;584;585;586;587;592;594;596;599;602;606;609;610;611;613;616;617;618;620;621;627;629;633;636;637;640;641;644;645;647;649;650;652;653;654;660;661;662;663;664;666;667;668;669;671;672;673;675;678;680;681;683;684;686;688;690;691;693;695;696;698;700;702;703;705;707;708;712;713;714;717;719;720;722;726;728;731;732;735;736;737;738;741;744;746;747;748;749;751;752;753;754;755;757;758;761;762;763;765;766;770;777;783;786;788;790;791;794;795;796;797;798;800;801;802;804;808;810;811;814;816;818;819;822;826;829;832;835;836;838;839;840;846;847;848;849;850;851;855;856;858;859;860;863;865;867;869;870;873;877;881;883;884;887;889;893;897;899;903;904;905;906;907;908;909;910;913;915;916;918;921;922;925;931;932;936;942;943;944;948;953;954;957;958;961;962;965;968;969;971;973;981;983;989;993;994;997;998;999
56;1;3;7;9;12;13;14;15;16;23;24;28;32;38;39;43;46;49;53;54;55;57;58;59;61;65;66;69;70;71;72;77;81;82;87;91;92;93;95;97;99;101;103;107;109;112;113;115;116;118;121;122;124;126;128;129;132;135;136;138;139;149;152;157;159;166;168;170;176;179;180;185;186;192;193;194;195;197;201;202;207;210;212;213;215;216;218;220;221;222;223;226;228;229;230;234;235;236;238;243;248;255;260;263;265;266;267;268;275;277;284;286;290;293;294;296;297;299;305;306;308;309;310;313;314;320;323;327;328;331;334;338;344;350;351;353;354;355;356;357;359;361;362;364;366;367;368;370;372;373;374;377;378;383;384;385;386;387;390;391;394;395;396;399;400;402;403;408;409;412;417;421;423;424;426;427;428;430;431;433;434;435;449;452;453;455;456;457;458;460;462;466;468;469;471;474;480;481;483;484;486;487;489;490;492;494;496;497;498;500;508;510;513;514;515;518;520;523;525;527;528;529;530;532;533;534;535;536;542;543;551;553;554;555;563;564;565;568;570;573;575;578;579;580;588;589;590;591;592;593;595;597;598;603;604;605;607;609;611;613;615;617;619;620;624;626;627;631;633;637;640;642;644;648;651;652;655;656;657;658;659;663;666;677;683;684;685;686;687;688;690;691;695;696;697;698;705;708;710;711;712;714;720;721;725;726;730;731;735;737;740;741;742;743;745;748;749;751;752;758;759;760;761;762;764;767;768;772;776;777;779;782;784;786;789;790;795;796;797;798;799;800;802;806;807;808;809;810;816;817;819;820;823;826;829;832;834;835;836;837;838;839;841;842;843;844;845;846;847;850;852;853;854;857;858;861;862;863;867;868;870;873;874;875;876;877;880;882;886;889;891;892;893;894;895;901;902;904;905;907;908;917;921;922;923;926;928;930;931;934;935;936;938;939;940;942;943;946;948;950;951;952;954;955;957;961;962;963;965;968;969;971;973;974;975;977;980;982;986;987;990;991;997;998;1000
57;5;7;8;11;12;14;15;16;17;18;20;22;25;27;28;30;31;33;34;35;36;38;39;44;46;47;48;49;50;51;52;54;56;58;61;62;63;64;65;66;67;68;70;74;75;76;77;78;80;83;84;85;86;87;90;93;95;97;98;99;100;101;103;104;109;110;112;113;116;117;121;122;124;125;126;127;129;131;133;134;135;137;138;139;141;145;149;154;155;156;157;158;160;163;166;170;172;173;174;175;178;180;182;183;185;186;188;190;199;200;202;204;206;209;210;211;212;213;214;216;218;219;220;222;223;226;229;230;232;237;238;243;246;251;254;256;259;260;263;264;265;269;270;271;274;275;278;279;280;283;284;285;286;287;289;291;293;297;300;302;303;304;305;309;313;315;316;317;319;320;322;325;326;327;329;331;334;335;336;338;339;341;343;344;345;346;347;348;351;352;354;355;357;358;359;361;366;368;371;373;375;376;379;380;381;383;385;386;387;388;389;393;395;399;400;402;404;405;407;409;415;416;417;419;424;425;428;429;430;431;434;437;438;440;452;453;455;456;457;459;462;463;466;469;470;474;475;476;477;481;485;487;491;493;494;495;498;503;506;507;508;509;510;511;517;519;520;521;522;525;530;532;533;534;542;543;544;545;546;547;552;556;557;558;560;563;565;566;568;570;571;572;575;579;584;587;588;589;590;591;592;593;594;598;600;602;604;605;607;608;613;615;618;620;621;622;623;626;628;631;635;640;643;645;646;652;653;655;657;658;659;660;661;663;667;668;670;672;677;680;685;687;688;692;693;697;698;699;701;706;707;708;709;710;712;713;719;722;725;726;727;733;734;737;738;739;742;744;748;749;750;752;753;758;759;760;764;766;767;769;771;772;773;775;776;778;779;780;781;784;785;787;788;790;795;796;797;798;800;801;803;807;808;809;811;813;819;821;824;827;829;830;833;834;836;839;840;841;842;844;845;849;854;855;858;859;863;864;865;870;871;876;877;879;881;882;884;889;892;893;894;899;906;907;908;912;917;921;924;925;926;929;931;932;933;934;938;939;941;943;944;945;949;954;955;956;957;960;962;967;968;970;972;973;974;975;979;980;982;985;990;991;994;996
58;1;4;7;8;9;10;15;16;18;19;24;26;27;28;29;31;32;33;35;36;37;38;39;41;43;45;46;47;50;52;53;55;56;57;60;62;64;65;67;70;75;78;80;81;88;89;97;99;101;102;103;105;107;108;110;112;114;115;117;122;123;125;127;128;133;134;135;137;138;139;141;142;143;144;145;147;148;149;153;155;156;159;163;164;166;169;172;175;176;177;179;180;183;184;186;188;189;190;193;196;197;198;200;201;202;204;205;206;207;208;209;210;211;212;214;218;219;220;225;226;229;230;231;232;233;235;236;238;239;240;242;243;244;246;248;250;251;253;255;257;258;264;267;269;274;276;281;282;284;288;289;292;293;295;297;300;301;303;304;305;306;307;309;310;312;313;314;315;316;317;318;319;324;325;327;328;329;330;331;332;335;336;339;344;346;347;348;349;350;351;352;353;356;357;358;359;361;363;365;366;368;371;372;379;380;385;387;388;392;393;395;396;398;400;404;405;406;409;412;413;414;415;417;418;422;424;426;428;430;431;432;434;435;436;438;440;445;446;449;450;451;453;458;459;462;466;468;470;471;474;478;479;481;482;484;486;488;489;490;492;493;495;496;497;500;504;506;507;508;509;511;520;521;522;525;532;534;535;536;537;543;544;546;548;549;552;555;557;558;559;561;563;568;569;571;573;576;577;579;582;585;587;589;590;600;601;602;603;605;608;609;611;614;615;623;625;626;628;632;635;637;639;640;644;646;647;648;651;652;656;657;660;663;664;665;666;667;668;670;671;674;677;679;682;683;690;692;693;695;696;697;698;703;704;710;711;712;716;718;719;720;721;722;723;724;726;727;730;732;735;736;737;738;739;740;741;743;744;745;747;748;750;751;752;754;755;756;760;762;765;766;768;769;770;771;772;773;774;778;779;781;782;784;786;788;789;790;791;792;794;795;798;799;802;806;808;811;812;815;816;817;818;819;821;822;823;826;828;830;831;835;839;844;848;854;855;856;858;859;860;862;863;864;865;868;870;872;874;878;879;881;884;885;886;888;891;895;896;897;899;900;901;904;905;906;908;909;912;913;914;921;922;924;926;928;930;931;933;936;938;940;941;942;944;945;946;949;953;954;955;956;957;961;963;964;971;973;974;975;976;979;980;984;989;990;991;992;993;995;996;998;999;1000
59;4;5;6;11;13;16;17;19;20;22;25;26;29;30;32;34;35;39;40;41;44;46;48;49;51;52;54;55;56;62;63;65;67;71;72;78;79;80;82;83;85;87;88;90;95;96;100;101;103;104;107;109;111;114;115;117;118;119;120;122;123;125;135;138;139;140;141;142;143;145;149;150;152;155;157;159;160;162;163;164;165;166;167;170;172;174;175;176;177;180;181;182;183;186;187;190;193;195;199;201;203;204;205;206;207;209;210;211;213;215;216;219;222;223;224;227;228;229;230;232;233;236;237;238;239;240;241;243;244;247;248;250;251;255;256;257;259;260;261;266;268;269;270;272;273;274;276;279;280;283;284;285;286;287;288;289;290;292;296;298;300;304;309;311;313;315;317;319;320;321;324;326;327;328;329;330;332;333;334;336;338;341;342;343;344;345;346;347;349;350;353;354;356;357;360;363;366;368;370;371;373;375;377;378;379;380;381;383;386;387;389;390;392;394;396;398;401;403;406;407;410;411;412;415;419;420;423;424;425;430;432;434;437;442;443;444;445;447;449;450;452;453;455;457;459;461;462;464;465;466;467;468;469;470;471;475;476;477;479;480;483;487;488;489;490;493;495;499;501;502;504;505;507;510;511;514;516;517;518;521;523;524;525;526;528;533;536;538;540;543;545;548;549;551;552;554;559;561;562;563;564;565;566;568;570;571;576;577;579;583;584;585;586;590;591;592;593;594;595;600;601;602;604;605;606;608;609;610;611;612;613;617;618;619;620;624;629;633;634;636;638;639;640;643;644;645;650;651;652;654;655;660;661;665;666;667;668;669;670;671;673;676;678;680;681;683;687;691;696;699;700;701;702;706;709;710;711;714;716;718;719;720;723;725;727;729;730;732;733;734;735;743;744;747;748;749;753;754;760;762;764;770;771;775;783;784;785;788;792;793;798;799;800;801;806;808;809;811;814;816;818;821;822;825;826;827;830;831;832;833;834;835;836;837;838;839;840;841;842;843;847;848;850;853;855;856;858;859;861;862;864;866;867;871;876;877;878;880;881;883;884;885;887;890;892;893;894;895;896;903;906;908;910;911;912;914;915;916;917;918;920;922;923;924;929;930;932;933;938;942;943;944;947;951;952;955;956;958;961;965;969;971;972;974;975;976;977;981;982;984;985;989;990;991;993;994;998
60;2;3;5;6;7;8;9;10;12;15;18;22;23;26;27;28;30;33;37;42;43;44;45;46;48;50;51;52;53;54;58;61;62;63;65;67;68;69;71;72;73;74;75;78;79;80;83;84;88;89;90;91;92;96;99;100;103;104;105;107;108;109;111;112;114;117;118;119;121;122;123;124;126;127;128;129;130;139;140;145;147;151;152;157;158;160;166;167;169;173;178;179;180;181;182;185;191;195;197;198;203;204;205;207;208;209;213;214;215;217;227;231;233;234;235;236;239;240;241;245;247;250;254;257;258;259;260;262;263;264;265;267;270;272;277;284;285;288;289;291;292;294;296;298;299;302;304;305;308;310;311;312;315;316;317;318;324;325;327;330;331;333;335;336;339;340;342;343;344;345;346;350;352;356;357;358;360;361;369;370;372;374;377;378;379;380;382;385;391;393;395;396;397;398;401;403;404;406;408;409;410;411;413;417;418;419;420;422;423;425;427;429;435;437;439;440;441;443;444;446;449;451;455;456;457;459;460;461;464;466;470;471;472;473;474;475;478;479;480;481;482;487;488;489;490;491;492;493;498;499;502;503;505;512;513;516;520;521;522;523;524;526;529;530;532;534;538;544;548;550;553;555;558;559;560;561;562;563;565;566;569;570;571;575;579;580;581;585;587;589;590;593;594;595;596;597;600;601;602;604;606;608;613;614;615;616;618;619;621;624;625;627;629;630;632;634;635;636;638;641;642;643;646;651;654;655;657;662;666;670;672;673;674;676;678;679;680;686;688;689;691;692;693;695;696;700;701;702;705;707;710;711;713;714;715;724;726;730;731;732;735;736;737;738;739;740;742;744;746;748;751;752;753;754;755;756;758;760;761;763;765;767;770;773;776;777;778;779;780;782;784;785;787;791;792;793;796;797;798;799;800;802;804;805;807;808;810;812;813;815;817;819;822;823;825;830;831;835;843;845;846;847;848;850;853;855;856;857;858;859;860;862;863;871;873;875;876;877;878;879;881;882;883;884;888;889;895;896;897;898;899;901;902;903;904;909;910;915;919;924;925;926;928;929;933;937;938;939;940;941;944;945;947;949;952;953;955;960;961;962;964;966;967;968;970;971;975;977;978;980;982;984;986;987;991;993;994;996;997;998;999;1000
61;1;3;4;5;6;11;12;14;15;17;18;19;25;28;33;34;35;36;40;41;43;49;51;52;54;55;56;57;60;62;65;66;71;72;73;74;76;78;79;82;84;85;87;89;94;95;96;98;100;103;104;106;108;110;111;113;115;118;119;124;126;128;130;132;138;139;144;146;150;152;155;156;157;159;164;165;166;168;169;171;172;173;174;175;178;180;181;182;184;187;188;190;191;192;195;196;198;202;203;205;206;209;213;215;216;217;221;225;226;229;230;232;235;236;239;241;242;244;246;247;250;251;255;256;257;258;259;260;264;265;266;270;271;273;275;276;277;278;279;282;284;286;287;289;292;293;294;295;296;297;298;301;304;305;307;308;310;311;312;314;316;321;322;323;324;327;328;329;332;333;338;340;341;343;344;346;350;353;354;355;362;363;367;369;370;374;375;377;378;379;383;385;386;388;389;390;392;394;396;397;399;400;402;403;407;410;411;413;415;416;419;421;422;423;426;427;428;429;431;434;435;437;438;439;440;448;451;453;454;456;458;459;461;462;463;465;470;472;473;475;479;480;481;483;484;485;486;487;488;489;491;492;493;496;498;500;503;506;509;512;514;516;518;520;522;524;525;526;527;528;529;532;534;535;537;540;542;544;545;546;547;550;551;554;555;556;558;559;560;561;563;570;571;578;579;582;586;589;590;594;596;598;600;601;602;605;606;608;610;613;614;615;618;620;622;623;625;627;628;630;632;633;634;635;640;643;644;645;646;648;650;651;652;654;660;663;667;669;670;672;673;676;679;680;681;684;686;690;691;693;694;697;699;700;701;702;703;705;707;710;711;715;716;718;719;722;724;725;726;728;730;731;733;734;738;739;740;747;748;749;751;754;757;758;760;761;763;764;771;772;774;775;782;783;788;789;794;795;796;800;801;804;805;807;808;809;815;818;820;823;824;825;826;827;829;831;832;837;838;840;841;842;844;848;850;854;855;857;859;860;866;867;868;871;872;873;881;882;883;887;888;891;893;894;896;900;901;902;903;908;909;910;911;912;914;916;923;924;926;927;928;930;934;935;936;937;938;940;941;942;943;947;948;950;951;952;953;956;958;962;963;964;967;969;970;971;972;973;974;976;977;979;983;984;986;987;988;990;991;992;993;995;996;998
62;2;3;5;9;13;15;20;22;23;25;26;27;28;29;31;34;39;40;42;44;45;49;52;53;54;57;58;59;60;61;67;74;76;83;84;86;87;88;90;92;94;98;100;101;102;104;105;111;112;116;117;119;122;124;125;132;135;136;137;138;141;143;144;146;147;149;150;152;154;156;161;163;166;167;172;177;178;179;181;183;189;191;192;194;196;197;198;199;200;202;206;207;208;214;216;217;218;219;221;223;224;230;231;232;237;238;239;240;242;244;245;246;250;251;252;253;255;256;257;258;260;261;265;267;268;269;272;273;274;275;276;278;279;280;283;284;286;289;290;292;293;294;298;300;303;304;306;307;309;311;312;314;315;317;318;321;322;323;324;326;327;332;333;334;335;336;337;338;339;340;342;343;344;345;347;349;351;356;358;362;363;365;369;370;371;372;373;376;380;382;383;384;388;390;391;392;394;395;396;403;405;406;407;411;412;413;414;419;421;423;424;426;427;429;435;436;438;440;443;445;446;448;452;454;458;460;461;463;464;465;467;468;469;470;471;472;473;474;477;478;480;482;484;488;489;491;492;495;499;500;501;504;505;507;511;512;513;521;522;529;533;539;540;542;545;546;547;550;551;554;555;557;560;561;563;564;568;569;570;571;574;575;576;577;579;580;581;584;586;588;590;593;594;595;596;597;598;600;605;610;611;614;616;617;619;620;621;622;626;628;630;631;636;637;640;642;643;644;645;646;648;652;653;654;655;659;660;661;662;664;665;666;670;671;675;677;680;681;685;686;687;688;690;692;696;697;698;700;702;703;705;707;710;712;713;714;715;716;717;721;724;725;726;727;729;733;736;737;738;739;740;743;744;745;747;749;752;754;755;757;758;761;763;764;765;766;767;769;771;772;776;778;779;780;781;782;786;788;789;791;794;795;797;798;799;800;804;805;806;807;808;809;811;812;816;820;822;823;826;832;833;839;841;843;847;848;851;852;857;858;859;860;863;865;866;868;870;872;874;875;879;880;881;885;889;890;891;894;895;896;897;898;899;904;905;907;909;911;913;921;922;923;927;930;931;932;934;936;937;938;939;940;941;942;943;950;952;953;955;956;957;959;960;963;970;974;977;979;980;981;982;983;984;988;989;990;991;992;993;997;999
63;2;6;7;8;11;13;16;18;19;20;24;25;26;27;30;32;34;37;39;41;42;45;46;48;50;53;57;59;60;64;65;66;68;70;71;72;74;76;78;79;80;81;84;85;86;87;88;92;94;95;96;97;99;104;108;109;110;112;113;115;116;117;118;119;121;122;123;125;128;130;131;132;136;137;138;140;145;146;147;148;149;151;157;160;161;162;163;164;166;167;168;169;171;172;173;176;179;180;181;185;186;187;188;189;190;192;195;196;197;200;201;202;204;205;208;211;213;214;215;219;221;223;224;227;237;238;243;244;249;252;255;257;258;259;261;262;267;269;273;275;276;279;280;281;282;284;287;294;295;296;297;299;300;303;304;305;306;308;311;312;315;316;318;321;325;326;333;334;337;339;340;343;345;346;349;351;353;355;356;357;358;359;360;361;362;363;364;365;368;369;374;375;376;377;379;380;381;383;385;387;388;390;396;399;400;403;404;405;407;408;412;414;415;418;419;421;428;429;437;438;439;441;442;446;447;449;450;453;454;455;459;461;462;463;466;468;471;472;473;476;478;481;483;487;492;493;495;497;498;499;500;504;506;507;509;511;512;513;515;516;517;518;519;527;528;529;530;531;532;533;534;535;536;537;540;541;542;543;546;547;548;549;553;554;555;557;559;560;564;565;566;569;570;571;575;576;577;578;579;582;583;585;588;589;593;594;597;598;599;600;602;603;605;606;612;613;614;615;616;618;619;622;623;624;627;629;631;633;637;640;642;643;647;652;653;654;658;659;660;663;664;666;667;668;669;671;675;676;677;678;680;683;685;687;689;692;693;695;696;697;699;701;702;703;704;706;708;709;712;713;714;715;719;720;721;724;726;727;729;732;737;738;739;740;741;742;743;745;746;750;751;754;755;757;758;759;762;763;764;766;767;768;769;770;772;779;780;781;782;783;784;786;792;794;795;796;798;801;802;803;804;807;808;809;811;812;814;815;820;823;825;826;827;828;829;831;832;833;835;840;842;844;845;847;848;849;854;855;856;857;858;860;861;862;864;870;871;873;875;876;880;881;882;884;885;886;887;889;890;891;892;893;894;895;897;898;899;900;901;902;904;906;913;915;917;918;921;922;923;924;927;932;934;938;939;943;945;948;953;954;955;956;957;962;963;966;973;975;976;979;982;985;990;993;996;997
64;3;5;7;8;10;15;17;19;20;21;23;25;26;27;28;29;31;32;34;36;37;38;39;43;45;47;48;53;57;58;63;65;67;70;71;74;77;79;80;81;87;88;92;97;100;101;104;105;107;108;114;115;117;120;126;127;131;134;135;138;142;143;145;147;149;150;155;157;158;162;165;166;168;169;170;171;173;179;181;184;185;189;192;193;194;195;197;198;201;204;205;206;207;208;211;212;213;214;218;219;220;221;224;227;228;230;231;232;233;234;237;239;242;244;247;250;251;254;258;259;260;263;264;265;266;268;269;271;273;274;275;276;279;280;281;282;283;284;287;289;291;292;294;297;299;301;302;304;305;309;314;316;318;319;320;321;323;324;327;328;329;331;332;333;336;341;342;344;346;350;351;352;354;355;357;359;361;363;366;367;368;369;371;372;375;376;379;381;383;384;386;388;391;392;395;397;398;400;403;410;411;412;413;414;415;417;419;423;424;427;430;436;440;441;442;444;447;451;454;458;463;464;468;469;471;472;473;475;476;477;478;479;486;487;489;490;491;492;493;494;499;500;501;504;505;506;508;512;513;514;517;520;522;523;526;528;529;530;534;535;538;539;540;544;545;546;549;550;552;554;555;558;559;560;562;564;567;568;569;570;574;576;577;578;579;580;581;584;585;586;589;598;599;600;603;604;609;610;611;612;613;614;615;622;623;624;625;626;631;632;633;635;636;637;638;640;642;643;645;646;647;648;649;650;653;654;656;659;664;666;670;671;672;673;674;678;683;684;685;686;687;688;689;694;695;697;698;699;702;703;706;707;708;710;711;712;713;714;716;717;719;720;722;724;726;729;730;732;738;739;744;748;749;750;751;753;755;757;758;761;763;765;771;773;776;779;780;781;782;783;784;786;788;790;795;796;799;801;802;803;806;809;813;815;816;817;818;819;820;821;822;824;832;833;836;837;839;841;842;845;846;847;849;853;854;858;860;861;865;866;868;870;873;876;878;879;881;882;884;892;893;894;898;900;901;903;905;906;907;911;912;913;921;923;924;927;928;931;932;933;938;939;940;943;944;945;949;953;954;956;957;958;959;963;964;966;969;970;971;972;973;974;978;980;983;984;985;988;990;991;995;999;1000
65;1;2;3;4;5;6;7;8;9;15;21;23;24;26;28;29;30;31;33;34;35;36;37;40;41;42;43;45;46;50;53;56;57;58;59;60;61;63;64;67;69;70;74;77;78;79;80;81;82;85;86;87;90;95;101;103;104;107;111;113;115;116;119;120;121;126;129;132;133;137;139;140;141;142;143;144;146;147;148;149;151;152;153;154;156;158;160;162;167;168;169;171;174;176;177;182;191;194;195;203;204;217;221;224;228;231;232;239;242;243;244;245;246;247;249;250;252;254;256;261;262;263;264;265;266;269;272;273;274;276;277;279;280;283;285;287;290;292;294;295;296;298;304;306;308;309;310;313;315;317;319;321;323;326;328;329;330;331;332;333;334;339;341;343;344;346;347;348;350;353;356;358;359;360;361;362;363;367;370;373;379;380;381;384;385;387;388;391;393;395;396;397;398;399;402;405;407;411;412;417;418;419;423;425;426;432;433;438;442;443;444;445;447;448;449;451;452;455;456;459;463;466;467;468;469;470;473;475;476;477;478;479;482;483;484;485;486;487;488;489;493;495;500;501;502;503;504;506;507;516;517;520;523;525;526;527;529;532;533;534;535;536;539;540;542;543;544;547;548;549;550;552;554;555;556;557;559;561;562;563;564;565;568;570;571;572;573;574;575;578;579;580;585;590;591;593;595;596;610;611;613;615;619;620;621;622;623;627;628;629;632;633;636;639;642;644;646;648;649;651;652;655;661;664;667;668;669;673;674;675;676;677;679;682;683;688;691;692;694;697;699;700;702;703;704;705;708;710;712;713;716;722;724;725;726;729;730;731;732;733;737;738;739;741;745;746;748;749;751;753;754;756;759;761;764;765;766;769;770;772;776;778;779;781;786;787;788;789;791;792;794;796;797;800;802;805;808;811;812;813;815;817;819;820;822;823;826;827;831;833;839;840;843;846;851;852;855;856;857;861;865;868;869;871;873;876;877;878;880;881;882;883;884;885;887;889;891;893;899;900;902;905;907;909;910;911;913;918;919;921;923;926;928;930;931;933;935;937;943;946;948;950;951;954;955;959;960;961;963;965;969;970;971;973;975;979;980;981;983;984;985;986;987;988;989;991;993;994;995;996;998;1000
66;1;2;5;12;17;19;20;22;23;24;26;28;29;30;31;33;36;41;45;47;49;51;52;54;56;57;61;63;67;69;71;74;75;76;78;85;86;87;89;90;91;97;98;99;101;103;110;112;113;118;121;122;125;126;129;131;132;133;135;137;139;140;142;146;148;150;153;154;155;156;157;158;160;161;164;165;166;167;168;169;170;172;175;176;182;188;189;192;193;195;196;197;198;199;202;208;213;215;217;218;219;222;223;225;227;229;231;232;233;234;235;241;243;246;247;248;249;251;252;255;257;258;262;263;265;268;272;273;275;276;278;279;280;282;283;284;285;287;288;289;291;294;295;296;302;303;305;309;312;313;315;316;317;319;320;321;322;323;324;325;326;329;334;335;336;338;342;344;347;348;350;351;354;358;362;363;366;370;373;375;377;380;381;382;383;384;388;390;393;394;395;397;399;402;403;407;415;417;418;420;423;425;429;430;431;432;433;435;438;439;444;446;448;449;451;452;454;455;456;457;458;459;460;461;462;463;464;467;471;478;479;482;485;489;493;495;496;497;504;506;507;511;512;514;515;523;527;528;530;532;533;534;535;536;537;539;541;542;543;545;556;557;560;564;566;568;571;572;573;574;575;576;578;579;580;583;584;585;588;589;591;592;593;595;596;597;599;600;601;602;604;606;607;609;612;613;614;619;621;623;627;629;630;631;632;636;637;639;641;643;644;645;647;649;650;651;652;654;655;658;662;663;665;667;668;669;670;671;674;675;680;681;685;687;688;689;690;692;695;699;703;705;711;713;714;715;716;719;723;725;728;729;732;736;737;738;739;742;744;745;746;747;750;751;752;753;756;757;759;761;763;765;768;769;770;771;772;773;776;782;784;785;786;789;791;792;797;801;802;804;806;809;810;812;816;818;819;820;822;825;831;832;833;834;836;837;838;839;842;843;845;847;851;852;853;855;858;862;863;866;867;869;871;873;874;876;877;879;881;883;886;887;888;889;890;893;894;896;899;900;901;904;906;907;908;910;912;915;916;919;921;922;923;924;927;929;931;938;941;942;943;944;946;949;951;957;965;968;969;970;972;975;976;977;980;983;985;986;992;997;1000
67;1;2;5;6;14;15;16;17;18;19;21;24;25;26;30;31;32;33;34;37;38;39;40;43;45;46;48;51;52;53;54;57;58;59;60;62;64;65;66;69;73;75;79;81;83;87;88;89;91;94;96;97;99;101;103;105;107;108;110;112;113;114;115;116;117;119;120;121;124;125;126;127;130;131;132;135;143;144;145;149;152;153;154;155;156;163;165;166;167;169;172;173;176;177;179;180;182;183;184;185;190;192;193;194;196;197;198;200;201;203;204;205;207;210;214;215;216;218;221;222;223;225;231;233;236;237;239;243;244;245;250;251;252;253;255;258;260;261;262;269;270;271;274;275;279;282;283;285;286;287;288;292;295;296;297;299;300;302;305;306;308;312;314;316;317;318;319;321;322;324;325;326;327;330;331;332;334;337;338;339;340;341;345;346;347;350;351;354;355;356;357;359;362;363;364;365;369;372;373;374;375;376;377;379;383;388;390;395;398;400;403;404;405;413;414;416;419;421;422;425;426;427;429;430;431;435;436;437;438;439;443;448;449;451;455;456;457;458;460;461;462;467;468;469;470;471;473;474;477;479;481;482;484;488;489;490;492;495;496;497;498;499;502;503;504;507;509;512;514;518;520;521;525;526;528;530;531;532;534;536;540;541;542;543;544;545;547;548;550;551;553;554;555;556;562;563;566;569;573;574;575;577;580;581;582;583;585;587;591;592;593;595;596;599;600;601;602;604;606;611;612;613;618;619;622;623;625;627;631;633;639;640;642;644;646;649;652;653;657;659;664;665;666;672;679;681;682;683;684;687;690;691;693;694;697;700;703;705;707;709;711;712;713;716;718;719;720;721;722;728;729;730;734;735;736;737;738;743;744;745;747;748;750;753;754;755;760;766;767;768;769;770;772;774;778;779;781;782;784;790;791;795;797;798;800;802;804;805;807;808;811;813;814;815;816;817;819;821;825;826;827;828;829;832;833;834;835;837;838;839;840;842;843;844;845;846;849;850;852;857;860;861;863;864;865;866;869;870;872;875;877;878;879;882;883;884;886;887;893;894;896;897;899;901;902;903;906;907;911;913;914;916;917;918;919;923;926;929;932;933;939;940;942;949;951;952;955;956;957;959;960;962;963;966;968;970;973;975;976;977;979;980;981;982;983;986;993;994;995;996;997;1000
68;4;6;7;8;11;12;14;15;16;17;23;24;28;30;31;32;33;34;35;38;39;41;42;46;47;48;50;51;53;57;60;63;70;74;77;79;80;84;86;88;91;92;93;94;95;98;99;101;102;110;114;115;117;122;126;131;132;133;134;142;143;145;147;148;149;150;152;153;155;157;161;163;164;165;169;170;174;176;178;181;182;183;184;186;194;195;196;197;198;199;204;205;207;211;213;215;216;218;222;223;225;226;228;233;234;235;236;243;244;251;255;258;265;266;267;268;271;275;278;280;281;282;284;287;293;296;297;299;300;301;302;304;306;308;310;312;314;315;316;318;320;321;324;326;327;328;329;331;333;334;337;339;344;345;346;349;350;351;354;357;359;361;362;363;368;369;371;372;375;376;378;380;381;382;385;387;388;389;390;392;393;395;397;399;400;401;403;404;405;407;410;418;419;420;421;425;429;431;433;434;436;440;441;442;444;446;447;453;454;455;457;458;461;462;463;466;467;469;470;471;472;474;476;478;483;486;487;488;490;493;494;497;499;500;501;502;503;506;507;513;514;515;516;517;518;522;524;525;526;531;533;535;536;539;543;544;545;547;548;552;554;556;558;560;561;564;565;567;568;570;571;572;574;579;581;583;584;585;586;587;590;593;595;596;598;599;600;601;602;608;610;614;616;617;618;620;621;623;626;629;630;631;632;634;635;637;640;646;651;653;655;656;658;659;664;667;668;669;670;671;672;673;676;677;681;682;683;686;687;688;689;690;691;694;696;697;699;702;703;708;710;711;714;715;716;721;725;727;728;729;731;733;737;740;741;743;745;750;751;752;754;756;758;759;762;763;764;765;766;767;771;773;774;776;778;779;780;781;782;784;788;789;790;791;793;795;797;798;799;805;807;808;809;812;814;815;817;819;820;824;825;826;827;832;833;834;835;836;841;842;843;844;846;851;853;855;856;857;858;860;861;864;865;868;869;870;873;876;877;878;879;880;883;884;885;886;889;895;898;901;902;904;906;908;909;912;913;914;915;917;918;920;923;925;926;929;930;932;933;935;936;937;938;942;945;946;947;951;952;953;955;957;958;962;964;966;967;968;969;974;975;976;979;981;984;985;989;990;991;992;994;995;998;999
69;5;6;7;11;12;13;16;17;19;21;25;27;28;30;34;35;41;44;45;46;50;51;53;54;56;60;65;66;67;70;73;74;78;80;84;87;90;91;92;93;95;100;103;104;107;108;111;112;113;114;115;116;118;119;121;122;125;132;137;138;140;142;143;146;147;148;152;154;158;163;164;166;167;168;169;171;172;173;174;176;182;183;184;187;188;190;191;197;198;199;202;203;205;206;208;209;210;211;214;215;217;218;221;222;224;225;226;229;231;233;234;238;240;241;242;243;244;246;249;251;252;253;254;255;256;257;259;260;263;264;266;268;269;270;272;274;276;279;281;282;288;291;292;295;296;297;298;302;305;307;309;312;313;317;319;320;322;323;325;328;331;332;334;335;336;339;340;342;347;348;350;351;353;356;357;358;365;366;368;369;371;375;377;378;380;386;390;393;395;396;399;401;403;404;405;406;410;411;413;414;415;416;417;420;422;425;427;429;433;434;436;438;441;442;443;444;445;446;449;450;452;453;455;458;460;463;466;467;468;470;471;472;473;474;475;477;479;480;486;487;491;500;501;504;508;512;513;514;517;519;520;522;523;524;526;528;531;532;533;536;540;544;545;546;549;550;554;555;557;558;561;563;565;566;570;572;573;575;579;581;583;584;586;587;590;591;592;595;596;599;600;601;602;603;604;610;612;614;615;620;621;622;623;624;625;627;628;631;632;633;634;638;639;640;642;644;646;647;649;651;654;657;660;661;665;667;668;669;670;673;674;677;678;679;680;681;683;686;687;688;690;691;693;695;698;704;705;706;707;708;711;714;716;717;718;719;722;725;726;732;734;737;738;739;745;746;749;751;754;755;757;758;759;760;761;763;764;767;769;770;774;780;782;786;788;789;790;791;792;797;799;803;805;808;809;812;813;815;816;818;820;821;823;824;825;826;827;828;829;831;832;834;835;836;838;841;842;844;845;846;848;849;851;852;853;854;856;857;858;861;864;866;870;871;872;874;876;877;879;881;884;885;887;888;889;893;896;901;902;903;904;905;906;912;913;914;915;917;918;920;927;931;934;935;936;937;940;941;942;943;944;945;946;947;949;950;951;952;955;956;958;959;960;963;965;966;967;969;971;973;974;976;980;981;982;984;986;988;990;992;1000
70;4;5;8;9;10;11;14;15;19;20;21;22;23;26;28;29;33;35;36;37;39;40;42;43;44;45;47;48;53;54;55;56;57;58;63;64;65;68;69;71;72;73;74;75;76;78;82;83;85;87;88;90;91;92;93;96;98;99;100;102;104;105;108;109;110;111;113;114;115;116;118;121;122;127;128;136;137;140;141;143;145;147;150;152;154;155;156;157;159;162;165;167;168;170;171;175;176;178;182;186;187;188;189;190;191;192;194;197;198;199;200;201;202;203;206;207;210;211;215;217;219;220;222;224;226;229;230;232;233;236;237;239;240;242;243;244;248;249;250;253;254;257;259;263;264;270;272;274;275;276;278;279;281;284;287;288;291;292;294;295;296;297;299;300;302;303;306;308;313;314;321;324;325;326;327;328;330;331;332;333;334;337;339;341;342;344;346;347;349;354;356;357;359;360;361;364;365;367;369;370;372;374;377;380;386;387;389;390;391;393;394;398;400;401;403;404;405;406;407;408;409;412;416;423;425;429;431;432;433;436;438;440;441;447;448;449;450;452;453;454;458;460;463;464;469;471;472;475;478;479;481;482;483;484;487;488;490;492;494;497;502;503;504;509;520;522;526;529;531;532;539;540;542;545;547;548;550;552;553;559;560;562;563;567;571;572;573;578;582;583;584;585;586;588;589;590;591;594;595;597;599;600;601;603;605;606;607;609;611;615;616;618;619;622;624;626;628;629;630;632;633;635;637;640;641;642;646;649;650;653;656;657;659;660;663;665;666;669;670;671;672;675;676;677;678;680;681;682;683;684;685;686;687;688;693;694;695;696;698;701;703;704;708;709;711;712;713;715;719;720;722;723;728;731;734;735;736;737;739;740;741;743;746;748;749;750;752;756;760;762;763;764;766;768;770;771;779;780;784;786;788;795;800;801;803;804;805;807;810;811;819;820;823;824;826;829;831;832;833;834;835;839;840;842;843;844;849;850;851;858;859;860;862;863;865;869;870;871;874;879;880;881;882;883;887;888;890;891;892;893;895;898;899;900;902;904;906;907;912;913;916;918;922;926;927;928;929;930;932;933;934;935;936;937;938;939;941;943;945;946;947;949;952;953;954;955;957;959;967;968;969;971;974;975;977;978;979;982;984;986;987;988;990;991;992;993;995;997
71;2;5;6;7;9;12;13;14;18;19;21;24;26;31;39;40;42;49;50;51;53;56;59;60;61;63;64;66;70;73;74;77;78;82;84;85;86;87;88;90;92;93;94;96;97;99;103;104;105;107;108;113;116;118;119;120;123;124;129;130;132;133;134;136;138;139;140;141;143;144;145;148;150;152;153;154;155;157;158;161;162;163;165;167;170;171;174;175;179;180;181;182;186;188;190;192;193;194;199;200;201;202;205;206;208;209;210;211;213;214;216;218;219;223;226;228;232;234;236;241;242;246;249;252;254;256;259;261;262;264;267;268;269;271;272;273;276;279;281;282;284;285;286;288;290;292;293;294;295;296;298;299;300;303;304;305;307;309;311;316;318;319;324;326;327;329;331;335;336;338;340;342;343;345;346;349;350;353;355;356;358;362;363;364;365;366;368;369;370;374;375;377;380;382;388;389;390;392;396;397;401;403;405;407;408;409;411;413;414;417;420;422;423;425;427;428;430;431;432;439;440;443;444;445;447;448;451;459;461;467;470;471;479;480;481;482;484;485;486;487;490;491;492;493;495;496;501;502;503;505;509;510;511;512;513;516;520;521;522;524;526;528;530;531;533;534;536;537;538;539;541;542;546;549;550;551;554;555;556;557;558;559;561;562;563;565;566;567;568;573;575;576;577;581;583;586;590;591;593;594;598;604;610;612;615;618;621;625;627;629;631;632;634;636;638;644;645;647;648;652;653;654;656;664;665;670;674;675;676;677;678;679;681;684;685;686;688;690;691;693;694;695;696;697;699;701;703;704;709;710;713;714;715;716;718;721;724;726;727;729;733;734;736;737;740;742;745;746;747;749;751;752;757;759;760;763;767;768;772;773;776;778;779;780;783;784;786;787;788;789;791;792;794;795;796;798;802;803;805;809;810;812;813;814;816;818;820;823;824;825;826;829;834;836;838;842;845;848;850;854;856;857;858;860;863;864;866;867;868;869;871;873;874;875;876;879;880;881;882;885;890;891;892;893;896;897;901;902;904;905;907;908;910;911;912;913;914;918;920;922;926;927;930;931;932;933;934;936;938;943;944;948;950;952;953;955;956;960;964;966;971;974;977;979;982;983;984;986;987;989;990;991;993;994;995;997;998;999;1000
72;2;3;4;6;7;9;10;14;15;16;17;18;19;21;24;25;27;28;29;36;39;42;43;44;46;48;50;54;56;59;60;61;63;70;73;74;77;80;82;83;85;86;88;90;94;95;97;99;100;104;105;106;107;108;111;113;120;124;125;127;129;131;133;136;137;138;139;140;143;146;148;149;152;155;157;159;161;162;163;167;171;172;173;177;178;182;183;186;187;188;189;190;193;194;196;197;198;199;200;201;202;203;204;206;207;209;210;213;214;215;216;217;222;223;224;225;226;227;229;230;231;234;235;237;240;242;244;245;246;249;252;254;257;262;267;268;271;272;273;275;276;278;279;280;281;282;283;285;287;289;291;293;294;296;298;299;303;304;307;311;313;315;317;318;319;320;321;322;330;331;332;333;335;342;343;348;351;353;354;359;360;364;365;366;367;368;369;374;375;376;378;379;382;383;388;389;390;393;395;397;403;407;409;413;414;420;421;422;426;427;430;431;434;439;440;444;445;446;447;448;449;450;454;455;456;457;458;459;461;462;468;469;470;472;474;477;479;481;482;484;485;486;487;489;492;494;496;498;501;504;507;512;514;518;521;523;526;532;533;534;537;539;541;542;543;545;548;550;552;553;554;555;556;557;560;561;562;563;564;565;566;572;575;576;579;580;581;582;584;587;589;590;591;592;595;601;606;607;608;611;612;616;618;622;623;625;627;628;629;630;631;634;635;637;638;640;642;644;645;646;649;650;653;654;655;656;657;658;659;660;661;662;666;667;670;673;674;676;678;679;680;682;684;685;687;688;689;690;693;694;695;698;702;703;705;706;709;711;713;715;716;718;720;721;722;724;725;727;733;735;738;741;742;743;749;752;759;767;774;777;778;779;780;781;782;785;792;793;794;796;797;800;804;807;808;810;811;814;815;816;818;819;824;827;829;831;832;838;840;841;844;845;846;849;852;853;854;856;858;859;865;868;869;870;871;873;876;877;878;886;887;888;890;894;895;896;897;903;904;905;906;907;910;912;913;916;920;921;922;924;925;927;928;930;931;937;938;940;943;944;945;947;948;949;951;955;956;960;968;970;971;978;979;980;982;983;986;987;988;989;990;991;993;994;996;997;998;999;1000
73;1;2;3;4;9;10;14;15;18;19;20;21;22;23;24;25;27;28;29;32;34;36;37;40;41;43;44;45;52;54;60;61;67;69;70;71;72;77;78;80;82;83;85;87;88;89;91;94;95;97;99;103;105;107;109;111;115;116;117;118;119;120;121;122;126;129;130;132;133;135;139;142;144;148;155;156;158;163;165;168;169;171;172;173;174;176;177;178;181;182;183;187;190;193;194;196;199;200;201;204;205;206;207;209;210;212;217;219;221;223;224;227;229;230;231;235;236;238;239;240;243;244;249;251;255;256;257;258;261;262;267;271;272;273;274;275;276;278;279;285;287;290;291;293;294;297;303;304;307;308;309;315;317;322;324;325;334;335;338;339;340;341;345;346;347;348;349;350;351;352;353;355;358;359;360;362;363;368;370;372;373;376;377;378;380;381;382;383;385;390;393;395;398;400;401;403;405;406;407;408;409;410;417;420;422;424;430;431;432;433;435;437;440;442;443;444;449;451;452;453;454;456;460;463;464;466;467;468;469;470;471;472;473;474;476;479;480;482;483;484;485;486;487;489;490;493;495;498;499;500;501;502;505;509;510;511;513;514;516;517;518;521;529;530;533;534;539;545;549;550;552;553;555;556;557;559;561;562;565;570;571;572;573;574;575;578;579;582;586;588;589;591;592;593;594;596;601;603;604;606;608;611;615;616;617;620;622;623;627;632;634;635;637;638;639;640;642;643;644;645;647;648;650;651;653;654;655;658;660;661;669;670;673;676;679;680;681;683;684;686;688;689;690;691;694;697;698;701;702;704;706;707;708;710;712;713;714;715;716;718;719;721;725;726;728;730;731;733;735;737;738;739;743;748;749;750;751;752;754;756;757;760;762;764;765;766;768;770;775;776;777;781;782;783;784;785;787;788;792;793;797;800;801;808;812;815;818;822;823;825;826;827;831;832;833;834;835;838;840;842;844;845;846;847;849;853;854;855;857;858;861;862;863;866;868;870;871;872;875;879;881;882;884;885;887;892;893;894;896;897;899;901;902;903;908;909;910;913;914;915;917;918;919;920;924;925;928;933;938;940;949;955;956;958;961;962;963;967;968;969;972;976;978;979;981;983;986;987;993;995;997;998;1000
74;1;3;4;7;8;13;16;18;19;20;21;22;24;27;28;30;31;32;35;39;41;45;47;48;50;51;52;55;57;60;61;62;63;64;65;66;68;69;70;71;72;78;81;82;84;85;88;90;91;92;93;95;97;98;100;101;106;108;110;115;116;117;118;120;121;123;131;132;133;136;137;138;143;146;148;149;150;151;152;155;157;160;161;163;171;172;174;177;181;182;185;186;187;188;190;193;196;198;202;205;206;207;209;210;213;214;215;216;218;219;220;223;224;229;232;233;238;240;241;243;247;248;251;252;258;259;263;265;266;267;268;271;276;278;279;281;283;286;290;294;295;296;298;299;300;301;303;306;307;308;311;312;313;316;317;321;322;327;329;331;334;336;337;339;341;344;345;347;348;349;350;353;358;361;363;364;365;367;370;371;374;376;377;378;379;384;385;387;388;389;391;392;393;394;395;401;403;404;405;408;409;412;413;418;420;421;423;429;435;437;439;441;447;449;456;459;465;467;470;471;472;476;479;484;485;489;491;494;495;496;497;498;501;502;505;506;507;508;509;511;513;515;516;519;520;523;524;527;528;532;536;538;539;541;543;544;547;548;552;553;554;556;557;558;560;565;566;567;570;571;572;574;575;576;577;579;580;582;585;586;588;590;591;593;595;597;598;600;601;604;606;607;609;611;612;613;615;619;621;626;629;630;631;637;638;639;640;641;643;647;649;651;652;653;655;656;658;660;661;662;663;664;665;667;669;670;677;681;682;683;684;687;692;694;700;701;702;704;707;708;709;710;711;714;716;718;719;720;722;723;726;727;728;729;732;734;736;737;739;741;742;745;746;748;750;751;752;754;755;759;763;764;768;770;772;773;774;775;776;779;781;782;785;786;789;790;791;797;800;801;802;807;809;810;814;818;819;821;823;824;825;826;827;829;830;832;839;841;843;845;848;850;851;854;856;858;862;864;867;868;875;876;877;878;879;884;886;888;890;892;893;894;895;905;907;908;910;912;914;915;916;917;920;921;927;928;929;930;931;933;934;937;939;940;941;942;943;944;949;950;951;953;954;955;956;957;958;959;961;962;963;964;966;967;969;974;975;976;977;980;981;982;983;986;987;990;992;993;995;999;1000
75;1;2;4;6;8;11;12;13;20;23;25;26;30;31;32;37;39;40;41;42;43;45;46;50;52;54;57;58;60;66;67;70;79;81;82;83;84;86;87;92;93;96;99;102;104;105;107;108;112;113;114;116;119;120;124;126;128;130;134;138;139;143;144;145;146;149;152;153;154;159;160;162;164;166;168;169;171;172;175;176;178;180;183;185;186;187;190;192;193;198;199;200;201;203;207;209;210;213;214;217;218;221;222;224;228;229;230;233;234;235;238;240;241;242;243;245;247;248;249;250;255;258;259;260;263;264;266;267;268;269;275;278;279;281;284;285;286;287;288;291;294;295;296;297;299;301;302;304;308;309;310;313;314;317;320;321;322;323;324;325;326;330;331;332;333;338;339;340;341;344;346;347;349;351;353;361;364;365;367;369;370;372;376;379;380;381;383;385;386;394;395;396;397;399;405;409;410;411;413;414;416;417;418;419;422;423;424;427;428;431;432;433;434;435;437;438;440;442;444;446;447;448;451;452;453;454;456;457;463;465;466;468;471;472;474;477;479;481;484;485;487;489;490;494;496;502;504;505;506;507;508;509;510;511;519;524;525;527;530;531;532;533;534;536;541;545;546;547;549;551;555;557;558;559;560;565;566;567;571;573;577;578;582;583;586;587;588;590;592;593;596;597;600;602;603;606;607;611;614;615;617;618;620;621;622;623;626;627;631;635;636;637;640;641;643;645;646;650;651;652;654;655;659;660;662;664;665;666;667;668;669;671;672;674;675;676;677;680;684;686;687;688;690;691;692;693;695;698;699;702;703;705;707;714;715;716;717;720;721;723;725;729;732;733;739;741;742;748;750;751;754;758;759;760;764;767;768;769;771;775;778;780;782;784;785;789;790;793;794;795;799;800;801;803;806;807;809;812;813;819;820;827;828;834;835;836;837;838;839;841;842;846;847;848;851;856;858;859;860;861;862;864;867;870;872;874;875;876;878;880;881;882;883;884;885;886;887;888;890;893;896;897;903;904;906;910;911;913;917;918;919;920;921;922;923;925;927;931;932;935;936;940;941;944;948;949;950;951;955;959;961;962;963;964;965;966;967;968;970;971;972;974;975;978;979;980;983;984;987;989;992;993;994;996;1000
76;1;2;4;7;8;10;11;12;13;16;19;22;23;25;27;28;29;30;33;34;36;39;42;44;45;48;51;52;53;54;57;61;62;63;66;70;79;85;86;87;89;90;91;92;93;94;95;98;99;100;102;103;105;108;109;111;112;115;117;122;123;125;128;130;134;135;136;137;145;147;150;152;155;160;162;163;168;169;170;171;172;176;185;186;187;191;192;193;195;198;201;203;204;205;206;207;209;211;213;214;216;218;219;221;223;225;228;229;231;235;242;245;246;247;249;251;252;253;254;257;258;260;262;264;268;270;271;274;275;277;280;281;282;284;286;287;291;292;293;296;297;298;299;302;306;307;308;309;311;315;316;317;318;321;324;325;326;327;329;330;331;332;333;335;338;344;346;347;349;351;352;353;355;356;360;362;365;367;369;370;372;373;375;377;380;390;392;394;395;399;400;403;404;405;406;407;409;412;413;414;417;418;419;423;425;429;431;432;433;434;438;439;440;441;442;444;446;448;451;452;454;455;456;459;460;468;472;475;480;483;485;487;488;489;490;493;494;496;497;500;502;503;505;506;507;508;509;510;516;517;520;524;525;526;527;528;529;530;533;534;535;536;537;542;545;546;547;553;554;558;560;561;562;563;564;567;568;570;571;574;575;576;577;579;585;586;588;590;591;596;598;599;600;602;603;607;608;610;611;613;614;615;616;619;621;623;624;626;627;628;631;633;640;644;647;651;653;655;660;661;662;664;666;667;671;672;676;678;681;686;687;689;690;691;692;693;695;696;699;700;702;703;709;713;714;715;721;722;723;726;729;731;734;737;738;742;743;747;749;751;752;753;754;755;757;761;762;769;770;771;773;774;775;776;777;778;779;780;782;783;784;785;786;788;789;790;792;795;798;802;803;804;806;807;810;813;815;816;817;818;819;821;822;824;825;826;828;830;832;833;836;840;841;842;848;850;852;853;854;855;856;857;859;860;861;862;865;866;868;871;872;874;876;877;878;879;883;884;888;889;890;892;894;899;901;904;905;909;910;912;916;917;919;920;921;923;926;927;930;932;933;935;941;942;943;944;945;948;950;951;953;955;958;960;961;964;966;967;968;969;970;972;974;975;977;978;981;982;984;988;993;995;1000
77;1;2;3;4;5;6;7;8;9;11;13;14;17;18;19;20;22;28;29;31;32;35;37;42;44;46;47;48;52;53;56;57;64;65;68;71;72;73;78;79;81;83;84;85;87;88;90;91;98;101;103;105;106;108;109;110;111;113;115;116;117;118;119;120;121;122;125;127;129;132;133;135;136;137;139;141;142;149;152;153;156;158;160;161;163;165;167;169;170;172;175;176;177;180;181;182;185;186;187;188;189;194;196;198;200;202;203;207;209;210;212;216;223;228;230;231;232;238;242;243;245;247;250;252;254;255;259;260;261;262;265;269;272;275;277;281;283;288;289;290;292;295;296;298;302;305;306;307;308;314;315;316;320;321;325;328;330;332;339;340;343;344;345;347;348;349;350;351;352;353;354;357;358;359;361;369;372;373;375;377;378;380;381;384;385;386;388;389;390;391;394;396;398;399;400;404;406;407;411;412;413;414;415;420;422;426;427;428;429;430;431;435;439;442;443;444;445;447;448;450;453;454;456;460;463;465;468;469;472;476;478;479;484;485;489;490;491;492;497;498;499;500;504;505;506;508;509;513;515;517;519;520;521;523;524;525;526;528;535;536;537;541;543;545;546;549;550;554;556;559;562;565;568;569;570;572;573;580;581;582;583;584;590;593;597;598;603;609;610;612;613;617;619;621;622;623;624;625;626;629;631;632;637;639;640;644;646;653;657;658;668;669;670;671;673;675;676;678;679;680;684;685;686;687;689;690;692;698;699;700;701;702;705;706;709;711;713;714;716;717;718;719;723;724;726;729;730;731;732;736;737;738;739;741;744;745;749;752;753;754;755;756;757;758;760;764;766;771;772;776;777;781;782;784;789;790;791;792;794;800;801;803;805;808;809;810;811;813;814;816;820;822;827;828;830;833;834;835;838;839;844;845;846;847;852;853;856;857;859;861;862;864;865;866;867;868;870;871;874;875;879;880;881;887;888;894;896;898;904;906;909;910;911;915;919;922;927;928;929;930;931;932;933;934;936;938;940;941;942;943;945;947;948;949;950;951;953;954;955;956;957;958;961;965;969;973;975;979;980;982;983;987;989;990;992;998;999;1000
78;1;2;5;6;8;9;10;11;13;14;20;21;23;24;25;26;27;31;32;35;36;39;40;49;50;51;52;54;55;57;58;59;60;61;63;65;66;69;70;71;73;74;77;80;84;88;91;95;97;99;101;102;103;105;106;107;108;110;112;114;118;119;121;123;124;125;127;130;132;136;137;143;146;148;149;152;155;159;160;161;163;164;167;168;169;171;173;175;176;181;182;185;188;189;190;193;197;198;200;202;204;207;208;210;212;213;214;216;222;223;225;226;227;232;234;235;236;237;239;241;244;246;247;248;249;250;252;253;257;259;260;265;266;267;268;269;271;272;273;277;278;281;282;285;287;288;289;290;295;298;300;301;302;303;304;307;308;309;310;311;312;315;316;317;318;320;321;322;323;324;325;327;329;332;333;334;341;350;351;353;354;358;359;362;363;365;366;370;372;373;375;378;379;382;383;388;389;392;394;395;396;399;400;404;406;407;408;409;412;415;416;419;421;423;424;428;429;431;432;435;438;440;441;444;445;446;447;450;451;454;455;456;457;459;463;465;466;467;468;469;470;471;473;474;475;478;481;482;485;486;489;491;495;496;497;499;500;501;506;508;510;512;514;516;519;521;523;525;527;529;530;532;533;539;543;544;545;546;548;549;550;551;552;553;556;558;559;560;562;564;565;568;570;571;573;575;576;580;581;582;583;584;586;587;590;591;593;598;599;602;604;605;606;607;608;609;610;614;615;617;618;620;622;624;626;629;630;631;637;639;641;643;645;646;647;649;651;652;654;656;657;659;664;665;667;669;670;671;673;675;677;678;679;682;683;684;686;687;688;691;692;693;694;698;701;702;703;704;714;718;720;721;722;724;726;727;731;732;733;737;739;741;742;745;747;749;750;751;754;755;760;763;764;766;767;769;773;776;777;778;781;783;785;786;789;790;792;793;795;796;798;800;802;803;804;805;806;810;812;814;819;820;821;824;826;830;836;837;838;839;841;845;849;857;859;860;863;864;865;867;869;874;875;876;877;879;885;887;890;893;894;895;897;898;899;900;901;904;908;912;913;914;915;916;918;921;922;924;926;931;932;934;937;941;943;945;946;948;952;953;954;957;958;959;960;961;962;971;972;974;976;977;979;981;983;986;987;988;990;991;992;993;994;995;1000
79;1;7;11;13;14;16;17;21;22;23;24;25;26;31;34;35;39;40;42;43;45;51;53;55;59;60;61;63;64;65;67;68;75;76;77;81;82;84;85;88;89;90;91;94;95;96;97;98;99;101;104;105;107;109;110;117;119;120;122;124;126;130;133;134;136;137;138;139;141;144;146;147;148;149;151;157;158;159;160;163;164;167;168;169;170;174;175;177;181;182;183;186;188;189;190;191;193;197;198;201;202;203;204;205;208;209;211;214;215;217;218;220;222;223;227;231;232;233;234;236;237;239;240;241;242;243;244;246;247;248;252;256;257;260;261;263;264;266;267;270;271;272;273;276;279;281;282;283;285;286;287;290;291;292;293;298;299;300;302;303;305;306;308;313;316;317;318;319;320;323;325;326;327;328;329;330;331;332;334;335;339;340;341;342;343;346;347;349;350;352;355;361;362;364;365;368;369;370;371;374;375;376;387;388;389;390;391;393;394;397;400;401;402;403;407;408;415;417;418;419;420;421;422;426;428;431;432;435;437;441;442;443;445;449;453;454;461;462;465;466;467;468;469;470;474;475;476;482;483;485;487;488;489;490;492;493;495;496;497;501;503;504;505;506;508;511;512;515;517;518;519;521;522;523;524;525;526;528;533;535;537;539;540;542;544;546;551;554;555;556;560;562;563;565;568;571;572;573;575;578;579;582;583;586;589;592;593;594;595;597;598;605;610;619;620;621;631;632;633;635;636;639;640;645;647;648;650;653;654;658;659;661;664;668;669;670;671;672;673;674;675;676;679;680;681;683;684;685;686;688;690;691;692;693;694;698;699;702;703;706;708;709;710;711;713;715;716;720;723;730;735;742;744;745;746;747;752;754;756;757;761;762;763;765;766;769;770;772;774;777;778;779;780;784;786;787;790;791;792;793;801;802;804;805;808;810;813;814;816;817;819;821;822;823;824;825;826;828;830;832;835;836;838;839;843;844;845;846;848;849;850;851;853;854;855;857;859;863;865;866;869;871;873;875;879;882;883;884;885;886;889;891;893;894;895;896;897;898;899;900;903;906;909;910;911;912;914;915;917;918;919;920;922;923;926;927;931;932;933;937;940;941;943;944;945;946;947;949;950;951;953;957;958;963;966;971;972;973;980;981;984;986;987;989;992;993;995;996;1000
80;4;8;11;17;19;23;24;26;31;33;34;35;37;38;41;42;44;45;47;51;52;53;55;57;58;59;60;63;64;65;68;69;72;73;78;81;82;83;85;87;89;90;91;93;94;97;98;100;102;105;106;109;110;112;116;119;120;121;124;125;127;128;131;133;134;135;136;137;138;141;142;143;144;146;147;151;152;154;156;157;158;159;160;161;163;165;166;170;171;173;178;179;182;183;184;190;194;197;199;203;208;209;211;212;213;214;215;216;217;218;220;221;223;224;225;226;230;231;233;235;239;241;243;244;246;248;254;257;258;260;261;263;270;272;274;277;278;280;285;286;289;293;295;296;297;299;300;301;302;303;304;305;307;308;309;312;314;317;318;325;327;329;330;332;338;343;347;348;353;354;359;360;361;371;372;377;379;382;383;385;387;388;389;390;392;395;396;397;402;404;405;410;412;417;418;420;421;422;424;427;430;433;439;441;443;444;449;450;452;453;454;456;457;459;461;462;463;466;467;468;469;470;471;472;474;475;476;477;479;483;484;485;488;489;491;494;495;497;498;503;509;513;520;521;523;524;527;529;532;533;535;540;541;543;544;546;547;549;551;552;553;554;556;559;561;562;563;565;566;571;573;577;578;580;582;583;585;587;588;589;594;596;597;598;599;600;604;605;608;611;612;616;618;620;625;626;627;628;629;632;633;634;637;638;639;640;641;643;644;647;648;650;652;655;656;657;659;661;662;665;666;668;669;670;671;672;674;675;676;677;679;680;681;682;683;688;690;691;692;694;696;698;702;704;706;710;712;713;715;718;720;722;723;725;726;730;731;732;733;734;738;741;745;747;748;749;753;755;756;758;760;761;763;765;768;769;771;773;774;775;776;777;782;783;784;786;788;789;790;791;793;794;795;797;798;799;801;802;804;806;807;808;809;812;818;820;821;822;827;828;829;830;833;835;836;838;839;841;842;843;851;854;855;856;859;863;864;865;866;869;870;872;874;876;877;880;881;883;887;888;889;890;894;896;897;898;901;903;905;906;910;911;913;915;916;917;918;919;925;927;931;932;933;935;936;938;942;945;946;948;949;951;957;959;961;962;963;964;967;968;969;970;972;973;974;976;978;979;981;983;984;986;992;997;1000
81;1;5;6;9;10;11;13;14;15;16;20;23;24;25;27;29;33;34;36;38;39;41;42;43;45;46;48;50;54;55;56;58;63;64;65;67;74;75;77;79;80;82;83;84;85;86;88;89;92;93;97;98;99;100;102;103;111;113;114;115;118;119;120;122;124;126;129;130;131;133;134;136;138;139;144;145;148;149;150;152;153;157;158;160;161;163;164;168;171;172;175;177;178;180;183;187;189;190;191;194;196;197;198;202;203;206;212;213;215;216;221;222;225;229;230;233;234;235;236;237;238;240;241;242;247;248;250;251;254;255;259;260;263;265;266;270;271;272;274;275;276;277;278;280;286;291;292;295;296;297;300;301;302;303;304;306;307;310;311;312;317;319;320;321;322;324;329;330;331;333;335;337;338;339;341;342;343;345;347;350;355;358;359;360;361;363;364;367;368;373;375;377;378;381;383;386;387;389;390;393;394;396;397;401;404;405;406;407;413;415;416;417;419;421;422;425;426;427;429;430;432;433;437;441;443;444;445;446;447;448;450;452;455;456;458;462;464;465;467;468;469;470;473;474;477;479;483;487;488;492;497;500;502;504;505;507;509;510;511;512;515;517;518;519;520;524;527;529;530;532;533;534;536;537;538;539;540;541;544;545;546;548;551;552;555;557;558;559;560;561;562;564;565;566;567;571;572;573;574;575;576;577;579;581;582;583;589;591;593;594;596;597;598;599;600;603;605;607;609;612;613;614;617;623;625;626;627;628;629;630;631;633;635;636;637;638;640;641;643;646;647;651;652;658;659;660;661;662;665;666;667;669;670;671;676;678;680;681;682;688;690;691;694;695;696;697;698;706;707;708;714;716;717;721;723;724;726;730;732;733;738;739;745;746;748;749;753;754;755;756;758;759;760;761;763;764;765;768;772;773;774;777;778;779;782;783;784;785;787;790;793;794;796;803;807;808;812;816;818;819;825;829;831;833;834;836;838;840;842;844;851;855;857;859;861;862;865;866;867;869;870;871;873;878;879;882;883;885;886;887;890;892;893;894;897;898;901;904;905;910;913;914;916;919;920;922;927;928;929;931;932;934;935;938;945;946;949;952;955;956;960;962;963;964;965;967;968;970;971;975;977;978;979;982;985;986;987;988;991;992;993;994;999;1000
82;1;2;3;5;8;10;12;14;15;16;20;25;26;27;28;30;31;35;36;37;38;40;42;46;48;49;50;51;52;54;55;56;59;61;65;70;71;72;73;74;75;79;80;81;84;85;86;87;88;89;90;91;93;100;101;102;103;104;109;111;115;117;118;119;121;122;123;125;127;129;132;133;137;138;142;143;146;148;150;151;152;154;155;156;157;158;159;160;161;162;164;166;168;169;170;171;173;177;183;185;188;191;196;197;198;199;200;202;203;205;207;208;210;212;214;215;219;221;223;226;227;229;230;231;234;235;239;240;242;243;246;249;251;254;255;257;259;260;263;265;273;274;275;278;279;284;289;291;293;295;301;304;305;308;313;314;315;316;319;320;327;328;329;330;331;335;336;337;338;344;345;348;349;350;351;353;354;358;364;365;366;369;370;374;375;377;378;379;381;382;383;384;385;387;388;390;393;397;398;401;402;404;405;407;410;411;412;416;417;418;422;423;424;425;426;430;431;433;435;437;439;440;442;444;446;448;450;451;455;458;459;463;464;465;466;469;470;473;475;478;479;480;481;482;483;485;490;492;495;496;497;498;500;502;503;504;507;508;512;513;514;515;516;517;519;522;523;525;526;528;531;532;533;534;535;536;538;539;543;544;545;546;547;548;550;552;553;558;559;561;562;563;564;565;567;569;570;573;575;577;578;579;580;583;584;585;586;588;589;591;596;597;598;600;602;607;612;613;614;615;617;619;622;623;627;628;629;630;631;632;637;638;639;640;641;642;644;650;652;653;658;661;663;665;666;668;669;671;672;675;677;678;679;681;685;687;688;690;691;692;697;699;702;704;709;710;713;715;716;722;728;732;735;739;741;742;744;748;750;752;755;757;758;759;762;766;768;771;773;776;779;781;782;783;787;791;794;795;802;803;805;809;813;814;816;820;821;823;826;827;828;829;831;834;836;839;842;843;846;847;848;850;852;856;858;859;860;861;865;867;871;872;873;876;877;879;881;882;883;884;886;887;889;892;893;895;898;899;903;904;905;906;908;909;913;915;916;918;920;922;924;927;928;931;933;934;936;938;940;948;949;953;954;955;956;960;962;963;964;965;968;971;974;977;978;979;980;983;985;988;989;991;994;996;999
83;2;3;4;7;8;9;11;12;14;15;18;19;20;21;22;23;25;29;30;31;32;33;34;35;37;38;39;43;46;47;49;53;57;59;60;62;67;70;72;73;75;77;80;81;84;87;89;92;93;97;98;100;101;102;103;109;110;111;112;114;119;121;122;123;124;125;127;128;131;133;137;139;140;141;142;144;145;149;151;152;153;155;157;159;160;161;162;163;164;167;168;169;170;173;174;175;176;177;178;180;181;182;184;186;189;190;191;193;194;197;199;200;201;203;205;212;214;216;217;218;220;224;226;227;228;232;234;235;237;241;242;247;248;250;255;263;264;265;267;268;269;274;276;277;278;280;283;284;285;289;290;292;293;294;296;297;299;307;308;309;310;311;313;314;316;319;325;327;328;329;332;333;334;335;336;337;338;339;340;341;342;343;344;345;346;347;348;351;352;354;357;362;364;365;368;373;374;376;378;379;383;386;389;391;392;393;394;396;397;399;400;401;402;403;405;406;407;411;412;413;417;418;419;421;425;426;427;428;431;435;438;441;443;444;445;447;449;451;454;461;462;464;465;466;468;469;472;474;477;478;480;483;486;488;493;495;496;498;499;501;503;504;506;508;512;515;519;520;523;525;526;527;529;530;534;535;536;537;539;542;543;544;547;548;549;550;551;552;553;554;557;558;559;560;562;565;566;567;568;570;573;574;579;580;582;584;588;589;590;591;592;593;595;596;598;601;603;604;606;610;611;613;614;615;616;617;618;619;620;621;622;626;627;628;629;631;632;633;636;637;640;642;645;648;649;652;653;659;663;665;668;670;671;673;674;675;678;680;682;683;685;688;689;690;691;693;694;698;699;702;705;706;707;708;710;717;720;721;722;723;725;726;728;730;731;733;736;738;741;742;744;745;746;747;749;751;752;753;754;755;757;758;760;763;764;765;767;769;771;774;776;783;784;785;786;787;792;796;797;798;799;800;801;804;805;807;812;814;816;817;819;820;822;823;825;828;831;832;835;838;839;843;845;847;848;850;853;854;856;862;865;867;868;870;871;872;874;876;877;878;879;881;882;883;885;887;889;890;891;893;894;896;901;904;906;910;911;913;914;915;924;925;926;927;929;930;935;937;941;945;948;951;952;955;959;963;964;967;968;971;973;976;980;981;982;984;986;987;989;990;991;992;993;995;997;998
84;5;6;7;8;11;12;13;14;15;16;20;21;25;28;29;30;31;33;34;35;37;39;40;41;42;44;46;47;50;51;52;53;54;57;60;61;62;63;68;69;71;74;75;77;78;79;81;82;83;86;87;88;90;94;95;102;103;105;106;109;110;111;117;123;124;126;132;134;136;137;138;143;144;145;146;147;149;150;151;153;154;155;156;162;165;169;172;174;179;181;184;185;186;187;191;195;196;197;199;201;202;204;207;208;209;210;212;213;214;216;220;221;223;224;225;226;229;232;233;237;238;239;241;244;250;254;255;256;257;259;260;262;265;266;268;269;270;271;272;274;276;281;282;284;285;287;288;290;294;297;298;299;300;301;302;303;304;306;308;310;311;312;313;314;316;317;318;322;323;328;332;335;336;337;338;339;343;344;345;346;347;348;349;351;356;357;360;361;365;367;369;371;373;375;378;382;383;384;386;388;389;391;393;394;396;397;398;400;402;403;405;406;407;408;409;410;411;418;420;424;425;426;427;428;429;432;433;435;439;442;443;446;447;449;451;452;453;456;458;462;463;464;465;475;476;478;481;483;484;485;492;493;495;499;505;508;510;512;518;519;521;524;526;527;528;529;531;532;533;534;535;536;538;540;542;543;544;545;553;554;555;556;559;560;563;565;566;567;569;570;571;572;575;576;580;581;584;586;589;594;596;597;599;604;605;606;609;610;611;612;613;616;618;620;625;626;630;632;633;634;637;640;641;642;643;647;649;651;653;654;658;663;666;668;675;676;677;679;680;681;682;683;685;686;687;688;689;690;692;693;694;696;699;701;706;707;708;712;713;715;718;719;723;724;728;732;734;735;736;737;740;742;745;747;748;751;752;753;754;755;757;764;766;769;770;772;774;781;782;786;788;789;790;794;795;796;797;798;799;802;803;804;805;807;808;810;814;815;819;823;827;828;829;830;835;837;838;839;841;844;845;846;848;849;852;853;854;855;857;858;859;860;862;864;865;866;868;869;874;875;878;879;881;882;884;886;888;889;890;891;893;894;897;899;900;902;903;904;905;907;908;910;916;917;918;922;923;925;926;927;928;929;930;931;932;934;935;936;937;939;941;945;948;949;950;953;957;963;965;967;969;971;974;975;977;979;984;987;990;992;993;994;996;997;998;1000
85;3;4;7;10;11;15;16;18;19;20;21;22;24;25;27;30;31;32;33;34;35;38;41;43;46;48;55;57;59;61;63;65;66;70;71;72;73;74;76;77;79;80;81;82;86;91;92;93;94;99;100;102;104;105;107;109;116;118;119;122;123;124;126;129;130;131;132;133;134;138;139;142;145;147;154;157;158;160;163;164;165;166;167;169;170;171;173;174;177;179;180;181;182;183;184;188;189;190;194;198;203;204;205;206;207;208;209;211;214;215;217;223;226;228;232;234;237;238;241;244;247;248;251;252;255;259;260;263;264;267;269;270;271;273;274;281;283;284;286;287;289;291;293;294;298;299;300;304;305;307;309;313;314;318;324;328;331;332;333;335;337;338;339;340;341;343;344;345;347;348;349;350;351;356;362;364;367;368;370;372;373;374;375;377;378;381;384;388;390;391;392;393;394;395;397;399;400;402;404;409;410;411;414;415;416;417;418;420;422;423;425;427;428;429;430;431;434;436;437;440;443;444;447;449;450;452;453;454;455;456;459;462;464;465;469;470;473;478;480;482;484;487;488;489;492;493;494;497;498;499;500;501;503;506;508;511;512;517;518;519;523;524;526;527;528;530;531;533;535;537;540;541;544;545;547;551;552;553;554;555;559;560;561;562;563;564;567;568;569;570;571;572;574;575;579;581;582;583;586;587;588;590;591;594;597;601;603;604;606;607;608;609;610;611;612;614;616;618;620;621;623;624;625;627;632;634;638;639;641;643;644;647;653;654;655;656;661;663;666;667;668;672;676;677;680;681;682;683;685;686;687;688;689;692;693;697;698;699;701;702;706;708;710;711;715;716;717;719;724;725;726;728;731;734;737;738;740;741;743;744;745;746;747;748;749;750;751;752;755;758;760;761;762;764;765;767;768;770;772;773;775;776;777;778;780;783;786;787;788;795;796;797;801;804;808;809;810;812;813;822;824;826;828;829;830;831;833;835;837;838;841;843;846;847;851;854;855;858;859;861;862;863;865;867;868;872;877;883;884;887;888;893;898;900;902;903;904;907;908;909;910;915;917;919;920;921;923;925;927;928;930;935;940;942;947;949;951;952;953;956;959;960;961;962;963;964;968;971;972;977;979;985;986;987;988;989;990;991;992;993;995;997;999;1000
86;2;3;4;5;7;8;12;14;15;16;18;20;21;24;25;27;28;30;34;35;38;40;41;42;44;50;52;53;55;57;62;63;65;66;68;71;72;75;76;81;82;84;85;87;90;91;93;94;95;97;98;101;102;104;105;108;109;110;111;112;113;115;116;117;118;121;122;124;126;127;128;130;131;132;136;137;139;140;141;143;145;150;151;154;155;156;157;159;161;162;163;165;166;167;168;169;170;177;178;179;180;182;187;188;190;191;194;198;200;202;203;205;207;208;209;210;212;220;221;223;226;229;230;232;235;236;240;242;245;247;248;249;250;251;252;253;255;257;259;261;262;263;265;266;268;270;272;274;275;276;281;282;286;290;291;297;298;299;301;302;303;304;305;310;312;315;317;319;321;322;324;325;326;327;329;330;331;337;339;341;342;344;345;346;348;350;351;352;353;354;355;357;358;360;362;363;365;369;370;371;372;373;378;381;383;385;389;390;391;392;393;398;400;401;402;406;408;410;412;413;414;420;424;428;429;431;433;434;435;436;438;440;441;442;445;446;447;449;451;452;454;455;456;457;460;463;466;467;468;470;471;475;480;481;482;483;484;487;488;489;491;492;493;495;497;498;499;506;507;511;513;514;515;517;518;519;521;528;533;536;537;539;540;541;542;544;547;548;551;552;554;555;557;560;562;565;567;568;569;570;571;572;575;578;580;581;583;589;590;596;601;602;603;607;609;610;613;614;616;618;619;621;625;626;627;628;630;631;632;634;635;638;639;640;641;643;645;647;650;651;652;653;654;656;658;660;663;664;666;668;669;673;674;675;677;679;686;688;692;694;695;696;697;698;699;703;704;706;708;709;711;712;713;717;720;721;726;730;731;733;734;736;738;740;743;745;746;748;753;756;759;761;766;768;770;771;774;775;776;778;779;781;782;783;784;786;787;788;789;790;795;796;797;799;803;804;805;808;810;811;812;813;816;817;819;820;823;824;826;829;830;831;832;833;835;836;838;844;845;847;848;850;854;855;856;857;858;859;861;862;863;873;875;879;881;883;884;885;888;889;895;897;898;899;901;903;904;905;906;909;910;912;913;914;915;916;917;919;921;922;923;926;930;933;936;939;941;943;945;951;952;954;955;957;959;962;964;966;969;970;972;974;975;976;977;981;982;985;987;989;991;992;993;994;995;997;999
87;2;9;12;13;14;23;24;26;31;33;35;38;39;41;48;49;52;54;55;56;57;59;61;62;63;64;65;66;67;69;70;71;73;75;76;77;80;82;83;84;86;88;91;92;99;100;102;103;108;111;112;120;121;122;124;125;131;133;138;140;144;146;147;149;150;153;154;157;159;160;161;164;170;173;174;175;176;179;180;181;184;185;186;187;188;190;194;200;203;204;205;206;208;209;212;213;214;215;216;217;219;220;221;227;229;230;231;232;234;235;237;238;239;243;244;247;248;252;255;257;258;259;261;262;263;265;267;269;271;278;279;281;282;284;287;289;290;291;292;293;294;295;299;300;303;304;305;309;310;313;315;317;318;320;321;322;323;325;326;327;330;332;336;338;340;342;343;350;358;359;362;363;365;366;367;369;373;375;378;381;382;384;387;388;390;391;392;394;397;399;400;402;408;412;413;414;415;416;419;423;425;428;429;434;436;440;441;442;443;445;448;449;450;451;453;455;456;457;459;461;462;463;465;467;468;471;472;473;475;485;486;487;488;490;491;494;500;501;503;508;509;510;511;512;513;518;519;521;522;524;525;526;528;533;534;535;536;537;540;541;542;543;544;545;546;548;550;552;553;555;558;559;564;567;568;570;571;572;575;577;578;580;583;584;585;587;591;593;596;599;600;604;605;607;612;613;614;615;617;619;620;621;622;623;624;627;631;635;636;638;639;640;641;643;645;647;648;649;650;651;654;655;661;662;664;668;671;672;673;680;681;683;685;687;688;689;693;694;696;701;704;706;708;709;710;713;715;716;721;725;726;727;730;731;732;734;736;738;740;741;743;746;748;750;752;755;756;758;760;762;763;770;772;773;774;775;778;781;783;790;792;793;794;796;799;800;801;803;806;808;812;814;816;817;818;819;820;824;829;831;832;833;836;838;839;841;846;847;851;853;854;856;858;862;863;866;867;868;870;874;877;878;879;882;883;884;886;887;888;889;891;894;895;897;900;901;904;905;906;910;915;917;918;921;924;925;926;928;929;930;937;938;939;940;942;943;945;946;947;948;952;957;958;960;963;964;966;967;970;971;973;975;978;979;980;984;985;988;993;994;995;996;997;998;999
88;3;5;6;7;9;12;14;17;19;22;23;27;30;34;35;41;42;43;49;51;52;53;54;58;59;60;62;63;64;67;68;70;71;72;73;74;77;78;79;81;82;84;87;89;90;92;96;97;98;99;100;101;103;107;108;109;111;112;113;116;117;120;121;122;126;129;130;131;135;137;140;141;144;146;152;153;155;157;161;164;165;166;170;172;177;179;180;181;182;183;184;188;191;192;193;197;200;201;202;206;207;209;210;211;213;216;217;219;223;225;229;231;232;235;237;239;240;241;242;243;244;245;246;248;250;253;256;258;259;261;262;263;265;268;270;275;276;280;284;285;286;287;288;291;295;296;299;300;301;302;304;305;308;310;311;312;314;315;318;319;321;327;331;332;337;339;340;343;345;346;350;351;353;354;356;360;361;362;363;364;365;369;375;377;380;383;384;385;387;388;391;396;397;402;403;404;405;411;412;415;417;418;419;420;421;423;424;425;426;429;430;431;433;436;437;438;443;444;450;452;454;457;458;461;462;463;465;466;468;469;470;474;477;479;482;483;486;494;498;500;511;514;515;516;518;521;522;523;527;531;532;533;537;539;541;546;547;549;554;565;567;568;569;574;575;577;578;583;584;587;593;594;596;597;598;600;602;603;605;606;607;608;611;613;614;615;617;620;621;626;627;628;629;630;631;633;637;643;644;647;648;650;652;653;654;655;660;661;669;670;672;673;674;675;676;679;680;681;682;684;685;689;690;692;694;695;696;698;699;702;703;704;707;709;710;714;715;716;717;718;719;721;727;728;729;732;733;734;738;739;740;742;743;747;749;751;755;756;757;766;768;769;770;773;774;779;780;782;783;784;792;793;794;795;796;797;798;799;803;805;806;807;809;810;811;812;817;819;822;825;826;831;834;835;837;838;839;841;842;845;850;853;859;861;862;864;866;867;868;870;871;874;875;877;882;884;885;888;890;892;893;894;897;898;901;903;905;906;907;910;911;914;916;917;921;922;923;925;926;927;928;929;931;935;937;939;941;943;944;946;948;949;952;954;955;957;958;959;961;962;963;964;965;966;967;970;971;975;976;979;983;988;989;993;994;995;997;998;1000
89;1;4;7;9;11;12;14;16;18;20;22;27;33;34;35;36;37;39;43;45;46;47;48;49;52;58;60;61;66;67;73;76;79;80;81;82;83;88;90;98;99;100;102;103;104;105;106;108;109;111;114;116;117;118;120;121;123;124;125;126;129;131;133;135;137;139;140;141;144;145;150;151;155;156;157;159;161;162;166;167;168;169;170;171;174;175;176;177;178;179;180;183;186;187;188;189;190;191;194;195;196;197;200;203;204;206;207;208;210;211;213;216;217;218;223;226;227;228;230;232;234;235;236;238;239;241;243;244;247;248;256;262;266;267;270;272;273;274;275;279;281;282;284;289;292;293;294;299;302;304;305;307;308;311;312;315;316;317;320;322;324;329;332;335;336;337;341;343;344;347;351;352;356;359;360;363;365;368;369;371;375;377;378;380;382;383;386;388;393;395;398;399;400;401;402;404;406;407;408;409;411;412;414;416;417;419;422;423;424;425;428;430;438;439;441;444;445;447;448;455;457;460;461;466;469;470;471;474;475;478;479;482;485;486;489;490;492;493;495;496;500;502;504;508;509;510;511;512;515;517;519;522;523;524;528;532;537;539;540;542;550;552;553;554;557;558;561;562;565;567;570;573;574;578;581;582;588;589;594;595;596;597;599;600;601;602;603;604;607;608;609;610;612;616;619;620;621;622;627;628;629;630;631;632;635;636;638;639;640;641;643;646;647;650;651;653;654;655;658;663;664;665;666;667;669;670;671;673;674;676;679;680;681;682;683;687;688;692;694;696;698;700;706;708;712;718;720;724;725;727;730;734;735;738;740;742;744;748;751;753;754;757;760;763;764;768;770;771;772;773;774;775;776;779;780;781;782;786;787;788;791;793;794;796;802;804;805;806;807;808;809;810;811;814;816;818;819;820;821;822;824;825;827;828;830;831;834;835;836;837;839;840;841;842;843;846;847;851;852;856;861;862;863;864;865;870;871;872;873;875;876;877;878;880;881;882;883;884;886;891;894;895;896;902;903;906;908;911;913;914;915;917;918;923;925;926;928;930;931;935;941;942;943;945;946;947;950;951;954;955;956;959;961;963;965;967;969;970;972;977;979;982;983;985;987;988;990;996;998;1000
90;1;2;4;5;7;8;11;12;14;15;16;18;21;23;26;27;29;33;35;36;37;39;41;45;46;47;48;49;51;53;57;59;60;62;65;66;69;70;71;72;74;76;77;79;80;82;84;86;88;89;91;94;95;98;102;103;104;105;108;109;110;111;112;117;118;119;120;122;126;128;131;137;139;142;143;146;147;151;153;155;156;157;159;164;165;167;171;173;177;178;185;187;189;191;192;193;195;196;197;199;202;203;205;209;211;212;214;218;221;222;223;225;226;229;230;231;233;234;236;237;238;240;241;243;247;248;250;251;253;259;261;266;267;269;270;271;272;274;275;277;279;283;284;286;289;291;292;293;294;295;296;298;299;302;305;306;307;308;310;311;313;315;316;317;318;320;321;324;327;332;334;335;337;343;344;345;347;348;350;351;352;354;355;356;358;360;364;367;368;370;371;372;373;374;377;378;380;381;382;383;385;386;388;395;396;398;401;403;404;406;407;408;409;411;412;414;415;416;417;423;424;425;426;430;431;434;435;436;442;446;447;448;449;450;454;455;458;459;460;462;464;465;467;468;471;473;474;477;478;480;482;483;491;492;493;494;500;503;504;506;511;512;513;516;517;518;522;523;524;525;531;538;539;542;543;544;548;549;550;554;557;559;560;562;564;566;567;570;577;580;581;583;584;585;587;589;590;591;592;593;596;599;600;602;604;605;607;610;611;612;614;617;618;619;620;622;623;624;629;630;631;632;638;639;640;641;643;645;646;647;648;649;651;654;655;656;663;665;667;668;669;670;672;674;675;676;679;688;690;691;694;698;701;704;706;709;711;716;719;725;731;733;734;736;737;740;741;744;745;748;749;752;753;755;759;760;761;771;773;776;782;783;784;785;789;790;791;792;793;795;799;800;801;803;810;811;812;813;816;817;822;823;827;835;836;837;841;852;853;854;855;856;860;864;866;868;871;872;873;875;878;879;882;884;885;886;888;890;893;896;897;900;901;906;908;912;917;918;920;921;923;926;930;933;934;935;938;942;944;945;946;947;948;949;950;951;952;953;958;960;962;963;966;969;970;971;975;976;977;979;980;981;982;983;984;985;986;990;991;994;995;998;999
91;6;7;10;11;15;16;20;24;26;27;28;31;34;35;37;39;40;42;43;44;49;51;52;53;54;55;56;60;66;67;68;69;70;73;74;76;77;78;79;80;82;85;86;87;90;97;99;101;102;103;108;113;115;120;121;122;123;127;131;132;133;134;135;136;137;139;141;143;144;148;152;154;156;158;159;166;168;169;172;173;174;178;180;182;183;185;186;187;188;193;195;196;197;199;203;205;206;207;213;215;216;220;221;222;224;228;229;230;231;233;234;239;242;245;247;250;251;252;254;257;258;261;262;263;264;265;267;268;270;279;280;281;284;286;287;291;293;295;296;297;301;302;303;307;308;309;311;316;317;318;319;320;321;322;324;326;329;332;334;337;338;340;342;343;346;349;352;355;357;359;360;361;362;366;367;368;369;370;371;372;373;376;378;379;381;382;383;385;388;389;390;391;392;393;394;397;398;403;405;408;410;411;412;417;418;419;420;422;426;429;430;433;434;435;438;440;441;443;447;450;451;453;456;457;458;459;461;462;464;466;467;469;471;472;473;474;477;478;479;480;484;485;486;487;493;494;495;496;502;503;504;505;506;508;510;511;518;526;529;530;533;534;536;538;539;541;547;548;549;551;552;554;555;556;557;558;560;561;564;567;569;570;573;575;581;582;586;587;588;590;591;592;593;595;597;598;606;607;613;616;618;619;622;623;626;631;632;634;635;636;639;640;641;642;643;645;646;647;651;652;654;655;662;667;668;669;672;674;676;677;678;681;683;684;689;692;694;695;697;698;700;701;702;703;706;710;712;714;716;718;720;722;723;724;735;736;737;740;742;743;744;745;746;748;749;751;752;753;754;755;756;757;758;760;761;764;765;766;767;771;773;776;777;778;783;784;786;787;790;792;793;798;801;802;805;806;808;809;811;813;814;816;817;820;822;824;825;827;828;830;833;836;837;838;840;841;844;846;848;851;852;854;855;856;859;861;864;865;866;867;869;870;879;885;889;890;891;892;893;897;899;902;904;906;909;910;911;912;913;916;919;920;921;923;924;928;929;932;934;939;940;942;946;950;951;952;954;955;959;960;962;964;966;969;972;973;975;982;983;984;985;987;988;991;992;994;1000
92;3;4;5;7;9;10;11;14;17;18;19;20;21;24;26;28;29;30;31;32;34;37;38;39;40;41;42;43;44;45;46;47;48;49;50;54;56;60;62;63;64;68;69;70;71;74;75;76;81;83;85;87;88;93;94;96;98;99;103;106;107;109;110;112;113;114;117;119;123;126;127;128;129;131;134;138;141;142;143;144;145;146;148;149;151;152;155;159;161;162;163;166;168;169;172;173;174;175;177;180;182;184;187;188;189;191;192;193;194;195;197;199;200;204;206;208;209;210;211;213;214;215;216;218;219;224;225;227;229;231;232;233;236;238;243;247;249;250;251;252;253;254;255;257;259;262;265;266;269;270;272;276;278;280;283;285;287;290;292;293;295;296;298;299;301;302;303;304;306;308;311;312;315;316;317;320;321;325;326;328;330;332;334;335;338;339;343;345;346;347;351;352;354;355;356;357;358;362;363;368;372;375;376;377;378;381;383;386;388;389;391;394;397;398;400;402;403;404;405;407;408;409;415;418;419;420;423;426;430;432;435;436;438;441;444;448;449;451;455;456;462;472;474;475;479;480;481;485;486;489;490;491;493;495;498;504;506;508;509;515;517;519;520;523;524;525;526;527;529;533;535;537;540;543;545;546;547;548;549;553;554;558;559;560;561;564;565;568;569;572;573;576;579;580;583;584;585;588;589;592;593;595;598;599;600;601;603;607;610;613;614;615;617;618;620;622;626;627;628;629;630;631;633;634;635;639;642;644;645;649;653;654;655;656;659;660;661;663;664;665;667;672;674;675;680;683;685;688;689;692;694;695;696;700;704;706;708;710;711;715;716;717;719;722;725;726;729;732;733;734;735;737;740;741;743;746;748;750;751;753;754;758;759;762;763;765;767;769;770;774;777;779;782;783;784;785;788;789;791;792;793;794;796;798;799;801;802;803;804;805;813;814;816;819;821;824;826;827;829;831;834;839;846;848;849;850;851;852;853;854;856;857;858;860;865;866;868;869;870;871;873;874;875;883;885;887;890;891;893;894;895;896;897;899;900;902;903;907;909;915;916;918;922;925;930;931;934;937;938;940;941;942;943;945;947;948;950;952;953;954;955;958;959;960;961;963;964;969;970;977;978;981;984;986;987;988;992;994;995;996;998;1000
93;1;8;9;13;14;15;16;17;18;22;24;26;28;32;33;34;35;36;37;38;39;43;45;47;52;53;54;56;57;68;69;70;71;74;75;76;80;81;82;83;85;86;92;94;95;97;98;99;100;101;102;104;105;106;107;108;109;111;113;114;115;117;119;120;121;125;126;127;132;138;139;140;141;144;145;146;147;148;154;155;156;157;159;163;165;168;170;172;174;175;176;177;178;181;182;183;186;188;190;191;192;196;197;200;201;202;205;206;207;208;210;212;213;214;215;216;217;219;227;229;232;233;234;237;240;241;244;247;249;250;252;253;255;258;262;263;265;266;268;269;270;272;273;276;279;280;283;284;285;288;289;290;291;292;293;295;296;299;300;301;302;303;304;307;309;312;313;314;315;317;321;326;333;334;335;338;339;340;343;346;347;348;349;352;353;354;355;357;360;362;363;364;365;367;368;369;372;373;376;377;380;383;384;387;390;391;392;393;396;397;398;400;401;403;405;407;408;416;417;418;419;420;422;426;427;428;429;431;434;436;437;440;442;443;444;445;446;449;450;452;453;454;460;462;463;465;471;472;475;478;482;483;484;486;489;490;492;495;496;497;499;506;508;509;511;514;515;516;524;525;526;527;530;531;532;534;535;539;542;546;547;550;551;552;553;554;555;557;558;559;563;565;566;567;568;570;572;573;574;575;577;581;584;588;589;590;591;593;594;596;597;602;603;604;605;608;609;611;612;613;614;615;617;618;619;620;622;623;625;626;627;628;630;632;633;634;637;638;639;643;647;649;650;654;656;657;663;667;669;670;671;672;675;681;682;685;688;690;691;692;693;694;695;698;699;701;704;706;710;712;714;715;718;723;725;727;729;730;732;735;736;737;740;742;747;749;753;754;755;756;759;764;765;766;770;771;773;775;776;777;778;781;783;784;788;791;793;794;795;796;797;798;799;802;803;804;805;806;809;810;818;820;821;822;823;825;827;829;830;833;834;835;836;837;838;843;844;847;848;850;852;857;861;863;865;866;870;874;876;877;878;881;882;884;885;889;890;894;895;897;900;901;906;909;911;916;919;922;923;925;927;935;936;940;944;947;949;950;951;952;955;956;957;963;967;970;971;978;979;982;985;986;989;991;993;996;999
94;1;2;4;9;10;11;12;13;14;15;16;17;18;19;20;23;25;27;28;31;33;35;36;37;39;41;43;45;46;48;51;52;53;54;55;61;62;63;67;68;71;72;73;76;79;80;84;85;86;90;92;93;98;99;100;103;104;105;108;109;110;111;114;115;117;119;120;121;122;125;126;128;129;131;132;133;134;135;137;138;140;143;144;145;149;150;153;154;155;156;160;163;164;166;167;172;173;176;177;180;181;182;185;190;191;193;196;198;200;201;203;204;205;206;207;209;212;213;214;215;221;223;226;230;231;232;233;234;236;240;241;242;247;249;250;252;253;257;258;259;260;262;264;265;266;270;272;273;274;276;278;280;281;291;294;295;296;299;300;301;302;303;305;308;310;311;316;321;326;327;329;330;331;332;336;338;339;341;345;349;350;352;354;355;356;357;359;361;362;364;365;367;369;371;375;376;384;385;386;388;390;391;392;393;396;399;400;401;402;404;405;406;407;419;421;430;433;442;443;445;446;447;448;450;451;452;457;462;466;468;471;472;476;477;479;480;481;482;484;485;486;489;490;491;493;494;495;497;498;499;500;503;504;512;513;518;519;522;528;532;533;534;535;536;539;540;544;548;549;550;551;555;556;558;563;565;566;568;573;576;577;581;583;584;585;586;587;588;589;590;592;593;596;600;601;602;603;604;609;613;614;615;616;617;618;624;625;630;631;633;635;637;638;639;640;648;649;650;651;653;655;658;667;668;671;673;674;675;677;682;684;685;686;687;688;690;691;692;693;694;695;703;706;707;708;710;711;712;714;715;717;718;719;720;721;722;725;727;730;732;733;734;735;736;738;744;745;752;758;759;762;763;764;765;766;767;768;769;770;771;772;773;777;778;782;783;785;788;795;799;800;801;804;805;806;807;808;809;812;816;818;819;820;823;824;826;828;829;830;834;836;838;840;843;844;845;846;851;852;854;855;857;859;863;867;869;873;874;875;878;883;885;887;888;889;890;893;895;899;900;903;904;908;909;910;912;913;916;918;919;924;925;926;927;929;930;931;935;937;938;939;940;941;942;948;949;950;951;954;955;958;960;961;963;964;966;967;968;970;972;974;976;977;978;982;983;985;987;989;990;991;996;998;1000
95;2;3;4;6;10;11;13;18;22;25;28;29;32;36;37;38;39;42;43;44;45;48;49;50;52;54;55;56;57;59;61;63;65;68;69;72;73;74;76;78;79;84;86;90;93;96;98;100;101;102;103;105;107;108;109;110;112;117;118;122;126;128;130;133;136;137;138;142;143;144;145;146;147;148;150;151;152;155;156;158;159;160;163;164;166;169;171;172;173;174;175;177;178;179;180;181;182;186;188;191;192;197;198;199;200;201;207;208;209;210;211;213;214;215;220;221;224;228;230;233;236;242;244;245;247;248;250;252;254;255;257;259;264;267;271;272;273;276;277;280;281;283;284;288;291;293;295;297;299;301;304;305;310;311;312;316;317;320;325;327;329;331;332;333;335;337;338;343;345;347;348;349;351;353;355;356;358;359;360;361;362;364;365;367;370;371;375;376;379;385;387;388;389;391;392;394;395;396;397;400;401;402;405;406;408;409;410;413;416;418;421;424;426;431;433;434;435;436;440;441;445;446;447;451;453;457;458;459;460;461;462;465;467;468;470;471;473;477;478;480;481;486;488;489;490;494;495;496;497;500;501;502;503;506;507;509;510;511;514;519;521;523;525;526;528;530;531;532;536;537;538;539;541;544;545;546;547;548;550;551;552;553;554;555;556;559;563;564;570;575;576;577;582;584;585;591;593;595;596;597;599;600;603;605;607;611;615;616;619;622;626;628;629;632;635;636;637;639;640;643;645;646;647;651;652;654;657;659;662;665;666;668;670;671;672;673;674;675;676;678;679;681;686;687;689;691;693;694;696;699;700;701;704;707;712;715;719;720;721;723;724;725;726;727;728;729;730;732;733;736;737;738;739;747;748;749;752;753;755;759;762;763;764;765;766;767;768;771;773;774;775;777;782;783;785;786;788;789;792;793;794;795;796;797;800;801;802;803;804;805;806;807;809;812;813;816;818;820;822;824;825;826;828;829;830;834;836;837;838;841;842;844;845;846;847;849;852;854;855;857;858;859;860;861;863;864;865;866;870;871;873;876;879;880;882;883;886;887;889;896;899;900;901;902;903;904;905;906;907;912;914;915;916;919;922;924;926;927;931;940;941;943;944;946;947;948;949;952;955;957;959;961;962;963;964;966;967;969;971;973;975;976;979;980;981;982;984;986;988;991;992;994;995;996;1000
96;5;7;9;11;15;16;17;18;19;21;24;25;29;31;33;37;39;40;47;48;49;50;52;59;60;61;63;67;70;71;75;79;88;92;95;97;99;102;103;104;106;108;109;110;115;116;117;121;125;126;127;128;130;131;132;133;135;136;139;140;143;146;150;151;153;154;155;156;157;160;162;163;164;166;168;169;170;171;172;174;175;177;178;182;183;184;187;189;190;193;194;197;203;205;209;210;213;214;217;218;227;228;230;235;236;237;240;241;244;245;246;248;250;251;252;253;254;258;260;261;262;265;268;269;271;274;275;280;283;284;286;288;290;291;292;297;302;303;304;305;310;312;314;315;316;321;324;326;329;334;336;339;340;341;342;343;344;345;346;348;350;352;355;356;357;358;360;361;362;364;366;372;373;374;378;379;380;383;384;386;387;390;391;392;393;397;398;401;404;405;406;408;410;413;416;417;422;427;428;429;431;432;433;435;436;438;442;446;447;449;452;453;454;456;458;459;461;463;466;467;468;469;470;471;477;480;483;484;486;488;490;492;493;494;496;497;498;500;502;503;505;506;508;509;511;512;516;519;520;521;524;525;526;527;528;529;531;532;533;536;537;538;539;540;541;542;543;544;546;547;552;554;555;556;558;561;562;565;567;568;569;571;572;575;576;577;579;581;583;584;585;586;589;590;591;593;594;595;597;599;600;601;605;606;608;609;610;615;616;617;622;623;624;626;627;628;629;631;633;634;635;638;641;644;645;646;649;650;658;659;660;662;664;665;668;669;670;671;672;673;677;679;681;686;688;690;691;693;694;695;699;700;704;705;706;707;711;719;721;724;725;726;727;730;731;733;734;737;739;741;743;744;748;750;754;755;759;760;763;765;766;767;768;769;770;774;775;776;778;779;781;782;783;784;785;787;789;790;793;795;797;799;800;801;804;809;811;812;815;817;818;819;824;826;832;833;836;843;844;846;851;852;853;854;855;856;858;860;862;863;864;865;866;869;871;873;875;876;877;880;881;883;886;887;889;891;893;895;898;899;901;904;906;909;910;911;913;916;918;919;920;923;924;926;927;928;938;941;943;947;948;950;951;953;954;956;958;959;962;964;965;967;968;969;970;971;972;974;976;978;981;982;983;984;985;986;991;993;994;997;999
97;2;5;6;8;10;11;12;18;19;20;25;27;29;32;36;38;40;42;43;45;47;48;50;53;56;57;58;63;64;66;67;71;72;73;74;78;79;80;81;83;86;88;91;93;96;100;102;103;104;105;107;108;109;110;112;114;116;117;120;121;123;124;125;126;127;128;131;133;134;135;138;140;141;143;145;146;150;151;155;158;159;160;163;166;167;168;169;171;172;173;176;177;178;182;185;186;187;188;189;193;195;196;197;199;200;201;202;205;207;208;212;218;219;221;224;227;228;230;232;233;235;236;237;239;240;242;245;247;249;250;252;254;258;259;260;261;265;269;270;273;276;280;283;284;285;287;295;301;303;305;306;308;309;313;316;317;318;320;323;325;327;328;330;331;335;338;339;340;342;344;345;346;347;351;353;354;357;364;366;368;369;370;372;373;374;377;378;379;384;388;389;390;393;394;397;401;403;404;405;407;409;410;413;416;418;419;421;422;423;424;426;428;430;432;434;435;436;438;440;446;449;450;452;454;459;461;463;464;465;466;467;468;470;471;472;474;476;479;480;481;483;485;488;489;492;493;494;495;496;502;504;505;506;507;508;512;513;514;516;520;524;525;527;529;531;533;534;537;538;540;542;543;544;547;548;551;557;558;562;564;567;568;569;571;572;574;576;577;587;589;590;594;598;601;602;604;605;606;608;609;610;611;612;614;617;618;619;620;621;629;632;634;635;636;644;645;646;648;652;657;659;661;663;666;669;673;677;682;683;687;688;690;691;693;697;698;699;701;702;703;706;708;711;714;715;716;719;726;734;736;739;740;741;742;743;744;745;754;755;757;758;759;761;762;763;765;768;770;772;773;776;777;778;780;785;787;789;797;798;799;804;805;808;810;811;812;814;816;817;819;820;821;822;824;826;827;829;831;832;835;837;838;840;841;842;844;845;848;849;852;856;857;858;859;865;866;867;868;869;870;871;872;873;876;878;880;881;884;885;886;887;888;889;890;891;892;894;896;900;902;905;906;907;909;910;911;912;913;914;915;918;919;921;922;924;927;928;929;930;932;933;934;935;938;941;943;945;954;959;960;966;968;969;970;971;974;975;979;981;982;983;984;986;988;991;995;997;998
98;7;8;10;14;15;20;21;22;24;25;29;31;32;33;34;38;40;41;42;45;48;51;53;54;57;61;62;66;68;70;74;76;77;79;80;81;83;86;88;89;90;92;93;94;95;100;103;104;107;108;110;112;118;119;121;122;124;126;130;133;135;139;140;142;145;148;154;155;156;157;158;159;162;163;165;166;167;171;173;175;176;177;178;179;180;184;185;187;188;189;190;192;196;199;201;202;205;206;208;209;213;216;217;219;221;226;227;228;232;233;234;235;236;237;239;241;242;243;246;250;251;252;255;257;258;261;262;263;266;267;272;273;274;275;277;281;287;289;290;291;294;296;300;304;310;314;315;318;319;320;321;323;329;333;336;337;338;339;340;341;343;346;348;349;353;354;355;356;357;358;359;360;367;368;372;373;374;375;382;383;384;385;386;387;389;390;391;392;395;397;399;400;401;403;407;408;409;410;412;414;415;416;419;420;421;422;424;428;430;432;433;434;435;437;438;440;442;443;444;446;447;448;450;453;454;455;456;458;463;465;466;469;470;471;472;474;475;476;477;478;479;484;485;492;494;495;498;502;503;504;505;506;507;509;511;518;519;523;525;528;530;532;533;534;537;539;540;545;548;549;550;553;562;565;567;570;571;574;577;579;580;581;582;585;588;590;594;595;597;598;599;600;601;603;604;607;608;610;612;613;614;615;617;618;619;620;621;627;628;630;635;639;640;641;642;643;646;652;653;654;655;657;659;661;668;669;671;673;674;675;677;678;680;683;687;689;692;696;697;698;699;700;703;705;710;712;713;714;719;722;724;725;726;727;729;730;731;732;734;736;737;738;742;747;750;751;754;759;761;763;764;767;769;773;777;778;779;787;789;790;791;792;795;796;797;798;799;800;801;804;806;807;810;812;815;818;822;823;825;827;828;830;831;834;835;836;837;839;841;842;843;844;846;847;850;851;854;859;860;861;863;865;867;869;871;872;873;874;875;877;878;879;880;886;889;890;892;893;894;896;897;898;899;901;908;909;911;913;920;921;922;923;927;928;933;934;936;937;938;942;945;946;947;949;950;951;954;955;956;960;961;962;963;964;966;969;971;974;975;978;979;980;981;982;985;987;991;994;995;996;998;1000
99;1;3;5;8;12;13;14;15;16;17;19;21;23;25;26;27;28;30;31;33;37;40;43;44;45;48;50;51;52;53;55;56;57;58;60;63;66;67;68;70;71;72;73;75;76;78;79;81;85;87;88;89;91;92;93;94;96;101;103;104;109;111;112;113;114;115;116;118;123;124;125;127;128;130;131;133;135;137;138;140;141;142;144;146;147;148;150;153;154;158;160;161;162;163;164;165;167;170;171;175;177;178;180;181;182;183;184;185;186;187;188;192;195;196;198;201;203;206;207;208;211;212;213;214;217;220;224;226;227;228;229;231;235;238;239;242;248;249;251;255;257;258;259;260;261;264;265;267;269;270;272;273;274;279;281;282;284;286;289;290;293;298;302;303;304;305;312;313;314;317;321;322;323;327;328;330;332;334;338;340;341;343;345;350;354;356;357;359;364;366;368;370;373;374;375;376;377;382;384;386;387;392;394;396;397;398;399;400;401;402;404;406;407;413;414;416;417;419;420;423;426;427;430;431;433;435;436;439;441;444;447;448;449;452;453;455;457;459;460;464;466;467;472;473;474;476;477;478;482;483;486;487;488;492;494;495;496;497;501;505;506;511;514;515;516;519;520;521;523;529;532;533;534;537;539;542;546;548;549;551;554;556;559;562;565;566;567;572;573;576;578;579;583;584;585;589;592;593;598;603;604;606;607;608;611;612;615;617;620;622;623;624;628;629;630;631;632;633;634;639;640;641;644;645;647;649;650;652;653;659;662;665;667;668;670;674;675;677;678;679;680;681;683;684;685;687;691;695;696;702;703;706;708;711;713;714;716;719;722;724;727;729;732;735;738;739;740;741;742;743;744;748;749;751;752;754;756;757;758;759;764;765;766;767;768;769;771;774;775;777;779;780;781;785;786;787;789;790;791;792;794;796;798;800;803;804;805;807;809;812;813;815;816;817;820;821;822;823;825;826;830;831;832;833;836;837;839;842;843;844;847;848;849;850;851;853;854;855;856;859;860;862;864;865;868;869;871;872;873;876;877;878;879;881;882;883;884;885;886;888;889;891;894;910;912;914;918;919;921;925;929;932;933;934;935;936;938;946;947;949;952;953;955;959;960;963;966;967;968;972;973;974;975;977;978;980;981;982;985;990;991;993;994;996;997;998
100;2;3;4;5;9;11;13;14;15;18;19;22;23;24;25;27;29;32;33;34;35;36;37;38;39;40;44;45;46;47;48;49;52;54;55;57;59;60;61;62;64;69;70;72;74;76;80;81;82;83;85;87;88;89;93;94;95;97;98;102;103;105;109;113;116;117;118;120;121;123;125;127;128;129;130;133;141;143;144;146;148;151;153;155;157;158;164;168;169;171;172;175;176;180;181;182;184;185;187;190;194;195;196;199;202;204;205;208;209;210;213;216;218;219;221;223;224;230;231;237;238;240;242;244;250;251;254;256;264;266;268;269;270;271;272;275;276;277;278;279;280;282;283;285;286;287;289;292;293;296;298;301;303;305;306;308;309;311;314;315;316;319;320;321;322;325;326;328;336;337;339;341;346;347;352;354;356;357;360;361;363;366;368;369;372;373;375;377;379;381;383;384;387;388;392;396;397;402;404;406;408;409;410;411;415;418;419;420;422;423;428;432;433;436;437;438;440;441;442;443;446;447;449;451;453;455;457;461;463;464;466;468;469;470;471;476;477;478;480;481;482;483;484;486;489;490;493;494;496;497;503;506;508;509;515;516;517;518;519;520;523;528;529;533;534;535;536;537;538;539;541;542;543;545;547;548;549;551;552;553;556;558;559;561;562;563;569;570;571;575;579;580;585;586;587;588;593;594;599;600;601;603;604;605;606;608;609;613;614;615;617;618;621;624;629;634;637;638;639;641;645;648;650;651;652;653;655;656;657;658;660;661;663;666;668;671;672;673;677;679;682;687;688;689;690;693;694;695;698;701;705;706;707;709;711;712;714;715;716;717;719;721;722;723;724;725;727;729;734;736;738;739;743;744;745;746;748;751;754;756;760;763;764;769;770;771;773;774;775;777;778;779;780;781;783;786;787;790;792;797;799;802;806;808;810;812;814;818;819;821;822;823;824;825;830;831;834;835;836;838;840;842;843;844;846;849;852;857;859;862;864;868;870;872;875;878;880;881;882;883;885;886;888;891;892;895;897;898;904;905;906;907;909;910;912;914;920;921;922;924;926;927;929;930;931;932;935;936;939;941;943;944;948;949;951;953;954;955;958;959;961;964;965;969;970;971;973;977;980;981;985;986;989;990;991;992;993;997;1000
101;2;3;4;5;6;7;9;11;13;14;24;27;29;30;31;33;35;37;40;41;46;47;49;54;55;56;57;58;59;62;64;65;66;67;68;74;77;78;79;82;83;86;88;91;93;95;99;103;105;109;113;114;118;120;123;125;127;128;132;138;139;140;141;142;144;146;148;150;151;155;156;157;159;161;163;165;168;174;175;176;177;178;180;181;182;183;185;186;187;189;199;202;203;204;206;207;208;209;212;213;214;215;217;218;219;220;221;224;227;229;232;234;236;241;242;243;244;250;253;254;255;256;257;259;260;262;263;264;265;268;271;274;275;276;283;286;291;292;293;295;298;299;300;305;306;309;311;314;316;317;318;319;321;323;325;326;327;335;336;339;340;341;344;345;346;347;348;349;352;353;354;355;356;357;359;363;366;367;370;374;377;378;379;380;381;383;384;385;387;388;390;396;400;401;402;406;407;408;409;414;417;419;421;422;424;428;429;431;432;435;438;441;442;443;444;450;451;452;453;455;456;458;459;460;462;465;467;471;472;473;479;480;481;482;483;485;487;491;492;493;495;496;502;508;509;511;512;516;517;521;522;525;528;529;531;532;535;536;540;543;547;548;549;551;553;558;561;563;565;566;570;572;577;578;579;580;581;582;583;585;588;591;594;597;599;601;602;607;610;611;612;616;619;621;624;628;631;632;634;635;638;640;642;643;645;648;650;651;652;653;654;657;659;660;663;664;666;668;669;671;672;673;674;675;677;679;681;683;684;685;686;689;692;697;698;699;701;702;703;705;706;711;713;716;718;721;723;725;728;734;735;736;737;740;743;746;748;749;750;754;757;760;765;767;768;769;770;771;773;779;780;781;784;785;787;789;790;791;793;794;795;798;801;806;807;810;822;824;828;832;833;835;836;839;841;843;848;849;850;852;854;855;862;863;865;867;869;870;873;874;875;876;879;882;887;888;889;890;895;897;899;900;904;906;907;908;909;911;913;917;923;924;927;929;933;934;936;938;939;942;943;944;945;947;948;949;952;953;956;963;966;967;969;970;973;974;978;979;981;983;984;985;986;987;989;990;991;993;994;996;997;1000
102;2;6;7;8;9;10;11;13;14;19;20;21;22;23;25;26;28;30;33;34;37;42;43;45;46;47;49;50;51;52;53;58;62;68;70;75;76;78;80;81;82;83;84;85;86;87;89;90;91;93;95;96;97;100;105;107;108;110;111;113;116;117;118;120;121;124;126;127;128;129;131;132;134;135;137;138;139;140;141;143;145;148;153;154;157;160;161;165;166;169;172;173;174;175;177;186;187;188;189;192;193;195;197;201;202;204;205;206;209;215;216;217;218;219;222;224;225;226;227;230;231;232;233;234;236;239;240;242;243;244;245;251;254;255;256;257;261;263;264;267;272;274;275;276;277;280;284;285;286;289;290;291;292;294;295;296;297;298;299;302;304;305;306;309;310;313;314;315;316;317;320;324;326;328;329;330;331;333;336;338;339;342;345;348;349;351;352;353;355;356;358;363;368;371;372;373;374;377;378;384;389;393;398;401;403;406;410;411;415;419;420;425;426;427;429;431;432;434;435;436;441;442;443;444;448;449;451;452;454;455;456;458;461;462;465;466;467;468;469;472;473;474;476;477;479;482;486;489;492;494;496;498;499;500;508;511;512;514;517;518;519;522;523;524;525;526;527;528;530;534;536;538;540;541;545;546;547;548;551;554;555;557;558;566;570;571;572;575;578;579;581;583;584;586;590;591;593;594;596;597;599;600;607;608;610;611;613;614;615;616;617;618;619;624;626;627;629;631;632;635;636;637;640;643;644;645;646;649;653;655;657;658;660;662;663;664;666;669;670;674;677;678;680;681;684;685;687;690;692;694;696;697;698;699;700;702;704;707;709;711;712;717;722;725;726;729;730;734;735;737;738;739;740;742;746;747;748;749;752;756;762;765;767;769;771;772;775;776;782;783;785;786;791;793;795;797;798;801;803;804;806;808;809;811;816;818;820;821;823;825;827;830;831;834;835;843;845;847;848;851;853;854;857;860;861;864;866;867;870;871;872;873;874;879;882;883;884;885;886;887;888;889;891;892;893;894;897;898;899;900;903;904;905;910;911;912;913;914;915;917;918;919;920;921;922;924;925;927;928;936;938;939;941;943;944;946;947;950;951;952;958;962;964;965;968;969;970;971;975;977;978;979;981;984;986;987;990;991;992;993;994;998;999;1000
103;1;2;3;4;6;7;9;11;13;14;16;17;19;22;26;28;29;30;31;35;37;41;42;47;49;50;51;56;57;58;59;60;61;65;66;67;69;71;73;76;77;78;81;82;83;84;87;88;89;90;91;92;94;95;96;97;98;99;100;101;107;109;110;111;113;114;117;119;123;124;126;127;128;130;131;134;137;138;140;141;142;143;144;145;146;148;149;150;151;152;153;155;156;157;158;159;161;162;163;166;167;169;170;173;179;182;183;184;185;189;192;198;201;204;207;209;213;222;225;229;230;232;239;240;243;244;246;247;248;249;251;252;254;256;257;258;259;262;263;264;266;268;270;272;273;276;278;280;286;289;290;291;292;296;299;301;304;306;307;314;315;317;320;322;324;328;332;333;336;337;340;341;342;343;345;348;350;351;352;354;360;363;364;365;367;368;372;373;376;381;383;387;388;393;394;398;399;400;405;407;408;410;411;413;414;415;416;421;422;424;425;426;428;430;431;433;434;437;438;439;441;442;444;446;447;448;449;452;453;457;458;460;461;462;465;466;468;469;470;471;473;474;475;476;477;478;482;485;488;489;490;491;493;494;495;496;497;498;499;503;508;509;516;519;525;528;536;540;541;542;545;546;548;549;550;551;552;553;555;557;558;559;560;561;564;565;570;571;572;573;575;576;578;579;580;581;591;592;598;601;605;606;609;610;611;615;618;620;621;622;624;629;632;633;637;638;641;645;647;648;649;650;653;656;657;659;661;662;664;666;667;669;670;671;672;680;681;683;686;689;690;691;692;694;696;699;700;702;706;707;710;711;712;713;714;716;718;719;720;723;725;726;727;733;734;735;736;737;739;745;748;750;751;752;753;756;760;761;762;766;769;771;773;774;778;779;784;787;788;789;791;794;796;797;798;801;803;804;806;813;814;815;816;817;819;821;828;832;833;837;838;846;847;849;850;851;854;856;857;858;859;860;861;863;872;873;874;875;877;879;881;882;883;885;886;887;888;890;892;893;895;897;898;903;905;907;908;909;910;915;917;918;922;923;925;926;928;930;931;934;935;936;940;943;945;948;949;951;952;956;958;960;962;963;964;971;973;974;977;978;980;983;988;989;990;991;993;998
104;1;2;7;8;12;14;15;17;21;22;27;29;30;32;33;34;36;37;38;40;41;42;46;47;49;50;51;52;57;59;60;61;62;63;64;65;69;70;71;72;75;79;82;85;86;89;90;93;94;96;97;98;99;107;108;109;111;112;113;114;117;120;121;125;126;127;131;134;135;143;147;148;149;150;152;155;156;157;158;159;160;161;163;164;167;170;171;172;177;183;184;185;186;190;191;192;196;197;200;202;203;204;205;207;208;209;210;211;213;215;216;217;223;224;227;229;231;234;235;237;239;243;244;246;249;250;253;254;255;257;258;260;268;269;272;273;275;276;277;278;280;283;284;287;289;291;297;298;302;305;307;310;311;313;314;317;318;319;323;327;328;329;331;332;333;335;336;338;342;344;348;352;354;355;356;357;360;361;362;363;366;369;371;372;373;374;376;378;379;383;384;387;389;390;391;392;393;394;396;398;400;401;402;403;412;415;416;419;423;425;428;431;432;433;434;435;436;437;438;440;441;443;444;446;448;449;454;456;457;458;459;460;461;463;465;466;467;469;472;473;474;476;477;478;480;481;487;488;489;491;493;494;495;496;499;501;503;504;505;508;511;513;515;520;522;523;525;526;527;528;531;533;534;538;539;542;546;553;554;556;557;562;563;564;565;566;570;572;574;575;577;582;583;584;589;591;592;596;597;598;601;602;603;606;607;611;612;616;626;627;629;630;631;634;635;638;639;646;650;652;653;654;656;657;658;660;667;669;670;671;673;674;676;678;679;681;682;687;688;693;695;696;697;699;700;701;703;708;709;712;713;715;716;717;719;721;723;724;727;728;729;730;731;735;737;739;740;741;743;745;746;748;751;752;755;756;757;758;762;764;765;769;770;771;773;774;775;777;784;786;788;790;794;795;796;797;798;799;801;802;803;811;812;817;819;820;821;822;823;827;829;832;833;836;837;838;839;846;848;850;852;855;858;859;870;875;876;877;879;881;883;895;897;898;899;900;901;902;903;906;910;915;918;920;921;922;928;929;930;932;938;941;942;947;948;949;951;952;953;954;955;956;958;959;961;962;963;968;977;978;979;981;983;984;988;990;992;993;994;996;1000
105;3;4;5;8;10;11;12;13;14;15;16;17;21;22;23;24;33;35;37;38;39;44;45;46;47;48;49;52;54;55;58;60;62;64;67;70;71;72;73;75;76;77;78;79;80;84;85;86;89;90;93;94;95;97;100;101;102;106;108;109;111;116;117;118;119;120;121;127;128;134;137;138;139;140;141;144;146;148;150;151;152;153;155;156;157;160;161;165;166;167;168;169;170;172;175;176;178;179;181;183;189;193;194;197;199;201;203;207;208;209;210;212;214;215;219;221;223;226;228;231;242;243;244;249;250;252;254;255;257;260;261;262;263;265;268;272;273;275;280;281;282;284;286;290;291;295;296;297;299;300;302;307;308;309;310;311;312;314;315;319;322;327;330;331;332;334;340;341;343;344;345;349;353;354;355;356;357;358;359;361;363;366;367;368;370;373;375;378;379;382;384;386;387;388;389;393;394;398;399;400;401;402;403;404;406;409;410;412;413;414;416;418;419;421;423;427;428;429;431;435;439;444;447;448;449;451;452;456;461;464;466;467;469;471;472;475;478;480;481;483;486;489;495;497;498;499;502;503;504;505;507;509;510;511;512;513;514;516;520;523;524;526;529;530;532;536;538;539;544;547;549;551;554;555;556;559;561;562;563;564;565;566;567;568;569;570;571;573;574;577;579;580;581;582;587;588;589;591;592;597;599;600;602;604;607;611;612;614;616;617;619;620;624;627;629;632;633;635;636;637;643;644;645;646;647;648;649;650;652;653;654;655;657;659;661;662;665;667;669;671;672;674;675;687;688;689;690;692;694;695;697;705;707;711;712;716;717;718;723;725;726;728;729;730;731;733;734;737;738;741;742;743;748;749;751;752;753;756;762;763;766;767;770;771;773;775;776;777;778;779;780;781;782;783;785;786;787;788;790;791;792;795;796;797;798;799;801;802;803;804;808;811;814;815;816;817;821;822;824;829;830;831;832;837;838;840;841;842;843;844;845;846;849;851;852;855;856;859;865;870;872;873;874;875;876;877;880;881;884;885;886;888;889;890;893;897;898;901;902;904;905;906;907;909;910;911;913;914;915;916;917;918;919;920;923;924;925;927;928;930;942;945;946;948;952;954;955;956;957;958;959;968;969;972;973;976;977;981;990;995;996;997;999
106;1;3;5;6;7;8;10;11;14;17;18;19;22;23;26;27;31;33;37;38;39;43;45;50;55;61;72;74;77;78;80;84;89;92;93;96;105;110;111;112;113;114;116;117;120;121;122;125;127;130;133;135;137;140;142;143;144;148;149;150;151;154;155;156;157;158;159;165;168;171;174;175;177;179;183;185;187;188;190;195;200;201;202;206;208;209;210;211;212;213;216;220;221;223;224;225;226;228;229;230;231;235;237;240;241;242;247;248;255;256;257;258;259;261;262;263;264;267;268;269;271;272;275;277;279;280;281;283;284;286;294;295;298;299;300;301;302;305;307;310;313;314;316;317;319;321;324;326;327;328;330;333;334;337;339;342;343;344;345;346;347;348;349;351;353;355;356;357;359;361;362;369;371;372;375;376;377;382;383;384;386;392;393;398;401;402;407;408;411;413;415;421;422;426;427;428;429;431;432;436;438;439;440;443;444;446;450;451;453;457;458;459;460;462;464;465;466;469;471;472;474;476;479;481;482;483;484;485;488;491;492;496;497;501;503;507;510;512;514;517;519;520;524;525;526;529;530;536;538;540;541;542;547;549;551;553;558;559;562;563;564;565;567;568;569;570;573;574;576;580;585;586;587;588;590;592;593;594;596;600;601;603;605;606;607;609;610;621;622;624;629;630;631;636;637;643;644;646;647;648;650;654;655;656;657;658;659;661;662;666;667;669;670;674;678;679;680;681;682;684;686;687;688;693;698;699;704;705;707;710;711;712;713;716;719;720;721;722;723;725;726;727;728;729;730;731;733;736;737;738;739;740;741;742;743;748;749;750;754;755;757;759;760;763;766;767;768;769;770;771;774;775;777;778;780;781;782;783;784;786;788;793;796;798;799;800;801;802;803;804;805;807;808;810;815;816;818;820;822;825;827;829;833;834;835;839;840;843;844;845;847;848;850;853;857;858;862;863;865;867;868;872;876;883;885;887;889;891;893;894;895;897;898;901;903;905;907;911;913;914;919;920;923;925;926;928;930;931;932;933;934;937;938;944;945;948;950;952;957;960;961;962;965;966;967;968;970;971;972;975;976;979;981;982;985;989;992;993;994;995;997;998
107;1;2;3;6;10;12;13;14;16;18;19;21;22;26;29;32;33;35;36;38;39;40;41;42;44;47;50;51;52;53;56;58;59;60;64;65;67;69;71;72;73;75;78;79;85;88;92;93;95;97;98;102;103;104;108;109;110;112;114;115;116;118;119;121;125;126;128;133;134;135;136;137;139;140;143;144;145;146;147;149;150;151;156;161;162;163;165;166;168;171;172;173;174;182;183;184;185;190;192;194;196;199;204;205;207;210;212;214;216;218;219;226;228;229;234;235;236;237;238;240;241;243;244;246;250;254;255;258;259;261;263;264;266;269;270;271;273;274;277;279;282;283;285;286;287;289;290;292;293;307;312;315;317;318;319;326;327;331;333;334;336;338;340;341;342;343;344;347;348;351;352;354;357;358;359;363;365;367;368;370;371;372;373;377;378;381;383;387;389;391;392;393;394;395;396;398;399;402;405;406;411;412;414;417;418;419;420;425;426;428;431;432;435;437;438;441;445;447;451;452;453;454;455;457;459;463;465;467;471;472;474;476;477;478;481;482;483;484;485;490;491;492;494;495;496;497;500;501;502;504;507;513;515;517;518;519;520;521;522;523;524;525;527;534;536;537;542;543;544;545;551;552;554;555;556;557;558;559;560;564;565;566;570;572;575;576;577;578;579;581;582;583;588;591;592;593;594;595;598;600;601;605;606;616;617;618;620;621;623;625;627;629;631;633;638;639;640;642;643;644;645;647;651;656;657;658;663;669;670;672;674;677;679;682;683;684;685;687;688;692;695;703;707;708;713;715;716;717;720;721;723;728;729;730;732;735;736;740;741;742;743;744;745;746;747;749;752;755;757;758;760;761;762;763;764;765;766;767;769;770;771;772;773;774;777;780;781;783;784;785;787;789;791;792;793;796;801;802;803;804;810;812;813;819;824;825;826;827;828;833;835;836;837;838;839;841;844;845;849;852;853;854;855;856;857;858;859;862;865;869;870;872;874;875;876;879;883;884;887;888;889;892;893;901;908;909;914;916;919;921;926;927;928;930;932;935;938;941;942;945;949;951;952;955;958;960;963;964;966;969;973;975;978;979;980;981;983;984;985;987;988;989;991;993;995;996;997
108;1;4;5;6;7;9;10;12;13;14;15;16;17;21;22;23;24;29;30;32;35;37;41;42;43;45;47;48;49;51;54;58;60;61;63;64;67;69;70;71;72;74;75;76;77;78;86;87;88;89;90;91;93;94;95;96;97;98;102;104;105;107;109;110;111;114;116;117;119;120;124;125;126;130;133;134;136;137;138;140;146;149;150;151;153;154;156;158;163;164;168;169;170;171;172;177;178;180;181;182;183;184;185;186;187;188;190;191;192;194;195;196;197;199;201;202;204;205;207;208;209;211;212;213;214;217;218;220;221;222;223;228;235;236;238;240;244;248;249;250;253;255;256;257;260;261;263;264;265;266;268;272;273;274;275;279;282;283;285;286;287;288;289;290;292;293;294;295;298;301;302;303;304;305;307;310;311;312;316;317;318;319;324;325;327;329;330;334;337;338;339;344;347;350;352;353;355;356;357;359;361;362;364;366;367;368;369;373;375;377;378;381;382;383;384;391;392;395;396;398;399;400;401;402;404;405;406;410;411;412;413;414;415;418;419;421;422;423;424;426;428;429;431;434;435;436;437;439;442;445;448;450;451;455;460;463;470;471;472;473;474;475;477;481;483;487;489;492;496;503;505;507;508;511;512;513;514;515;517;519;521;522;525;527;529;530;531;539;542;545;548;550;552;553;556;560;561;562;564;573;575;577;580;581;582;585;589;591;594;595;599;600;603;606;607;608;609;610;611;612;613;614;615;616;617;622;623;624;625;626;627;628;629;633;634;635;637;640;643;644;645;647;651;652;653;654;655;657;659;660;661;663;664;671;672;674;676;677;678;679;680;683;688;689;690;694;699;700;702;703;706;707;708;709;712;716;718;721;722;725;726;727;728;732;733;735;738;739;740;744;746;750;751;752;753;754;755;756;760;761;762;767;768;769;771;772;774;776;779;780;783;785;789;790;791;794;798;800;801;802;803;804;807;808;811;813;816;817;819;820;822;824;826;827;830;831;832;833;834;836;837;838;841;842;846;849;850;851;852;855;856;858;861;862;863;864;868;869;871;872;877;878;879;880;885;886;888;890;891;893;894;897;900;901;905;906;907;909;910;912;915;916;919;922;924;926;928;931;932;933;934;935;936;937;938;939;940;944;948;952;953;956;958;961;962;967;968;969;970;973;974;975;978;979;980;981;982;984;986;987;988;989;990;998;1000
109;2;3;6;7;9;10;11;13;16;22;24;32;33;37;38;39;40;45;49;50;51;52;54;55;56;57;59;60;63;70;73;76;77;79;80;82;83;84;85;86;88;89;90;92;93;94;95;96;97;99;100;101;103;104;105;107;108;110;112;113;115;118;119;122;126;130;131;132;133;134;136;138;141;142;144;145;147;150;151;152;153;154;155;158;159;161;162;165;167;169;170;171;172;176;179;184;185;186;187;188;189;192;195;202;203;204;206;209;213;215;222;223;225;226;229;232;234;236;237;238;242;247;248;249;250;252;253;259;261;262;263;266;267;271;272;273;274;276;281;284;285;289;291;292;293;295;296;300;301;304;306;307;308;309;311;312;316;318;320;321;324;325;327;330;331;332;333;334;335;336;337;341;347;348;349;351;352;354;355;356;357;358;359;360;361;364;365;367;368;369;370;372;373;374;375;377;380;383;388;389;390;393;395;396;397;398;401;405;409;413;414;419;420;421;422;423;424;425;426;432;435;437;442;444;445;447;452;453;455;459;461;465;466;467;469;470;471;473;476;477;478;479;481;482;483;488;489;490;491;492;493;494;495;497;499;502;503;506;507;513;514;518;519;520;522;527;528;529;532;533;534;535;539;541;544;546;547;549;551;556;559;560;562;563;564;566;569;572;573;574;575;576;583;584;587;588;589;591;594;597;598;601;602;604;608;610;612;613;615;616;617;618;619;623;624;627;629;633;635;637;640;641;643;644;645;646;648;651;658;659;661;662;663;664;666;667;668;670;671;673;674;675;676;677;678;680;685;687;688;689;692;693;695;696;706;708;710;716;717;720;724;725;727;728;729;730;731;732;733;734;735;736;737;738;739;740;741;742;744;745;746;747;750;751;753;754;755;757;758;759;760;762;763;764;767;768;769;770;771;773;775;776;777;778;780;781;783;784;785;787;789;790;791;792;793;795;797;798;799;802;803;805;807;809;812;817;821;822;825;827;828;831;832;836;837;840;843;845;846;848;850;853;855;856;857;858;859;864;867;869;871;872;876;877;880;881;883;884;889;890;891;893;894;896;897;900;901;902;906;911;912;913;915;924;926;927;931;932;933;935;936;937;939;940;941;943;946;947;950;954;955;956;960;961;963;967;968;970;971;972;973;974;975;984;985;987;989;994;995;996;998;999
110;2;4;6;7;8;9;10;12;14;15;20;22;25;26;28;29;30;34;36;38;39;40;42;44;45;48;49;52;54;57;58;61;63;66;67;68;70;74;77;78;79;80;83;84;86;90;92;94;95;96;97;98;102;103;106;107;108;109;115;118;120;127;128;131;132;133;135;137;138;140;141;142;143;144;147;148;150;154;155;158;159;161;163;164;165;167;169;170;173;176;181;183;186;187;191;192;194;196;199;200;201;202;204;205;209;210;211;213;216;217;219;220;222;223;225;226;229;231;233;235;237;239;241;243;245;246;247;251;253;254;255;257;258;259;260;262;269;270;271;272;274;279;280;281;282;283;286;288;289;290;294;295;296;297;298;299;301;304;306;308;312;315;317;319;320;322;324;325;326;329;331;334;342;343;345;346;348;349;350;353;354;356;357;358;359;360;362;363;365;366;367;368;369;371;372;376;377;378;379;380;382;385;386;389;390;394;395;396;397;398;401;402;403;405;406;407;410;411;417;419;422;424;426;430;432;434;443;445;448;449;450;452;454;456;457;458;459;461;462;463;466;467;469;471;472;474;475;477;478;481;482;484;485;488;489;492;493;497;500;502;503;505;507;508;511;514;515;516;518;524;526;528;529;531;536;537;539;542;545;547;549;550;551;552;553;554;558;559;560;563;567;569;570;576;578;579;580;581;583;585;587;588;590;591;594;595;600;602;605;608;610;612;613;614;616;617;618;619;620;622;624;625;627;628;629;631;635;636;640;641;642;643;644;645;646;647;648;653;656;657;658;659;660;663;664;666;667;668;670;671;678;679;681;683;684;685;690;695;699;702;704;705;706;710;716;717;718;720;723;726;731;733;734;735;740;741;745;746;747;748;749;750;754;755;756;758;759;761;763;766;768;769;771;772;774;775;776;781;783;785;790;793;796;797;798;801;802;804;805;806;807;809;810;812;813;815;816;819;820;822;823;828;829;830;831;832;834;837;838;841;843;844;845;846;849;852;854;855;857;858;859;860;861;863;865;866;867;869;871;872;873;874;875;876;878;880;883;884;888;889;893;895;896;897;901;902;903;905;909;914;917;918;920;923;924;925;926;928;929;932;934;936;939;942;948;949;950;952;960;962;964;968;970;971;972;973;974;977;978;979;982;983;984;987;988;989;990;993;994;998;999
111;1;7;15;16;17;18;19;20;22;24;25;28;30;31;32;34;36;37;41;42;51;52;53;59;60;61;62;65;69;70;72;73;76;77;81;82;83;84;86;87;88;89;90;93;94;99;102;103;104;105;106;108;114;116;117;118;122;123;126;128;129;130;133;135;136;140;141;142;146;147;148;150;152;154;156;160;163;165;166;170;174;176;177;180;181;182;189;190;193;194;195;196;197;198;201;203;204;206;207;210;215;216;217;218;220;221;222;224;225;229;233;234;235;236;237;238;239;240;242;244;245;247;249;251;252;258;260;262;263;264;267;268;270;271;272;274;279;281;285;286;287;290;292;295;297;301;302;304;306;307;308;310;311;314;316;317;322;323;325;328;329;330;331;338;339;342;347;348;349;351;352;353;354;356;358;359;361;362;363;364;365;367;374;375;376;378;381;382;383;384;386;388;392;393;394;395;397;399;400;401;402;404;407;410;414;415;418;419;420;427;428;429;432;434;439;440;441;442;443;445;446;452;455;456;457;459;460;461;462;464;466;467;468;469;470;471;473;474;476;477;480;482;486;488;489;490;494;495;500;501;502;503;505;506;507;509;510;512;514;515;518;522;523;524;526;527;529;530;531;532;533;535;536;544;546;547;550;551;552;554;555;560;565;566;570;572;573;574;576;579;582;583;585;588;590;591;592;594;597;600;603;605;606;607;610;611;612;614;621;623;627;630;631;633;635;636;637;638;639;641;642;643;647;650;651;655;657;658;661;662;670;672;675;681;682;683;693;696;697;699;703;704;708;709;710;711;712;713;717;718;720;722;724;726;728;729;733;734;736;738;739;740;742;743;747;748;749;750;751;752;754;764;765;766;767;770;771;773;775;776;779;781;784;786;787;795;797;800;801;803;805;806;807;811;812;814;816;817;822;824;825;828;829;830;831;835;837;838;841;842;845;847;851;852;854;856;858;859;860;862;866;868;870;871;875;877;878;879;880;882;885;886;893;895;897;898;902;903;904;907;911;914;917;919;921;924;925;926;928;929;931;932;934;935;936;937;938;939;943;944;946;947;948;949;951;952;953;956;957;958;959;960;963;965;966;969;971;973;977;978;980;985;986;987;988;991;993;995;998;999
112;3;5;6;7;11;14;15;19;20;21;22;26;27;28;29;30;31;33;34;35;36;38;39;40;41;42;43;44;45;46;48;49;52;54;56;57;58;60;62;63;66;67;69;75;76;78;80;83;86;87;88;90;92;95;97;98;99;104;106;107;109;113;114;116;117;118;120;121;123;125;126;129;131;136;137;139;140;141;142;147;150;151;153;155;157;159;161;162;164;166;168;171;173;176;180;182;183;184;186;187;189;193;195;196;197;198;200;203;204;205;207;211;213;215;217;218;221;223;224;226;230;233;237;239;241;249;250;251;252;253;254;255;256;257;258;260;263;265;267;271;272;274;279;280;282;285;288;289;294;297;298;299;301;304;308;310;311;312;313;314;316;317;320;321;322;324;325;329;330;332;333;335;342;343;345;350;352;353;354;357;361;362;364;365;366;368;370;372;374;377;379;381;383;384;387;388;391;392;396;400;403;409;411;412;415;416;418;419;422;423;426;428;429;430;431;433;435;436;437;438;441;442;445;446;448;449;450;451;452;454;456;458;460;463;464;465;468;469;472;475;477;482;484;488;490;492;495;498;499;502;505;508;511;512;514;517;518;519;520;524;528;529;531;532;538;540;542;544;547;548;549;554;555;556;557;558;560;562;563;565;568;569;570;574;576;577;578;579;582;584;586;591;592;595;596;598;599;601;602;603;604;605;606;611;612;616;620;622;623;624;626;627;630;635;640;643;645;646;649;650;651;653;654;661;662;663;664;665;667;670;671;674;675;678;684;685;687;688;691;692;693;695;697;698;700;703;704;706;708;712;713;715;716;723;731;733;734;737;738;740;741;742;743;745;746;751;754;755;756;761;763;764;769;774;776;777;779;783;785;789;790;791;794;795;796;797;803;805;806;813;816;821;824;825;828;829;830;833;834;837;838;840;842;844;845;847;849;850;852;854;855;857;859;860;864;865;866;868;872;874;878;879;880;881;883;887;888;889;890;891;899;902;903;906;907;909;914;915;917;918;919;920;921;924;927;928;930;931;933;935;940;941;946;947;949;952;959;961;962;963;964;967;968;970;972;974;975;976;977;978;980;981;984;989;990;992;993;995;998;1000
113;1;2;3;4;5;7;10;11;12;13;14;16;17;18;19;20;22;25;26;27;28;29;30;32;37;39;42;43;44;45;46;49;51;52;53;54;55;56;57;61;63;65;66;67;69;70;71;72;75;77;81;86;88;91;92;93;99;100;101;102;103;104;106;109;112;115;118;120;121;122;123;125;128;129;130;132;134;135;136;139;141;143;144;147;148;149;150;152;157;158;160;161;164;166;168;171;172;174;175;176;177;182;184;185;192;194;196;197;199;202;203;205;209;212;213;218;221;224;227;231;232;234;235;236;237;240;241;243;246;248;249;251;252;253;256;259;260;261;262;271;272;276;277;281;282;283;284;285;286;287;288;290;291;293;294;295;296;299;301;304;306;307;309;315;319;321;322;323;324;325;326;327;328;333;335;336;337;338;339;341;342;346;348;349;351;354;355;356;357;358;359;360;361;363;364;365;366;367;368;370;372;373;375;376;378;379;381;384;386;387;390;393;394;397;398;399;403;404;405;406;407;408;414;416;418;419;423;424;427;428;430;431;432;433;434;435;436;437;438;440;441;443;447;448;450;452;454;458;459;462;463;466;467;470;472;473;474;476;477;478;480;481;489;490;492;493;495;497;498;500;502;504;505;511;512;515;517;518;519;520;521;522;526;528;529;531;532;533;534;535;537;538;539;540;541;544;549;550;552;553;555;559;561;562;564;565;566;571;572;574;576;578;582;583;586;587;588;589;590;595;596;597;599;601;602;607;608;610;614;615;618;621;623;626;630;631;633;634;635;637;640;644;645;647;648;649;650;652;653;654;658;659;660;661;664;666;668;670;672;673;674;676;678;679;680;681;683;684;686;688;689;691;692;693;695;696;698;700;704;706;707;708;709;710;714;715;720;721;722;725;726;727;729;730;734;735;737;738;739;740;741;743;744;745;746;749;752;755;758;759;760;761;762;763;769;771;780;781;783;784;790;797;798;801;803;804;806;807;809;810;811;812;813;816;823;824;825;827;829;836;837;838;841;842;845;846;848;849;850;852;854;857;861;862;863;864;869;870;872;873;874;875;878;880;882;884;885;886;889;891;893;897;898;904;908;909;910;911;912;915;917;918;919;921;923;925;926;929;930;931;933;937;940;943;947;948;950;951;953;959;964;965;970;971;976;978;980;981;982;985;987;988;989;997;1000
114;1;3;4;6;7;8;9;14;15;19;21;23;27;30;31;32;34;36;42;43;44;46;52;53;58;59;60;64;67;68;69;70;75;78;81;83;89;92;93;94;97;99;101;103;104;106;107;108;111;112;116;118;120;121;124;125;126;127;128;135;136;139;142;143;147;148;149;153;154;157;158;159;161;162;164;165;167;168;169;171;173;174;177;179;180;182;183;190;192;193;194;196;198;201;203;205;206;207;209;211;213;214;217;219;220;223;224;230;231;234;235;236;240;241;242;243;244;248;249;251;255;256;260;262;263;264;265;266;267;268;269;271;272;275;276;277;278;279;280;281;283;284;289;290;292;293;294;295;297;298;299;301;303;304;308;310;313;316;319;321;322;323;325;326;328;329;330;331;335;337;338;339;340;341;342;343;344;345;346;347;348;349;350;352;355;357;358;361;362;363;364;365;366;369;370;371;372;373;375;376;377;378;379;380;383;386;390;391;392;393;396;397;400;401;403;410;411;412;413;418;421;423;424;430;432;433;435;436;438;439;440;442;443;444;445;446;449;451;452;453;456;458;460;461;462;463;465;466;470;471;472;474;475;477;478;482;486;488;489;493;495;497;498;499;500;502;503;505;506;508;509;511;512;513;514;515;518;521;522;524;525;527;528;529;530;533;536;541;542;544;545;547;548;549;550;551;554;557;560;564;569;570;571;572;576;577;580;581;582;584;585;586;588;590;592;594;595;596;597;603;604;607;609;614;615;616;618;621;622;627;631;633;634;635;637;638;639;640;642;643;644;646;647;648;650;652;653;654;656;657;660;661;662;666;667;668;669;670;671;672;673;674;677;680;681;682;683;685;688;690;691;693;695;697;700;701;702;703;704;705;710;711;714;715;717;718;719;720;723;724;727;729;730;731;733;735;736;737;742;744;753;754;756;757;758;760;762;765;766;768;769;770;771;774;779;781;783;786;789;792;793;794;797;798;799;800;802;803;808;809;812;813;814;815;816;817;818;819;821;822;828;829;831;832;833;836;838;845;846;852;856;857;858;859;862;863;866;869;874;876;878;880;881;882;883;885;886;887;889;890;892;894;895;896;897;898;899;902;904;905;906;909;910;911;912;914;915;917;919;920;922;925;926;927;928;930;931;932;933;934;940;942;946;950;951;952;954;956;959;960;963;964;965;966;975;976;977;983;984;987;992;996;997
115;2;4;5;7;10;12;14;15;16;17;19;23;24;30;31;32;35;39;42;43;44;47;50;52;53;54;55;56;58;59;61;63;64;65;67;68;69;70;73;74;76;77;81;82;86;91;93;94;96;99;107;109;110;113;117;118;119;120;122;123;126;127;128;129;133;134;135;137;138;141;143;146;148;149;150;151;155;156;157;158;159;161;163;164;165;168;170;172;173;174;177;184;190;191;192;195;199;201;203;204;205;207;212;213;215;217;220;221;222;224;225;230;232;233;234;237;238;241;242;243;244;245;246;248;250;251;253;255;256;259;260;263;264;266;269;275;276;277;279;283;285;286;288;289;290;292;294;297;298;299;303;305;306;307;308;312;313;317;320;321;324;325;332;333;335;337;338;339;341;342;343;344;348;349;351;353;355;356;357;358;359;361;368;371;373;376;378;383;384;387;388;393;395;396;397;402;403;405;407;408;409;413;414;416;419;424;426;427;428;430;432;433;435;438;440;443;444;445;446;450;452;454;457;464;467;468;469;470;471;474;486;487;490;492;494;496;497;498;501;502;505;506;509;511;512;514;515;516;519;520;521;522;524;525;526;527;528;532;535;537;539;540;543;550;551;553;554;556;557;558;559;560;561;563;564;565;567;568;570;572;574;576;577;579;580;581;584;585;588;591;592;594;595;597;599;600;601;602;603;604;606;607;608;609;610;611;612;613;616;617;619;622;624;625;626;627;628;630;631;632;634;637;644;645;646;647;648;650;653;654;657;659;660;663;665;669;670;672;673;675;677;678;680;683;685;688;689;690;691;692;693;696;698;699;701;708;716;717;722;724;725;726;727;728;729;731;732;735;738;740;742;744;745;747;749;750;751;752;758;760;762;763;764;766;767;771;776;780;781;782;783;785;786;789;795;797;798;799;800;801;802;805;806;812;814;816;821;823;825;826;827;830;833;834;835;837;839;842;847;848;852;853;854;858;859;860;863;864;873;874;876;879;886;888;892;893;894;895;897;898;899;900;901;903;904;918;919;922;923;925;926;929;931;932;934;937;939;942;943;944;946;947;949;950;951;952;953;956;958;961;962;964;966;969;970;971;972;973;978;982;985;986;990;994;995;997;1000
116;1;3;6;8;9;12;13;15;18;19;22;23;26;31;32;33;34;36;38;39;42;46;51;54;55;56;57;62;63;65;67;69;70;71;73;74;75;77;80;85;86;88;89;96;97;99;100;102;105;106;107;108;111;112;114;117;119;121;122;124;130;132;134;135;136;137;138;145;146;147;154;155;156;157;160;163;165;169;171;172;173;175;180;183;184;188;189;190;191;192;194;195;196;198;201;203;205;207;208;209;211;216;217;218;219;220;221;223;224;230;232;233;237;240;243;244;247;249;251;254;255;258;260;261;263;265;271;275;276;277;278;280;281;282;286;288;290;292;294;298;299;301;303;304;306;307;309;311;314;315;316;317;318;320;321;322;324;325;327;330;334;335;336;341;343;352;356;359;362;363;367;369;370;371;374;376;377;379;382;385;386;387;389;391;393;395;396;397;400;403;407;410;412;413;417;419;420;423;424;427;428;429;430;432;435;436;437;438;441;442;443;445;446;451;452;453;454;455;456;457;458;459;461;463;464;467;469;472;475;476;478;480;482;484;485;486;489;492;497;499;500;501;504;506;508;511;512;513;514;515;516;517;521;522;524;527;530;531;532;535;536;538;539;540;544;546;548;549;551;554;555;556;559;560;561;562;566;567;570;571;572;574;575;576;577;580;582;583;585;586;587;588;590;593;594;596;597;601;605;606;609;612;616;617;619;621;626;628;631;632;634;636;638;641;642;643;644;647;653;658;659;660;661;667;668;669;671;674;677;678;680;681;682;683;684;686;689;692;694;696;698;699;700;701;702;703;704;707;708;712;713;714;715;716;717;718;719;722;724;725;726;727;728;729;733;734;738;741;743;745;747;753;757;761;762;763;764;767;768;769;773;774;775;776;781;782;783;784;786;789;790;797;798;799;801;802;808;813;814;818;821;822;823;826;827;831;832;833;836;838;839;840;844;848;849;850;852;860;862;864;865;867;870;872;873;874;875;876;877;878;880;881;884;887;891;892;894;897;900;904;905;908;909;913;915;916;918;920;922;923;927;928;929;930;933;934;936;937;938;942;943;945;946;947;949;952;954;957;960;962;971;972;974;975;977;979;980;983;987;988;992;994;995;996;997;998;1000
117;1;6;8;9;12;14;16;18;21;23;24;29;31;33;34;35;36;43;46;47;49;50;52;57;58;59;60;62;63;64;67;68;73;74;76;77;79;82;84;86;88;89;90;92;93;94;95;96;97;100;102;103;104;105;106;108;111;112;115;116;118;121;124;126;130;132;133;135;137;138;141;143;147;148;149;150;152;154;157;162;164;165;166;167;169;171;174;178;183;186;187;188;196;198;203;204;205;206;207;208;209;214;215;220;221;225;226;230;233;235;237;240;243;244;246;247;254;255;256;257;259;261;263;265;269;271;273;275;280;281;284;286;287;288;290;296;299;300;301;302;304;306;311;313;317;322;324;329;331;332;333;334;335;336;338;340;341;344;345;346;347;348;349;350;355;357;360;361;363;365;368;370;372;380;383;385;386;388;390;393;394;397;401;402;407;413;414;415;416;422;424;426;430;431;432;435;436;437;438;445;446;447;449;450;456;462;464;465;466;467;468;469;472;473;476;481;482;483;485;489;490;493;495;498;502;507;508;510;514;515;518;521;522;526;527;531;533;534;535;536;537;538;542;544;546;547;550;551;552;556;557;560;562;566;567;569;570;571;573;575;576;577;578;580;582;583;584;588;590;592;597;598;599;602;606;607;608;609;610;614;617;618;622;623;625;627;628;631;632;635;636;639;640;642;644;645;646;648;649;650;652;654;657;659;660;661;664;665;668;670;671;672;673;675;676;677;679;680;681;683;684;686;690;692;698;700;703;704;706;707;708;709;710;712;715;717;718;719;720;721;722;724;725;726;727;728;730;731;732;736;737;740;742;743;747;748;749;750;752;755;756;765;767;768;769;772;774;776;784;786;789;791;792;793;796;797;798;803;806;807;808;809;811;812;815;817;820;825;827;829;830;832;833;834;836;837;841;842;845;849;852;853;854;855;858;859;860;861;864;868;870;872;873;874;876;877;878;879;881;885;886;887;888;890;893;895;896;899;900;902;904;905;909;915;917;919;921;924;927;931;932;933;935;936;937;938;940;942;943;944;945;947;950;953;954;956;957;958;960;962;965;967;970;972;976;977;979;980;982;986;988;990;991;993;994;995;996;998;999;1000
118;1;2;10;12;15;17;19;20;21;25;28;31;33;34;35;38;39;40;45;48;50;51;52;53;54;56;59;60;61;63;66;69;70;71;73;74;77;78;81;82;85;86;89;90;95;98;99;100;101;102;105;107;109;110;111;112;113;114;115;117;119;121;122;123;124;127;130;133;134;135;137;139;141;143;145;149;150;152;156;158;159;160;165;167;168;170;171;172;173;175;176;178;179;182;183;190;194;195;198;199;200;202;204;206;211;214;222;224;225;226;229;230;232;235;237;241;242;249;251;254;257;259;263;265;268;270;273;276;280;282;283;287;288;289;291;293;295;298;300;301;314;316;317;318;319;320;321;322;323;324;328;333;335;338;339;344;345;346;347;348;349;350;355;358;359;362;363;364;366;369;374;376;377;382;384;389;390;391;392;396;397;398;399;400;402;404;405;406;407;411;413;415;418;421;422;423;424;425;432;434;436;439;441;442;443;444;446;452;457;460;461;463;465;467;469;470;471;472;476;477;479;480;482;483;484;486;490;492;496;500;501;503;505;506;507;508;513;515;516;520;521;522;523;524;526;528;532;533;534;538;539;542;544;545;548;549;553;554;555;556;557;559;560;562;564;565;566;568;569;572;574;575;576;577;578;579;580;581;582;584;585;586;587;588;589;590;591;594;595;597;598;600;602;603;606;608;610;612;616;617;618;620;621;622;623;627;628;630;631;632;635;637;638;642;644;645;646;647;652;653;655;656;658;660;661;662;665;668;672;673;674;677;678;679;680;681;683;685;686;687;688;691;692;696;697;699;700;703;706;707;709;711;717;719;720;721;724;725;726;730;733;734;735;736;737;739;740;742;744;746;747;749;752;754;755;757;758;759;760;764;766;767;768;769;770;771;774;777;778;779;781;783;785;786;788;790;791;793;794;796;797;798;799;800;801;803;805;808;809;812;814;817;818;820;821;823;825;829;832;838;839;840;842;843;845;850;851;853;856;857;858;859;860;861;862;863;864;865;867;868;869;870;871;872;873;876;878;879;880;881;884;885;888;889;890;892;894;896;897;902;903;905;906;909;911;913;914;916;918;919;920;927;934;936;937;938;939;941;944;946;947;951;952;954;956;957;959;960;961;962;963;964;969;971;972;974;976;977;979;980;981;982;987;989;991;992;994;998;999;1000
119;1;2;5;7;11;12;13;16;18;20;21;22;26;28;29;33;34;35;37;39;43;45;47;49;50;51;52;53;54;55;59;60;61;62;63;65;67;69;71;73;75;77;78;79;80;81;82;83;85;90;92;93;94;98;103;105;107;108;109;115;116;118;120;122;124;125;126;127;128;129;131;135;139;140;142;144;145;150;152;153;154;155;156;158;159;160;161;163;165;166;167;168;170;171;172;175;176;177;178;182;184;185;186;188;189;190;191;194;196;198;199;200;201;204;210;213;216;218;219;223;224;225;226;227;231;236;237;238;239;240;241;242;243;245;246;247;248;251;252;255;257;259;263;266;267;268;270;271;273;276;277;281;287;289;290;292;294;295;296;297;299;300;301;302;304;305;306;307;310;314;319;321;322;323;324;325;330;331;332;334;335;338;341;342;344;348;351;354;355;356;357;359;361;362;363;364;365;367;369;370;371;372;373;374;375;376;377;378;379;380;381;382;383;385;387;390;391;396;397;400;401;402;404;405;407;408;409;410;411;412;414;415;416;421;423;427;429;432;433;435;436;441;442;444;447;448;449;450;454;455;456;457;460;462;465;466;467;468;470;471;476;477;479;480;482;483;484;488;489;492;496;497;499;501;504;505;507;512;514;516;518;519;522;527;529;530;531;532;538;540;541;545;546;548;549;552;554;555;556;557;558;560;561;562;563;564;565;566;567;568;569;570;571;573;575;576;577;578;580;582;585;588;589;594;596;597;598;599;600;601;603;604;606;607;608;610;611;614;615;616;619;620;621;624;630;632;635;636;637;640;641;642;643;645;647;650;652;655;657;658;662;663;665;667;669;673;674;676;678;679;681;684;688;689;695;698;700;701;703;706;707;708;709;710;714;715;717;718;719;721;725;727;729;730;731;732;735;736;737;738;740;742;744;746;747;749;751;752;753;755;756;760;761;762;765;767;768;771;772;773;775;776;777;778;779;781;784;788;789;790;791;794;798;805;807;808;809;811;812;815;816;819;820;822;823;825;826;827;828;830;831;832;835;836;839;840;841;842;845;847;848;850;851;852;853;860;863;865;866;867;868;870;872;873;874;875;876;877;878;880;881;883;884;886;890;892;894;895;897;899;901;903;904;905;910;911;912;916;917;920;922;924;926;928;929;930;931;932;933;934;937;939;940;942;944;949;950;951;952;956;957;959;960;961;963;966;969;971;972;974;977;978;980;981;982;983;984;988;989;991;992;993;994;995;997;1000
120;1;5;7;8;10;13;14;17;19;20;21;27;28;29;33;34;35;37;40;43;46;47;49;52;53;54;55;59;64;65;67;71;72;73;74;75;77;79;80;81;87;88;89;90;91;93;94;97;100;101;102;104;105;106;108;110;112;113;114;115;119;123;124;126;128;130;131;132;133;134;135;137;138;144;148;150;154;156;160;163;166;168;169;172;173;175;181;182;186;188;192;193;195;196;198;199;200;201;205;206;207;209;210;213;215;217;220;223;230;231;233;234;235;236;239;242;243;244;247;249;250;251;252;253;254;257;259;261;265;266;267;268;269;270;271;274;275;283;285;288;290;291;297;298;299;301;306;308;309;310;312;313;316;318;320;322;324;326;330;334;335;336;338;340;341;342;344;346;347;349;351;352;353;354;360;363;364;365;366;367;370;373;375;377;379;382;387;388;389;391;392;393;394;396;397;398;399;400;401;402;405;408;410;413;415;417;421;424;425;428;429;430;431;432;434;435;436;437;440;442;446;450;451;452;454;458;463;464;466;470;473;474;477;478;480;481;482;484;486;489;492;493;494;496;498;505;506;508;509;510;513;514;516;517;522;524;525;526;529;530;532;533;540;542;543;544;547;551;552;554;556;559;560;562;563;564;565;566;568;569;570;572;573;574;576;579;580;581;586;587;588;589;593;594;596;597;600;603;604;609;610;614;617;621;622;624;628;632;633;634;636;639;640;649;650;654;657;660;662;663;665;667;669;671;672;676;677;683;684;685;687;689;691;694;695;697;698;699;700;701;703;705;706;707;708;709;710;711;712;716;720;721;723;729;732;734;735;736;737;741;742;743;744;746;749;750;751;758;759;761;762;764;765;767;769;770;771;772;773;775;777;779;781;784;785;788;789;790;793;806;807;808;810;812;815;816;820;822;823;830;831;832;835;837;838;839;842;845;846;847;848;849;854;856;858;859;864;865;866;867;868;869;870;871;872;874;876;877;878;881;882;883;884;885;888;889;891;892;896;898;899;900;901;902;904;905;907;909;912;913;914;916;918;919;920;926;928;931;933;935;936;937;939;940;941;943;944;945;946;948;951;954;955;960;961;962;963;965;969;973;974;978;979;980;981;983;988;992;993;994;996;997;999;1000
121;1;3;7;9;10;12;14;15;17;20;21;26;27;28;29;31;35;36;39;48;49;50;52;54;56;57;60;63;65;66;67;69;70;73;74;77;78;80;82;83;86;87;88;89;91;93;94;96;97;98;100;102;104;105;106;107;112;113;114;116;117;118;122;123;124;128;133;134;136;138;141;145;147;148;149;150;152;156;157;159;168;169;170;171;172;173;174;176;178;179;182;184;185;186;188;191;193;194;195;196;200;202;203;208;210;211;212;213;214;216;217;220;221;224;225;226;227;228;229;233;234;237;239;240;244;249;250;251;252;257;258;259;260;262;263;267;269;271;272;273;276;277;280;282;286;287;289;290;292;293;294;296;297;298;299;300;303;306;308;309;311;312;316;317;319;322;325;327;330;331;332;333;334;336;337;338;339;340;342;344;345;347;350;351;352;353;354;357;358;361;362;363;364;365;366;367;371;373;374;376;378;380;383;384;385;386;387;388;393;395;397;398;400;404;405;406;407;410;412;413;415;417;418;420;421;426;428;430;432;433;434;435;436;437;438;440;443;446;448;449;451;453;454;456;459;460;463;465;466;467;468;470;471;472;473;475;476;477;478;479;481;483;485;486;489;492;497;498;500;502;504;506;508;513;517;521;523;524;525;528;529;531;535;541;542;544;546;548;550;552;554;557;560;563;565;566;567;568;569;573;579;580;582;585;592;598;604;606;607;608;611;614;615;617;618;619;621;625;627;629;631;632;633;634;636;637;638;641;642;644;649;650;651;652;653;654;655;657;660;661;663;665;667;668;675;676;683;684;689;690;691;693;695;696;697;699;704;705;707;708;709;711;713;716;718;719;723;727;731;734;735;737;738;740;748;750;751;754;757;759;761;762;764;765;766;769;770;771;774;775;779;780;782;793;794;795;796;798;800;803;804;805;807;808;810;812;814;816;822;823;824;827;828;829;830;833;835;836;837;844;845;846;847;848;849;852;853;854;857;858;863;865;867;868;869;872;874;883;884;885;886;889;894;895;897;899;900;902;903;907;909;911;912;913;914;915;917;918;920;921;922;923;924;925;926;927;928;930;931;932;933;934;935;937;940;941;944;945;948;953;954;957;960;961;963;966;968;969;972;974;978;981;982;983;999;1000
122;3;5;6;8;9;10;12;14;16;17;18;19;22;26;28;29;31;33;35;36;37;40;41;42;43;44;45;46;47;51;53;56;57;58;59;60;62;63;66;68;69;70;73;76;77;79;81;82;83;85;86;87;88;90;91;94;95;98;106;109;111;113;115;116;118;119;121;124;125;126;127;128;129;131;133;134;135;136;137;138;142;143;145;146;148;149;151;152;159;160;161;162;169;170;173;174;177;178;179;181;190;191;192;193;194;195;196;197;200;201;202;209;211;212;213;214;216;217;218;223;228;229;230;232;234;235;236;238;241;244;245;246;249;250;253;256;257;260;263;268;271;272;274;275;276;277;279;281;285;287;288;289;291;293;296;298;301;302;303;304;305;308;309;310;312;313;314;315;321;323;325;331;334;335;337;338;340;341;342;344;350;351;356;357;360;363;364;366;368;371;372;374;377;378;380;381;383;386;387;388;394;398;403;407;408;409;410;412;414;415;416;418;420;422;427;428;429;431;433;434;442;443;445;446;447;450;451;452;453;456;461;462;463;464;465;467;470;472;473;477;479;480;482;486;487;490;495;496;497;500;503;504;505;506;507;508;511;512;513;519;520;525;527;530;534;535;536;540;541;544;546;547;548;549;550;552;553;556;557;560;563;567;569;573;574;576;577;580;581;582;583;584;586;587;589;591;593;594;595;596;597;601;602;603;605;606;607;608;612;617;618;619;620;621;630;631;634;637;639;642;643;644;646;649;651;654;656;659;661;664;666;667;670;671;672;673;676;678;679;680;683;684;686;691;697;701;702;704;705;707;708;710;713;714;715;716;717;719;720;721;722;723;727;730;731;733;734;735;738;739;744;745;746;748;749;751;752;754;755;758;761;763;764;765;767;768;773;775;776;779;784;785;786;788;789;790;791;792;798;801;802;811;815;818;820;821;822;823;826;828;829;831;832;835;836;838;839;841;842;845;846;847;848;852;853;858;859;865;866;867;869;873;878;882;883;885;886;887;889;892;895;897;900;902;904;909;912;915;916;918;923;926;927;928;929;930;931;936;937;940;943;944;946;950;951;952;953;959;960;961;964;966;968;970;973;974;976;979;980;983;985;987;988;992;995;997;999
123;1;2;3;6;7;10;11;12;16;17;21;23;24;25;26;29;30;31;32;33;38;39;41;45;47;48;51;53;58;59;60;63;71;74;76;78;82;83;84;85;89;91;92;97;99;100;101;103;111;112;113;115;118;120;121;128;132;136;137;139;140;141;144;150;151;152;153;154;155;158;159;161;165;167;168;171;173;177;178;181;182;184;185;186;188;189;192;193;195;197;201;203;204;205;207;208;214;215;218;219;220;223;224;225;229;230;233;235;236;237;238;239;242;243;244;245;246;247;248;250;257;262;264;267;271;274;278;281;283;284;285;287;288;289;290;293;294;296;298;299;304;305;308;311;312;313;314;318;319;321;322;323;324;334;338;343;344;345;346;347;349;351;354;357;359;362;365;366;370;371;372;373;377;379;382;383;384;386;395;396;397;399;404;407;408;409;412;413;419;421;423;424;425;431;433;434;440;441;445;446;447;451;453;455;457;458;460;462;463;464;465;468;472;478;480;481;482;483;484;485;491;493;494;495;497;499;502;503;505;511;512;514;515;516;517;518;520;521;522;527;529;530;534;535;538;543;544;547;548;549;553;554;556;559;561;563;564;567;568;570;572;573;574;575;579;580;583;584;585;586;587;593;597;598;600;603;604;606;610;616;620;622;624;625;626;627;629;632;634;635;641;642;645;646;648;651;653;654;655;657;659;662;663;666;668;669;670;673;675;681;684;685;686;687;688;694;700;702;705;707;708;710;711;713;714;717;719;720;721;722;724;726;731;732;734;736;737;738;740;742;743;744;746;747;754;757;759;761;762;764;765;766;768;773;774;775;780;783;784;787;788;789;792;793;794;797;799;802;803;807;809;810;815;816;819;821;823;824;827;828;829;830;831;833;839;840;841;842;843;847;849;850;851;853;854;855;856;858;859;860;861;864;866;868;869;870;879;880;881;882;883;884;885;890;891;893;894;895;897;898;899;901;902;908;910;913;917;919;920;922;923;924;925;926;929;931;932;933;934;935;936;938;941;942;946;949;950;951;952;953;955;956;957;959;960;961;962;963;964;965;968;969;973;975;977;978;981;983;985;987;989;990;991;993;995;998
124;1;2;3;5;6;7;8;10;11;13;14;15;16;17;18;20;21;24;25;26;28;29;30;31;33;37;40;45;49;50;51;52;54;55;56;57;60;61;62;67;71;72;75;78;79;80;81;83;84;85;86;87;89;97;98;99;102;103;108;114;116;117;118;119;120;121;122;125;129;130;132;139;144;145;147;149;156;161;162;164;165;166;167;168;170;173;175;177;178;180;184;187;189;190;195;196;197;199;200;202;203;204;205;206;211;212;213;214;218;220;222;223;226;227;228;231;233;237;238;241;245;246;247;248;250;251;253;254;256;257;258;260;261;262;268;271;273;277;278;279;282;283;284;285;287;289;291;292;295;296;298;301;302;306;308;311;314;317;318;322;323;324;327;328;329;331;334;335;336;337;338;339;340;341;346;347;349;351;355;359;360;361;362;363;364;365;366;367;368;371;373;374;375;376;378;379;381;382;383;384;386;387;388;389;390;391;393;395;397;405;406;408;409;410;411;413;416;418;423;424;425;426;427;428;430;432;433;440;441;444;446;447;449;453;455;456;459;460;462;466;469;470;471;472;474;476;478;480;481;484;485;487;488;490;494;495;498;499;501;502;503;504;506;507;511;514;515;517;519;521;522;523;526;527;530;531;532;534;535;536;538;540;544;546;549;550;551;553;555;556;557;560;561;562;564;566;570;571;573;575;577;580;582;583;586;587;588;589;591;594;595;596;597;598;599;603;605;606;607;608;612;613;614;615;617;619;620;622;625;631;632;633;635;638;640;646;647;651;654;655;656;657;658;661;664;665;666;667;669;670;671;672;673;674;675;677;679;681;682;684;685;686;687;691;692;694;695;698;699;701;704;705;706;710;711;712;713;716;717;720;723;725;726;727;729;730;731;732;736;738;739;745;746;748;750;754;757;758;759;760;765;766;768;771;772;774;776;777;778;779;781;784;787;788;795;796;797;799;803;806;809;811;815;819;820;821;822;823;825;828;830;834;838;839;840;851;852;853;854;858;859;860;861;863;864;865;866;870;872;874;875;877;879;880;885;886;887;890;891;893;897;898;901;902;905;906;910;912;915;918;919;920;922;925;926;927;929;933;935;937;941;943;944;946;947;949;950;953;954;957;958;960;961;962;963;965;967;969;970;972;973;974;975;976;977;982;984;985;991;993;995;996;998;999
125;2;3;4;7;8;9;10;11;13;14;16;17;21;22;23;25;32;35;37;38;40;46;47;48;50;52;53;55;57;58;59;62;63;66;67;69;72;76;77;78;80;82;83;87;89;93;94;96;97;99;100;101;104;106;107;108;112;113;114;119;122;124;126;127;129;131;134;138;140;143;144;147;148;151;152;155;156;159;160;161;162;163;169;173;174;175;176;180;182;183;186;187;188;189;190;192;193;195;197;198;199;200;202;203;207;208;213;214;215;216;217;219;220;221;223;226;227;228;229;230;233;234;235;236;237;239;243;245;250;252;253;254;256;257;259;260;261;262;263;266;267;268;274;275;276;277;279;281;283;284;286;287;289;291;292;295;296;299;300;302;303;304;305;307;308;309;310;313;314;316;318;319;320;321;326;329;331;334;335;340;341;343;345;346;347;349;350;351;354;357;360;361;362;364;368;369;372;373;374;375;376;377;379;381;382;383;385;387;388;389;390;391;392;393;394;395;398;399;400;402;403;405;406;407;410;411;414;417;418;419;420;422;423;424;425;428;429;434;440;442;444;446;447;449;450;451;452;457;459;460;461;465;470;471;472;474;475;476;479;480;481;482;483;484;487;493;494;495;497;498;499;504;507;508;509;510;511;512;514;516;517;519;522;523;524;526;528;529;532;534;535;536;537;538;539;543;544;545;547;548;549;551;554;555;558;566;568;569;576;579;580;583;584;585;587;588;589;590;591;594;595;600;601;602;603;604;605;609;611;612;613;614;617;623;625;628;629;630;631;633;634;636;638;640;641;642;645;646;648;650;651;652;655;656;658;659;661;662;663;674;675;676;677;678;681;682;687;688;691;695;696;701;702;704;706;707;710;711;719;722;723;724;727;728;729;730;731;737;738;739;740;741;742;744;745;746;748;749;751;753;756;757;760;761;762;769;772;780;782;783;784;786;787;788;790;791;792;793;795;804;805;806;807;811;812;817;818;819;820;824;825;829;831;832;833;834;838;840;841;843;845;846;850;851;852;856;859;860;862;864;866;869;871;879;881;882;883;887;890;891;893;894;895;897;898;899;900;901;902;903;904;906;908;910;911;912;917;920;925;927;929;931;932;935;936;941;944;948;952;955;959;961;964;965;972;973;975;977;979;980;981;987;988;989;990;993;994;996;997;1000
126;1;4;5;9;10;12;13;14;15;17;18;21;23;26;27;29;36;37;44;46;49;51;56;57;60;61;64;65;66;67;68;73;75;79;81;84;85;86;88;89;90;92;93;94;95;96;97;98;102;103;104;107;108;109;111;112;114;115;117;119;120;122;125;129;131;132;133;136;139;142;143;144;146;150;153;156;157;158;160;161;162;170;172;175;177;178;184;185;186;189;191;192;193;194;197;201;204;205;208;211;213;214;216;217;221;222;224;226;227;229;230;231;233;234;235;237;239;241;244;245;250;254;255;258;261;262;267;268;270;271;272;273;276;277;278;279;280;281;282;283;287;289;291;292;294;295;297;305;309;310;311;313;314;315;316;317;318;321;322;325;328;331;332;334;335;336;342;343;344;345;347;348;351;354;355;356;357;358;359;362;363;368;369;373;374;376;377;381;385;386;388;391;394;399;403;405;406;407;409;410;411;412;413;414;418;420;421;426;428;430;432;433;434;435;436;437;438;439;442;444;445;446;447;449;455;456;461;463;464;466;467;471;474;475;478;479;483;492;493;494;495;499;501;507;508;515;520;521;523;524;525;526;527;531;535;537;540;543;544;546;548;549;553;557;558;566;567;570;574;577;579;581;585;587;588;590;591;592;593;596;598;601;602;604;606;608;613;615;616;617;620;622;623;624;625;627;629;630;631;632;633;634;637;638;639;640;642;646;647;649;650;651;652;653;654;656;667;668;669;672;675;677;678;679;681;682;685;687;689;691;692;693;695;697;698;700;703;704;706;707;708;709;710;713;717;719;725;727;728;730;731;732;733;734;737;738;740;741;744;746;749;750;752;755;756;759;760;764;766;767;769;770;771;773;775;776;777;778;779;781;783;785;787;792;793;794;795;796;798;799;811;816;817;819;820;821;822;824;825;829;830;831;832;833;835;839;840;842;843;846;847;848;850;853;855;857;858;859;860;861;862;863;865;866;868;869;872;873;875;877;878;879;880;881;882;883;885;886;889;894;895;896;897;899;901;903;904;905;907;910;911;912;913;914;915;919;923;924;928;931;933;934;935;936;939;940;942;943;946;948;949;956;958;959;962;967;968;969;970;971;972;974;976;977;978;979;984;986;987;989;990;994;995;999
127;2;4;6;7;11;14;15;16;17;19;20;25;26;28;30;31;32;33;34;36;37;38;39;42;47;48;50;53;54;57;58;60;64;67;70;72;77;78;80;82;83;86;91;92;93;96;97;99;100;101;102;103;104;105;106;110;114;115;118;119;122;125;128;130;132;134;136;141;142;145;146;148;152;154;158;163;165;167;168;169;171;173;177;183;185;186;191;192;194;197;199;204;205;206;207;209;211;213;214;215;216;217;219;220;221;222;223;224;225;229;232;234;235;237;242;243;245;250;251;253;254;256;260;262;263;264;267;269;275;280;281;283;285;288;289;292;293;294;295;298;301;302;303;304;307;313;314;316;318;322;325;326;327;329;331;332;334;337;339;340;342;343;344;346;347;351;354;355;359;360;363;365;366;369;370;371;373;375;376;377;380;382;383;385;386;388;389;391;393;395;397;401;402;403;404;407;410;411;412;413;415;416;419;423;424;425;426;427;429;431;432;434;436;442;443;446;448;451;452;453;454;455;456;457;458;459;460;462;463;464;465;470;471;473;474;477;480;482;484;486;488;495;496;497;498;499;501;502;503;505;506;509;511;514;515;516;519;524;526;528;531;532;536;537;539;540;543;547;548;549;550;552;553;556;561;563;565;566;567;568;574;576;577;579;582;584;586;587;588;591;592;593;597;602;606;607;608;610;611;612;613;615;616;619;620;622;623;626;627;628;629;632;633;634;635;637;639;640;642;644;645;647;651;652;653;654;655;656;657;660;662;664;665;666;668;669;676;677;690;691;692;701;705;706;709;711;712;714;715;716;717;719;722;725;726;727;733;734;735;737;738;739;741;742;744;746;748;749;752;753;754;756;759;761;763;764;765;767;770;771;773;775;777;778;779;782;783;784;786;787;788;790;794;800;804;808;810;811;812;814;819;823;826;827;829;830;831;832;833;834;836;839;840;841;842;844;847;848;849;850;851;853;857;859;861;863;865;866;868;869;873;874;875;877;878;880;881;882;883;884;887;888;889;890;894;895;896;897;900;903;908;910;912;913;914;917;918;920;921;924;926;928;930;931;933;935;939;941;943;948;951;953;954;955;956;957;960;962;963;966;968;969;974;975;976;977;978;980;982;983;988;991;993;994
128;2;3;4;5;10;13;17;19;20;21;22;23;24;25;26;27;28;29;30;32;34;36;37;38;40;41;42;45;46;47;51;52;53;54;56;58;60;61;63;70;75;76;80;83;86;90;92;94;95;96;97;99;100;101;102;103;105;107;110;111;113;114;115;119;120;121;122;123;127;131;132;133;134;136;139;141;142;145;147;153;156;157;158;160;162;163;164;166;167;168;170;172;174;180;183;185;186;187;190;191;193;194;195;196;197;203;204;206;216;218;220;222;223;224;225;226;228;230;231;233;235;238;246;248;250;253;256;258;259;263;266;267;269;271;274;280;281;285;288;290;295;296;298;300;301;302;306;308;309;310;312;313;314;320;321;323;326;328;334;335;336;337;339;341;342;343;347;348;349;352;353;355;357;358;360;362;363;365;369;373;376;377;379;380;381;382;385;386;388;390;392;393;396;397;398;401;402;404;407;408;409;411;412;413;415;416;417;418;419;423;424;425;426;428;430;432;434;435;438;439;441;442;444;446;448;449;450;452;453;454;456;458;459;460;464;467;470;473;474;477;480;481;483;484;485;489;490;495;497;499;500;503;506;507;508;509;511;513;516;521;524;526;527;528;530;531;534;535;537;539;540;541;543;545;548;552;553;554;555;556;561;562;564;566;568;569;571;572;574;576;580;581;582;583;584;586;587;588;589;590;592;593;594;595;596;598;599;603;609;611;613;615;616;617;620;622;625;626;628;631;632;634;635;638;639;641;648;649;651;652;653;657;660;666;672;677;678;679;681;683;684;689;692;696;698;699;701;702;705;707;708;710;711;712;713;714;720;722;724;725;728;732;737;738;740;741;742;743;745;749;751;753;756;757;758;760;761;764;765;767;768;770;772;775;776;777;778;783;788;790;791;793;795;796;798;800;804;808;810;811;813;814;816;817;819;823;824;825;826;828;830;831;834;836;839;840;841;842;843;844;845;846;847;848;850;853;854;855;857;859;862;863;865;867;869;870;872;873;874;875;877;878;880;882;887;889;890;891;892;893;895;897;898;899;900;904;905;909;911;912;915;919;923;925;930;932;934;936;941;943;944;945;946;948;949;953;954;955;956;959;960;961;962;964;966;968;969;970;972;976;978;979;980;982;984;987;989;990;991;992;993;994;995;996;997;999
129;1;2;5;7;10;11;12;13;16;21;22;24;26;27;28;29;35;36;38;39;41;42;43;49;50;52;56;57;60;65;66;71;72;73;77;81;82;85;88;89;92;94;100;102;111;112;113;115;119;122;124;125;126;130;131;132;133;134;137;139;143;148;150;154;156;157;158;159;160;161;164;168;170;172;173;174;177;178;179;181;182;183;186;188;189;191;193;194;203;204;207;209;213;214;216;219;221;222;225;227;229;230;232;233;235;236;237;238;239;244;246;247;249;250;251;252;257;259;261;262;263;265;268;271;272;273;274;276;278;279;281;284;287;288;290;291;292;294;297;298;299;303;306;311;312;313;315;316;317;320;321;322;325;327;328;329;334;335;338;339;341;342;346;348;349;350;351;352;353;355;356;358;361;363;364;365;367;369;370;373;374;375;376;380;381;388;391;397;400;403;404;409;410;411;415;420;421;422;423;427;429;430;431;433;434;435;436;438;441;444;445;446;448;451;452;453;459;461;464;465;467;468;469;470;471;472;477;478;479;480;481;484;486;487;491;494;496;499;500;503;506;511;512;514;515;516;518;519;526;531;532;533;536;537;538;539;545;546;548;553;554;555;556;557;559;560;562;564;568;569;570;574;577;579;580;581;582;583;585;586;589;591;592;593;594;596;598;599;600;601;602;604;606;607;608;611;612;616;617;618;620;624;625;628;630;631;635;638;639;641;645;649;651;654;655;656;665;666;670;674;675;676;680;681;682;687;688;689;690;692;693;698;699;700;703;706;707;709;711;716;717;718;719;720;722;723;724;726;727;728;731;734;737;738;739;741;743;744;745;747;748;750;751;752;754;755;758;761;763;764;767;770;771;774;776;781;783;785;789;792;793;796;797;799;800;802;807;808;809;810;811;813;814;815;816;818;822;823;826;832;833;834;837;838;840;844;845;848;849;853;854;855;857;858;859;860;862;865;870;871;872;875;877;878;879;880;881;882;883;884;889;892;893;894;899;900;902;903;904;905;906;908;909;910;911;915;916;917;919;920;921;923;924;925;926;927;928;929;931;932;933;935;938;940;942;944;945;947;948;949;951;952;953;956;962;964;965;967;968;970;971;975;978;980;981;982;986;988;989;991;993;995;997;999;1000
130;1;2;5;7;9;10;14;15;16;17;18;20;21;22;23;24;25;26;27;28;30;31;33;37;39;41;42;43;46;47;49;51;60;61;63;67;71;73;75;76;78;79;81;85;86;88;95;96;98;99;100;103;106;108;109;111;113;116;117;118;120;124;127;129;133;136;137;139;141;143;149;150;151;152;154;155;158;160;165;166;169;170;173;174;177;179;181;182;183;184;186;188;190;191;192;200;203;205;206;207;209;212;213;214;217;218;222;225;227;229;230;232;235;238;239;240;243;248;253;255;256;259;260;262;264;266;268;270;271;272;274;275;276;277;279;282;284;287;292;293;296;297;300;301;302;303;304;306;307;308;310;314;316;322;324;325;327;329;330;336;337;339;341;342;344;345;348;350;351;352;354;355;360;361;363;365;367;368;369;370;372;374;376;378;380;383;387;388;389;390;392;395;396;398;399;400;404;405;408;409;411;413;416;418;420;422;423;425;426;429;432;433;434;436;439;440;443;444;445;449;451;452;458;462;463;467;471;472;474;477;478;480;487;492;495;496;497;498;501;506;508;509;512;514;515;516;518;519;520;521;522;523;524;525;526;529;530;531;532;533;534;535;538;540;541;542;543;544;547;548;556;559;561;562;563;566;567;569;570;571;573;574;575;578;579;580;581;582;584;585;589;590;591;594;597;599;600;602;606;608;610;611;612;614;617;619;622;624;625;630;631;633;635;636;642;643;646;647;648;650;652;653;654;656;657;659;661;662;663;666;667;668;671;672;673;675;677;680;682;685;687;688;689;691;693;694;697;701;702;704;707;710;712;713;714;715;716;717;720;722;723;725;727;731;732;734;735;736;737;739;740;742;743;744;745;746;747;749;753;754;756;758;760;762;766;767;769;770;775;776;778;780;781;782;785;786;788;790;795;796;798;799;802;804;805;808;809;811;812;813;815;816;817;818;819;821;824;825;827;828;829;830;831;832;834;839;841;842;843;844;845;849;850;851;852;854;857;858;859;861;862;863;864;865;868;870;871;872;874;875;877;879;881;884;885;887;889;890;891;893;894;897;898;899;901;902;904;905;909;910;911;913;914;915;917;918;919;920;924;931;933;935;942;943;944;946;948;951;956;957;960;962;963;965;968;969;970;973;975;978;979;981;983;984;992;998;999
131;3;6;9;10;11;14;17;22;23;24;27;29;30;31;34;35;36;38;39;40;42;43;47;50;52;55;57;63;64;66;67;68;72;74;80;81;83;85;86;87;88;89;90;91;92;94;96;97;99;102;103;104;109;110;112;119;120;122;125;126;128;129;133;135;137;140;143;147;148;149;150;151;152;156;158;159;161;162;166;167;168;171;172;173;177;178;179;180;181;182;183;185;186;187;188;190;193;194;195;196;197;198;201;203;204;207;208;210;214;216;217;221;222;223;224;225;229;230;231;234;236;239;244;247;248;251;253;254;256;257;258;261;263;264;266;269;270;271;272;274;275;276;278;280;283;284;286;289;290;293;296;297;301;303;304;305;306;307;308;309;312;315;317;319;322;324;326;327;328;330;331;332;333;334;336;338;340;345;346;347;348;349;350;353;354;355;357;358;359;362;367;372;376;378;381;384;387;388;389;390;392;394;397;398;400;404;406;411;413;415;416;417;418;419;422;424;425;426;431;435;436;437;438;439;444;445;446;448;451;452;455;457;458;462;463;464;465;466;467;469;471;473;474;475;478;480;484;486;489;490;491;494;496;497;498;499;500;501;502;504;505;506;508;509;511;512;513;515;516;518;519;521;527;528;531;532;534;537;539;540;544;545;548;550;551;552;553;555;556;557;559;560;563;565;566;568;573;574;575;577;578;579;581;585;586;587;589;590;592;594;597;598;601;603;608;609;611;612;613;616;617;618;619;622;623;624;626;627;629;630;631;634;635;636;637;639;640;644;646;647;651;653;656;658;659;661;663;664;665;666;668;670;674;675;677;679;681;682;685;688;689;691;693;698;703;704;708;709;711;715;716;717;718;720;721;722;724;728;729;730;731;732;733;734;736;740;743;744;748;749;750;752;753;757;760;761;763;764;769;771;773;774;775;776;779;781;786;788;790;791;795;798;799;800;802;803;804;806;807;808;809;810;811;812;813;815;816;817;821;822;825;826;827;831;832;834;838;839;842;843;844;846;848;849;850;857;859;860;861;862;863;864;866;868;872;874;875;877;880;881;884;887;890;895;896;899;901;902;903;906;907;910;911;912;913;914;917;918;919;920;921;922;924;925;926;928;929;930;932;935;936;937;938;941;945;948;952;953;954;965;966;969;971;972;975;982;985;986;989;992;993;994;995;997;999;1000
132;1;4;7;9;17;19;20;21;22;23;27;28;29;31;34;35;38;40;43;44;45;46;48;49;50;51;52;53;56;61;62;63;65;66;67;68;69;71;73;74;77;78;82;84;85;86;91;93;94;96;101;102;109;110;113;116;117;120;123;124;126;127;128;129;135;136;137;139;142;143;144;148;149;151;153;158;159;160;161;164;165;166;169;181;182;186;187;188;189;192;193;195;196;197;198;201;203;204;205;206;207;214;215;216;217;219;222;223;224;225;228;232;235;239;242;243;244;245;250;251;253;254;256;260;263;264;268;269;272;277;278;281;282;285;288;294;299;300;301;302;304;306;307;308;309;311;313;314;315;316;317;318;319;321;324;325;326;328;333;334;335;336;337;339;341;342;343;344;345;346;350;351;352;353;354;357;358;359;360;363;364;366;368;370;373;376;377;378;380;381;382;383;385;386;387;390;393;394;396;398;399;401;403;405;407;408;409;412;413;417;421;422;424;427;428;429;432;434;435;436;438;439;440;442;443;444;445;446;451;454;459;461;466;467;468;469;471;472;473;474;477;478;479;480;482;483;487;488;489;490;492;493;497;499;501;502;503;506;507;508;509;511;513;515;517;518;521;524;525;526;528;529;530;533;535;536;537;542;548;551;552;553;555;556;560;562;563;564;566;567;568;569;572;573;576;578;582;583;584;585;586;588;590;591;592;594;595;597;598;599;600;603;609;610;612;613;615;616;617;618;625;627;630;633;635;642;644;645;648;649;650;651;655;657;663;664;666;667;669;670;671;673;676;677;678;679;680;682;684;685;686;687;688;691;692;695;696;697;699;700;702;703;705;706;708;710;711;717;720;721;725;727;730;731;732;733;735;737;743;744;745;746;748;749;750;753;754;755;762;765;768;769;772;774;777;778;779;781;782;783;787;790;791;793;795;796;798;799;801;803;804;805;806;809;810;811;812;813;816;817;819;822;824;826;827;829;832;833;837;838;839;841;842;843;845;847;848;849;851;852;854;859;862;864;865;867;869;870;871;875;876;877;880;882;887;890;892;896;898;901;902;904;906;909;912;915;916;917;919;920;924;925;928;929;930;931;933;938;940;943;947;949;951;952;954;958;959;961;962;963;964;965;971;976;977;978;982;983;984;985;986;988;991;992;993;996;997;999
133;3;4;5;11;14;15;17;20;23;25;27;32;34;38;39;40;44;45;46;48;50;54;55;57;58;65;66;68;71;72;73;74;77;79;80;81;82;83;85;87;89;91;94;95;96;97;98;99;100;106;107;108;109;110;111;115;117;118;120;121;122;126;128;129;130;131;136;137;140;146;148;149;151;154;155;156;157;158;159;161;163;168;169;172;173;177;178;180;184;187;188;191;192;194;195;197;198;199;200;201;202;203;204;206;211;213;214;217;221;222;223;226;229;230;231;234;235;237;239;242;243;245;246;247;248;250;254;255;257;258;259;260;261;262;265;267;268;270;271;273;274;281;282;283;285;286;287;297;298;301;303;304;310;311;312;314;315;317;319;321;323;324;327;328;331;333;335;336;339;341;343;344;346;347;353;354;355;360;362;363;364;366;368;369;371;379;383;385;390;393;394;395;399;400;402;404;406;407;408;409;410;412;413;414;415;416;417;419;421;422;424;425;428;429;430;431;438;441;442;443;444;446;447;451;452;454;455;456;457;459;467;470;475;478;481;482;485;491;493;497;498;501;503;504;508;509;510;513;514;515;518;519;522;525;526;528;529;530;531;533;537;539;542;544;546;547;548;549;552;555;556;558;559;562;564;567;568;570;575;576;582;586;587;588;589;590;592;594;595;596;597;598;599;602;605;608;609;614;616;617;618;619;620;623;625;626;627;628;629;630;632;633;634;635;637;638;640;642;644;648;650;651;652;654;655;656;657;663;664;668;671;672;676;677;678;680;683;686;687;692;693;695;697;698;699;705;707;709;710;711;712;714;715;717;720;724;726;728;729;730;732;734;735;737;740;742;743;744;746;748;751;752;754;759;760;761;762;763;766;768;770;772;773;775;778;779;780;781;782;784;786;793;796;797;798;804;805;806;807;812;813;817;819;820;822;823;824;825;826;827;829;831;832;833;834;836;838;840;842;843;844;845;846;847;849;850;851;854;856;859;864;866;868;870;874;875;877;878;880;883;886;887;888;890;891;893;895;897;898;899;900;901;907;908;910;912;915;916;917;919;920;922;924;925;926;927;934;935;936;942;945;946;947;949;950;955;958;963;967;970;973;976;979;981;982;983;984;985;990;992;996;998
134;1;5;6;10;12;14;18;22;27;28;29;31;33;34;36;37;38;39;41;42;44;45;50;52;53;57;58;64;68;71;75;76;79;80;81;84;85;91;92;94;97;102;103;104;105;107;108;109;113;115;116;118;120;121;122;125;127;128;129;135;136;137;144;145;150;151;153;155;156;158;159;161;164;166;167;168;169;170;171;172;173;176;177;187;191;192;197;200;203;204;205;206;209;210;214;215;217;219;220;221;223;224;226;229;233;235;236;239;240;242;245;247;250;252;255;256;257;261;262;263;270;271;275;276;278;279;280;281;284;285;286;287;290;292;293;295;296;298;299;302;303;304;307;308;309;312;313;314;317;319;321;322;325;326;327;330;334;335;337;339;341;343;344;345;346;347;348;349;351;353;354;359;360;361;364;367;371;373;377;378;381;382;384;385;386;387;388;390;391;394;397;398;405;407;411;412;414;416;417;418;419;421;423;428;430;431;432;436;440;441;442;443;444;445;446;447;448;449;452;453;455;458;459;460;461;464;469;470;472;475;476;477;478;481;482;484;486;490;492;493;494;497;498;500;502;503;504;509;510;512;513;515;516;523;528;529;530;531;532;535;537;538;540;543;548;552;556;557;559;562;564;565;567;570;573;575;576;581;582;583;584;587;588;591;595;597;599;601;607;609;611;613;615;616;617;619;620;622;624;625;626;628;629;630;633;634;640;642;643;645;649;652;653;654;655;658;659;663;665;667;668;670;671;672;673;674;675;679;682;687;688;689;693;695;696;697;700;701;704;709;710;712;714;716;718;719;720;721;722;724;729;731;732;735;737;739;740;743;744;745;746;748;749;752;753;757;758;759;760;761;762;767;768;771;774;775;776;777;779;780;781;782;783;784;786;787;790;796;797;800;802;803;805;809;811;813;814;817;819;820;822;823;824;825;829;830;831;832;834;835;837;838;839;840;841;843;844;846;847;849;851;852;853;855;856;857;858;859;864;867;868;869;870;873;874;875;876;878;879;880;883;889;891;900;902;903;904;905;906;907;908;909;911;915;916;918;923;926;927;928;932;933;935;940;941;942;944;945;948;955;957;959;961;963;965;966;967;968;970;975;977;979;980;981;982;984;985;986;989;990;993;997;998;999
135;1;6;9;11;12;14;15;16;17;19;21;23;25;26;27;31;32;38;44;45;46;48;49;50;51;52;54;55;56;57;58;59;62;64;66;67;73;76;77;80;88;89;91;94;96;97;98;99;102;104;106;107;110;111;113;114;115;116;117;118;119;120;122;131;132;134;136;137;140;141;143;145;147;151;154;155;156;157;159;161;165;167;172;173;174;178;180;183;185;186;187;192;195;196;197;201;203;204;207;212;213;214;216;218;219;220;221;223;226;227;229;231;236;238;239;240;242;245;247;248;249;251;252;253;256;257;259;260;264;266;269;271;272;273;274;275;276;277;278;279;282;283;284;287;288;290;291;295;297;301;306;310;311;313;314;315;317;318;319;322;323;325;326;328;329;333;337;341;342;343;345;347;349;351;352;353;357;359;360;363;364;370;375;376;378;380;381;385;388;389;390;391;395;396;397;398;401;402;403;404;405;406;408;409;410;411;414;415;416;417;418;420;421;426;429;430;431;432;433;434;436;437;438;439;440;441;442;445;446;447;448;449;451;452;453;454;455;459;460;461;462;464;466;467;468;470;472;475;476;477;478;485;486;487;488;489;491;493;498;499;500;503;504;510;512;513;514;521;522;523;525;526;528;529;530;531;532;533;534;539;540;541;544;547;549;551;552;553;554;556;558;561;564;569;570;571;575;577;578;583;588;591;595;596;601;604;605;606;610;612;615;617;620;621;623;624;625;627;633;636;639;641;642;644;646;647;648;650;651;652;653;654;656;657;658;662;664;667;671;674;680;681;683;684;685;687;689;690;698;700;701;704;705;706;708;712;713;714;715;718;720;721;725;728;730;731;732;733;734;735;736;738;741;742;747;748;749;750;751;752;753;754;755;760;761;762;763;766;768;770;772;775;777;785;788;790;791;795;797;799;800;801;804;808;810;811;814;815;816;817;820;821;822;823;827;828;830;831;834;836;838;839;840;841;842;843;845;846;848;849;852;854;857;860;865;866;867;868;869;870;872;873;874;876;877;878;879;880;885;888;889;891;892;894;896;902;904;907;908;911;912;913;915;918;919;920;921;923;926;927;928;929;930;933;935;936;938;939;940;941;942;943;944;947;948;951;952;953;960;961;963;966;970;972;973;974;975;981;982;984;986;987;992;993;994;997;999
136;3;5;8;9;13;17;18;19;21;22;23;27;28;29;30;32;34;35;36;44;50;52;53;54;56;62;63;70;71;72;74;76;77;78;79;80;81;84;86;91;95;96;107;108;109;111;112;113;114;116;121;122;123;126;127;128;130;132;133;134;135;140;142;144;146;150;153;156;159;161;163;165;170;173;174;175;177;181;182;184;185;188;191;195;197;200;201;202;204;205;206;207;209;210;211;213;214;215;216;217;218;221;222;225;226;227;229;230;232;235;236;239;242;243;244;246;248;249;250;251;252;253;254;256;258;260;261;264;265;266;268;271;272;276;277;279;280;281;285;290;291;292;297;299;300;302;304;306;307;308;309;312;313;314;320;321;322;324;325;326;327;328;332;333;334;335;340;341;343;344;346;347;351;352;357;358;359;360;361;364;367;368;370;374;375;378;379;380;381;382;383;384;385;388;391;392;394;396;405;407;410;416;418;421;422;424;425;426;427;429;433;434;435;436;437;440;442;443;444;445;450;451;452;458;459;461;466;468;469;472;473;474;475;476;479;481;482;483;485;487;488;489;490;491;492;497;501;505;506;507;509;515;516;518;520;521;522;524;526;527;528;529;530;531;535;541;544;545;549;550;551;552;553;555;561;562;563;564;567;571;573;574;579;582;583;585;587;589;590;591;595;597;599;600;602;603;607;608;612;613;614;615;616;619;620;622;623;624;625;626;629;631;632;634;637;639;641;643;645;647;649;652;653;654;657;658;659;660;661;662;663;665;667;669;670;671;673;674;675;678;681;682;687;688;692;693;696;703;704;705;709;710;711;712;714;715;719;721;722;723;724;729;732;734;736;737;739;740;741;742;743;745;746;747;748;751;754;758;759;760;762;764;765;767;768;769;771;773;774;775;777;782;783;784;785;787;788;789;791;793;796;798;800;801;805;806;807;808;809;812;814;816;817;819;820;822;824;825;826;829;830;832;833;834;836;837;838;839;840;841;847;852;855;858;859;860;861;862;863;865;867;868;869;870;871;872;877;882;883;884;885;887;888;890;891;892;893;898;899;900;902;904;905;906;908;910;911;913;914;916;921;924;925;926;927;928;929;932;934;937;939;940;941;946;947;948;949;951;952;953;954;955;956;957;962;965;969;971;972;976;979;983;986;988;989;991;993;994;995;998
137;1;2;6;8;12;16;18;19;21;25;26;27;29;30;31;34;35;36;38;39;43;47;51;52;55;57;58;62;63;65;66;69;70;72;74;76;77;78;79;80;82;83;84;86;88;89;90;91;94;95;99;102;103;105;106;107;108;110;112;115;116;117;118;120;122;123;129;130;131;132;133;134;135;138;141;143;148;152;153;154;156;159;162;163;165;168;171;172;174;175;176;179;180;181;182;185;186;187;188;189;190;192;193;195;196;197;202;203;207;208;210;212;214;215;219;221;224;225;228;229;232;235;237;238;239;240;243;245;246;247;249;250;253;257;261;262;263;264;266;269;271;277;279;281;283;284;286;287;292;293;294;298;299;300;301;302;303;305;308;309;310;312;315;317;319;320;321;322;323;326;327;328;329;331;332;333;334;336;342;343;344;346;348;349;353;354;357;360;361;363;366;367;373;374;376;378;380;382;387;390;391;393;394;397;401;405;406;408;411;412;413;415;422;425;427;429;434;438;440;441;443;445;449;450;451;453;454;457;458;459;461;462;464;466;467;469;470;471;474;475;478;480;481;483;484;487;488;490;491;495;498;503;506;507;508;509;517;519;522;524;526;529;530;531;534;535;541;543;545;547;551;554;555;556;558;559;560;564;568;569;571;572;573;574;576;577;579;581;583;584;585;588;589;590;591;592;593;595;597;599;602;604;605;606;608;610;618;620;621;622;625;628;631;632;636;637;642;643;644;647;648;650;651;654;658;660;661;664;666;668;670;671;672;673;674;675;677;678;680;681;683;685;686;690;691;692;694;698;700;701;702;704;705;713;714;717;718;719;720;723;725;726;727;728;734;739;740;741;742;743;749;750;751;752;754;755;762;763;765;766;768;769;770;774;775;776;778;779;780;781;782;783;784;788;790;791;792;793;796;799;800;802;808;810;812;813;814;819;822;826;829;830;832;833;834;835;839;840;844;845;846;847;849;850;851;852;853;854;856;857;858;860;861;862;864;865;866;867;868;869;871;872;873;876;877;878;879;881;883;886;887;894;895;896;897;899;900;902;907;908;914;916;918;919;920;924;925;928;931;933;935;936;938;941;942;947;948;952;953;957;961;962;963;964;965;966;967;969;974;975;976;977;979;984;986;987;989;990;992;993;995;998;999
138;3;5;6;8;11;13;14;21;22;26;29;32;33;34;35;36;38;39;40;41;42;43;44;48;49;52;53;56;57;58;59;61;62;63;64;69;71;72;74;75;79;80;81;82;84;85;87;92;93;94;95;97;99;101;102;103;105;108;109;110;115;116;117;120;121;122;125;137;140;143;145;146;147;150;154;155;156;157;161;164;165;166;167;169;170;171;173;177;183;185;189;193;194;196;197;199;200;201;205;206;207;210;212;214;216;217;220;223;224;226;228;231;232;233;234;235;236;237;238;240;243;244;245;248;251;252;254;255;257;258;259;262;263;265;266;269;272;273;275;277;279;286;287;288;292;293;294;299;300;302;303;305;306;308;309;310;312;315;317;318;319;320;321;322;323;326;328;330;331;332;334;335;338;339;340;342;343;344;347;350;351;353;355;360;361;362;367;368;373;374;375;376;377;378;379;380;382;383;384;385;387;389;390;391;394;398;401;403;408;410;414;415;418;419;420;421;423;425;426;428;430;431;432;434;435;436;437;438;442;447;450;451;452;453;455;457;458;460;461;462;463;466;467;468;469;471;478;480;483;484;486;487;488;489;490;492;494;496;497;499;500;502;504;505;506;508;509;510;515;518;525;527;529;530;532;533;534;538;540;543;544;548;550;556;558;561;563;565;566;569;572;574;576;578;583;588;589;591;592;595;596;597;598;599;600;601;605;606;608;610;611;612;615;617;618;620;623;624;625;629;630;633;634;636;638;640;641;642;645;647;650;651;652;655;662;663;669;672;673;674;675;680;683;686;688;693;697;698;699;701;703;706;707;711;714;715;716;717;718;719;722;724;726;728;730;731;735;737;739;744;748;749;752;753;754;757;758;759;761;765;768;769;770;771;773;781;786;791;793;798;799;800;801;802;806;807;812;814;818;819;821;826;827;829;830;833;834;838;839;840;841;842;845;851;853;859;860;862;865;868;869;870;871;872;873;874;875;877;879;882;886;888;889;899;900;902;904;906;907;908;912;913;917;919;920;921;923;926;928;929;931;934;937;947;949;951;952;957;961;963;965;971;974;983;984;987;988;989;990;991;993;994;995;1000
139;1;2;3;5;7;8;10;12;13;14;16;17;19;20;21;22;23;25;26;27;29;30;31;34;35;36;38;39;44;47;49;50;51;52;54;56;57;58;59;60;61;65;66;71;72;73;75;77;79;81;83;85;86;89;90;91;93;96;98;101;102;105;107;112;113;114;118;119;123;124;126;128;129;130;132;140;144;145;147;149;150;152;155;158;159;164;165;166;167;168;172;174;175;178;180;182;183;184;187;188;189;194;195;196;201;202;204;206;207;208;209;210;211;213;214;215;218;219;221;223;228;229;234;238;240;241;242;244;245;246;247;249;250;251;255;257;259;261;264;266;268;270;272;273;274;275;276;277;278;281;284;286;287;288;292;296;303;304;305;308;310;311;312;313;314;315;320;325;326;327;328;332;333;334;337;340;345;346;347;349;354;356;359;361;363;364;368;369;370;374;376;377;379;385;388;394;396;398;399;401;403;405;408;412;416;417;419;421;422;424;426;428;430;432;434;437;442;444;445;446;448;449;453;454;456;457;458;459;461;462;464;465;467;468;472;473;474;475;476;478;481;485;486;487;489;490;496;497;501;503;504;507;509;510;512;515;517;518;519;520;525;526;527;528;530;532;533;534;535;536;537;538;540;550;556;557;558;559;564;565;566;568;569;574;576;577;578;579;582;583;585;587;588;590;591;593;594;596;597;598;604;608;609;610;611;612;614;616;618;619;621;623;627;628;629;634;636;638;641;644;647;650;651;652;653;656;660;667;668;669;670;671;672;673;674;675;676;681;682;685;687;689;690;693;694;695;696;701;702;703;705;706;707;710;711;712;719;722;726;727;729;730;732;736;738;739;742;744;745;746;747;748;750;751;756;759;760;763;764;765;767;769;770;771;772;773;774;777;780;781;784;786;787;790;791;792;797;798;803;806;807;808;813;814;815;818;819;820;823;825;826;828;835;836;838;841;845;846;847;848;850;851;853;854;856;857;859;860;861;862;863;866;867;872;873;876;879;881;882;884;886;887;888;891;893;898;899;900;904;907;908;909;910;913;919;922;925;927;928;931;932;936;938;941;942;950;951;956;958;965;970;975;976;977;978;979;982;983;985;986;987;988;989;990;991;992;993;994;995;999
140;3;6;10;12;13;16;17;18;19;21;25;27;30;33;34;35;37;38;39;41;44;46;47;48;51;52;53;55;59;60;63;65;66;69;70;71;72;83;86;87;88;89;93;94;96;97;98;99;101;102;103;105;106;107;108;110;111;112;119;123;125;131;133;135;136;138;139;142;143;145;150;151;152;155;156;159;160;163;167;173;175;176;177;178;179;180;183;187;189;191;192;193;194;197;198;199;200;204;205;206;208;210;211;213;214;216;217;218;219;222;223;224;225;227;233;235;237;238;241;242;244;245;247;250;253;254;255;257;259;263;264;265;267;268;270;274;276;280;283;284;286;287;289;290;291;295;300;301;304;305;309;310;312;313;314;315;316;318;319;321;322;324;325;326;327;330;331;333;337;340;341;342;343;346;348;350;352;354;356;357;360;367;368;370;375;376;377;380;381;386;387;388;390;395;398;399;400;401;402;405;409;410;412;414;418;422;423;424;425;427;428;434;435;436;438;439;440;441;443;446;450;451;453;454;462;464;465;466;467;468;471;474;478;480;481;482;483;487;488;489;492;493;495;498;499;501;503;504;506;507;508;509;511;513;514;516;517;520;521;523;525;533;534;537;543;544;547;550;551;553;556;558;559;560;561;563;565;566;570;571;575;577;578;579;580;583;585;588;590;591;592;593;594;597;599;601;602;605;606;608;609;610;611;613;618;619;622;623;624;626;627;630;631;632;634;635;636;638;639;641;642;645;646;653;656;657;658;659;661;664;666;669;670;671;676;677;678;680;681;683;684;685;687;688;689;690;691;692;694;695;696;697;698;701;703;704;706;710;712;714;715;716;718;719;721;723;727;728;731;732;733;734;735;736;738;739;741;742;747;748;749;751;753;756;757;758;761;762;764;765;766;767;769;771;772;774;779;780;781;782;784;786;787;788;789;794;802;805;808;812;813;817;818;827;830;832;833;835;837;840;842;843;844;846;847;849;850;851;854;855;856;857;858;859;860;861;863;864;865;869;871;872;873;876;879;880;884;885;888;890;891;893;895;898;901;904;906;907;908;913;915;916;917;918;919;921;922;923;926;928;930;934;936;940;942;945;946;949;953;954;955;959;960;961;962;965;967;969;970;971;973;976;977;978;980;982;984;989;990;991;992;993;994;997;998;999
141;2;3;4;5;13;16;18;22;25;26;27;28;31;33;35;37;39;41;43;44;46;47;51;52;53;57;58;59;62;65;70;71;77;79;80;83;86;88;89;91;92;93;97;99;100;101;102;103;105;109;110;111;112;113;115;117;118;121;123;127;128;130;135;137;142;148;150;151;152;153;154;157;161;162;164;166;169;170;171;173;175;176;177;178;179;181;183;185;186;187;189;190;192;193;194;196;197;199;202;205;206;208;209;211;212;213;214;215;220;223;225;228;230;232;233;234;239;240;243;244;246;247;248;251;252;254;255;256;258;259;265;268;269;270;271;273;275;277;280;281;282;283;284;286;287;288;289;292;293;295;296;297;300;301;302;303;304;305;307;310;314;315;316;318;319;321;322;323;331;332;333;334;335;336;337;341;343;344;345;346;348;351;352;360;363;364;365;368;369;371;372;375;376;377;378;379;381;382;383;386;389;392;394;395;396;398;399;400;401;403;405;407;408;411;412;415;416;419;420;421;422;425;426;427;428;429;430;432;434;435;439;440;441;443;445;446;450;452;455;456;458;460;461;465;470;471;472;473;474;475;476;479;484;485;487;490;492;493;495;496;498;502;505;508;509;510;511;512;514;517;519;520;521;523;524;525;532;536;538;540;541;542;544;546;547;549;552;555;557;560;562;563;564;565;567;568;569;571;573;575;576;578;579;580;581;583;586;588;591;594;595;597;598;599;601;602;603;608;610;611;612;613;614;617;619;620;623;628;632;633;642;643;644;647;649;651;652;653;655;657;659;660;661;663;667;669;670;671;672;674;675;676;683;684;686;693;700;701;703;705;706;710;712;714;715;716;718;719;720;724;726;729;730;731;733;734;736;737;740;741;742;743;744;746;747;750;754;755;756;758;766;767;768;770;777;780;781;784;785;786;789;790;792;794;795;797;798;800;801;802;803;804;805;808;811;812;815;821;822;826;827;828;829;830;834;836;837;840;847;850;851;852;853;857;861;864;865;866;867;870;872;875;876;880;885;891;896;897;899;900;901;902;903;904;906;907;910;912;913;916;918;920;921;924;926;927;929;931;933;934;937;941;942;947;948;949;951;952;953;954;955;959;960;961;962;963;965;966;967;968;969;970;973;974;976;977;978;979;981;983;987;989;990;991;992;994;995;996;999
142;4;6;7;8;10;11;14;15;17;18;20;21;22;28;32;33;36;39;40;42;43;46;48;54;58;59;64;65;66;68;69;73;77;80;82;83;85;90;92;95;98;99;101;103;106;109;110;111;112;114;119;122;126;127;128;132;136;140;141;143;144;145;146;149;150;152;153;154;155;156;158;159;161;162;165;166;169;170;171;172;175;177;178;184;186;188;190;193;195;196;197;198;199;201;203;204;205;206;207;210;212;215;217;220;221;222;225;229;230;231;233;234;235;236;237;239;241;244;245;246;249;253;255;257;259;262;263;267;268;271;274;278;279;282;287;288;290;292;296;297;301;302;305;307;308;310;318;321;326;327;329;331;333;334;335;336;337;338;339;340;341;342;346;347;349;352;353;354;355;359;364;365;366;369;370;371;373;374;381;383;384;385;386;387;388;389;391;395;396;401;402;403;404;405;408;409;411;412;414;415;423;426;428;432;433;434;435;436;437;441;444;449;454;458;459;460;464;465;466;471;475;476;477;478;479;480;482;484;489;490;491;492;494;495;497;500;501;502;503;505;507;508;510;511;512;513;516;517;520;521;527;529;530;531;532;537;538;539;540;542;545;546;547;548;551;552;560;564;565;567;569;570;572;574;575;577;578;581;582;584;587;588;589;591;592;593;594;595;597;598;600;601;604;607;610;615;616;617;618;619;620;623;627;628;629;630;633;634;635;637;638;639;640;641;644;645;647;649;655;658;659;660;662;663;664;666;667;669;672;674;675;676;678;679;680;681;682;683;684;688;689;691;692;694;695;697;699;701;703;705;706;709;710;712;717;721;722;723;725;727;728;730;733;734;736;737;739;740;741;742;744;746;747;748;750;751;756;760;762;765;766;767;768;770;771;776;777;778;779;782;783;785;786;787;788;789;791;792;794;795;796;797;799;801;802;803;805;806;808;809;810;813;815;816;817;818;821;823;824;828;830;831;832;833;835;837;838;839;840;841;843;844;845;850;851;853;854;855;856;857;858;859;862;864;865;868;870;874;875;876;877;882;883;886;890;891;892;893;896;900;902;903;905;907;908;909;911;912;914;915;916;920;924;926;928;931;933;935;937;938;940;943;948;949;952;953;955;957;964;965;967;971;972;973;974;977;984;986;987;989;994;995;999;1000
143;4;6;8;10;12;13;14;15;16;18;19;23;25;28;29;30;33;35;38;39;42;46;53;54;55;58;59;62;64;65;67;68;69;70;71;72;74;75;78;80;82;84;86;90;91;92;94;95;96;97;100;102;103;104;106;107;110;113;114;115;117;118;122;125;126;129;130;131;132;135;137;138;140;142;147;149;150;151;152;154;155;156;161;162;163;164;165;168;170;171;174;175;177;178;182;187;188;192;193;194;197;199;201;205;209;211;212;213;214;217;219;222;223;224;225;227;229;231;235;236;240;242;245;248;249;250;251;252;254;256;263;264;266;267;270;272;273;274;275;276;278;279;281;282;283;285;286;287;288;289;291;292;293;294;295;296;299;301;302;305;307;308;310;311;313;314;318;320;321;323;324;325;326;330;332;335;336;340;341;343;345;347;350;351;353;356;359;360;361;362;363;365;366;369;370;372;376;380;381;382;383;385;388;393;395;397;399;401;403;404;405;407;409;410;412;413;414;415;418;420;423;424;427;428;429;431;432;433;434;435;436;440;441;442;443;445;446;447;448;450;451;453;456;460;462;463;465;466;467;468;470;471;473;474;475;476;478;480;481;482;483;484;487;488;490;491;493;495;502;503;505;506;510;512;513;514;517;518;521;522;523;525;531;534;536;539;540;541;544;545;546;547;548;550;553;555;556;558;560;561;562;563;565;566;569;573;576;578;579;581;584;585;586;588;589;591;599;600;605;606;608;610;611;616;617;618;620;621;623;624;627;629;631;635;641;642;643;652;654;655;657;659;660;662;663;667;668;669;671;672;674;675;678;680;681;682;683;684;686;687;689;692;698;700;701;705;709;710;713;714;716;718;719;720;725;726;727;731;733;734;735;741;747;748;750;752;756;757;759;767;768;770;771;772;773;775;776;778;780;781;785;786;788;790;795;799;802;803;805;814;815;816;817;818;820;822;823;824;825;826;827;830;831;834;836;837;838;839;840;841;842;843;844;845;846;849;850;852;853;855;857;858;860;861;863;865;868;871;872;873;874;875;876;879;880;888;889;892;893;895;898;899;900;901;905;906;908;911;912;916;917;919;920;921;925;926;928;929;930;935;936;938;939;941;943;945;950;952;954;956;957;958;960;966;967;968;969;970;974;975;978;979;981;982;984;986;989;990;993;996;997;998;999
144;1;2;4;5;6;7;9;10;11;17;20;24;25;30;33;35;36;40;45;47;48;55;58;61;62;65;67;71;73;75;79;80;81;83;84;87;88;89;91;92;93;94;95;99;100;101;103;105;106;107;109;110;113;119;120;123;124;125;126;132;134;136;139;142;145;152;153;156;158;161;163;164;165;166;170;171;173;175;176;177;178;179;180;185;186;187;188;190;191;192;195;197;198;202;204;206;207;210;213;214;218;219;222;224;227;228;230;240;241;242;246;247;248;252;253;254;255;259;260;261;263;264;265;267;269;270;271;275;276;277;278;279;280;281;282;283;287;288;290;291;293;298;300;301;303;304;305;306;307;309;312;315;317;319;320;321;322;326;327;330;331;334;335;336;338;339;343;344;345;349;350;353;356;358;359;361;363;365;366;370;372;373;375;381;383;386;387;388;390;392;394;398;399;404;407;408;409;414;415;416;418;419;422;425;426;427;429;430;431;432;433;435;437;439;441;445;446;447;448;450;451;452;454;455;457;458;459;460;461;467;469;472;473;476;478;480;481;482;483;486;488;490;492;494;495;496;497;501;502;503;504;506;507;509;511;513;514;516;520;521;524;525;529;530;531;532;536;537;539;542;544;548;549;550;552;553;557;558;560;561;562;566;569;571;572;573;574;583;584;586;588;590;591;594;595;597;600;601;605;606;609;610;611;612;613;615;616;618;620;621;624;628;629;630;634;640;641;644;651;653;654;655;658;660;661;663;665;666;667;669;670;674;676;677;678;683;685;687;689;691;692;693;694;695;698;699;703;704;705;708;710;711;712;714;720;721;722;726;727;730;731;735;736;738;739;740;743;745;748;749;753;755;756;757;758;761;762;763;764;766;767;769;771;776;779;780;781;783;784;785;788;789;790;791;793;795;796;798;800;802;804;807;810;811;814;819;820;821;822;823;825;831;833;836;837;839;841;844;845;846;848;850;851;852;853;855;858;860;861;862;864;865;867;868;871;873;878;882;883;885;888;889;891;892;897;899;904;907;912;914;915;916;919;920;922;924;926;927;928;930;935;936;938;942;943;944;945;946;947;948;950;951;954;955;956;957;959;962;964;967;968;970;972;976;978;979;981;982;984;985;986;987;988;990;992;993;994;996;1000
145;3;4;8;12;14;15;17;21;23;25;26;27;28;29;30;31;33;34;35;36;37;39;40;41;43;45;46;48;50;52;53;55;57;58;59;60;63;64;67;68;70;71;75;76;81;83;84;85;86;89;92;93;94;95;97;98;102;103;107;109;116;118;119;121;122;124;127;128;134;135;138;139;140;142;144;151;152;155;156;157;158;161;162;163;167;168;169;171;175;176;179;184;186;188;189;191;192;193;197;200;201;202;203;205;206;208;209;213;214;215;218;219;220;222;224;225;232;233;236;237;239;240;243;244;245;248;249;252;253;254;256;259;260;262;264;265;266;267;268;270;271;277;278;279;283;287;288;289;291;292;293;294;295;297;298;300;305;308;311;314;315;320;321;322;324;328;329;330;331;334;336;337;338;342;343;346;352;353;354;358;359;360;361;362;365;367;368;369;370;372;373;374;377;379;380;381;383;385;386;387;388;389;391;393;394;395;396;397;399;400;401;402;406;409;411;412;413;417;418;422;423;425;426;427;428;429;430;431;435;436;437;440;444;445;446;449;450;454;457;459;461;466;468;473;474;475;476;477;480;481;483;484;487;488;489;490;491;492;497;498;499;500;504;505;507;508;509;510;513;516;518;519;521;524;526;527;528;530;534;535;538;539;540;543;546;550;551;561;562;563;565;566;568;571;572;573;574;577;578;580;586;591;593;597;601;603;604;607;608;609;610;611;612;616;618;619;621;625;628;629;630;633;634;635;638;641;643;646;647;648;649;650;652;654;656;657;658;665;666;668;669;671;672;674;677;679;680;681;682;686;688;689;690;692;693;696;697;698;699;700;701;702;704;705;706;708;709;712;717;718;726;727;728;729;731;733;737;738;739;741;742;743;744;746;747;748;750;751;754;757;758;759;760;764;768;769;773;775;781;789;791;792;793;794;797;798;799;800;802;803;805;809;810;811;813;814;815;816;817;818;821;822;824;825;833;835;836;837;839;842;844;846;850;852;853;860;861;863;864;866;868;869;870;872;875;876;878;879;884;885;886;887;889;891;892;896;898;903;904;906;909;911;912;914;915;917;918;919;921;924;925;927;928;931;933;936;939;940;945;946;947;949;950;953;954;955;958;961;962;963;965;966;968;969;971;972;973;974;975;976;980;981;982;984;985;986;989;990;991;995;996;997
146;2;7;11;12;14;15;17;20;22;24;25;26;27;31;32;34;35;36;39;40;41;42;43;45;46;48;53;55;61;62;63;65;66;69;72;74;75;78;79;80;82;84;87;88;90;92;93;95;96;97;99;100;101;103;105;107;108;111;115;116;122;126;127;133;136;138;142;147;149;150;153;157;158;162;164;165;166;170;171;172;173;174;175;178;180;184;187;188;190;193;200;207;208;210;211;212;213;214;216;218;219;220;221;222;223;224;226;227;230;231;232;234;236;239;241;242;243;244;245;248;249;251;254;257;258;260;266;270;271;274;276;277;279;280;283;285;286;287;288;290;291;292;294;298;299;302;305;306;307;308;311;312;313;314;318;320;329;330;331;332;333;335;338;343;344;345;346;347;348;349;351;352;354;358;359;361;364;365;366;368;370;371;375;381;384;386;387;389;390;392;393;395;396;397;399;401;403;405;406;408;413;418;419;423;424;425;426;427;429;430;433;434;435;437;438;439;442;445;447;449;450;451;452;455;459;461;462;464;466;468;469;473;477;478;481;484;485;487;488;489;491;492;494;495;496;498;499;500;501;508;510;511;513;517;518;519;520;521;522;523;525;529;530;531;532;533;534;537;538;539;540;543;545;547;551;552;554;557;558;560;563;565;566;567;568;569;573;574;575;576;578;579;580;582;583;584;587;589;590;593;596;597;600;602;603;604;606;607;609;611;614;615;618;619;620;621;623;625;626;627;630;631;632;633;634;635;636;637;640;641;642;643;646;647;651;654;658;660;662;664;669;671;672;673;674;675;676;678;681;686;687;689;693;694;697;702;703;705;708;710;714;715;716;717;718;719;720;721;722;725;726;728;730;732;734;736;738;744;749;753;754;757;758;761;762;765;771;772;773;774;779;781;784;786;788;790;793;794;796;797;798;802;804;807;810;811;812;819;820;821;824;827;829;831;832;838;840;843;846;850;853;854;855;856;858;859;863;864;868;870;872;873;874;877;878;879;882;883;884;885;886;891;892;894;895;896;897;898;899;901;902;905;906;908;910;917;921;922;926;927;929;930;932;933;935;936;937;938;939;940;941;942;944;946;949;950;953;954;955;959;960;965;966;967;968;969;974;976;977;979;981;983;986;989;990;991;993;995;996;997;998;1000
147;3;6;7;10;13;16;22;24;27;30;32;33;35;36;37;39;40;42;43;45;48;50;51;53;54;58;60;62;63;64;65;68;69;70;76;79;80;84;85;87;90;93;95;99;104;107;109;110;111;112;113;114;116;117;121;124;125;128;131;135;138;139;143;146;149;150;151;152;157;158;162;165;167;168;173;175;180;181;183;190;195;198;199;200;202;208;209;210;211;216;218;219;220;223;224;225;226;227;231;233;235;236;237;239;241;242;244;246;249;251;254;256;257;258;261;264;268;269;270;272;274;275;277;278;282;283;285;286;287;288;290;294;297;298;299;302;306;309;310;311;312;313;320;325;328;329;332;334;335;336;338;339;341;343;348;350;351;353;355;360;361;364;367;370;374;375;376;377;381;386;390;392;396;399;401;402;404;406;408;413;416;420;423;426;429;430;431;433;435;437;439;440;441;445;446;448;449;454;458;459;461;463;465;467;468;469;472;474;475;477;478;479;483;486;487;488;492;494;495;496;498;499;500;501;502;508;509;512;513;514;516;521;523;524;525;528;532;533;535;536;540;544;545;548;553;554;555;556;558;560;562;568;569;572;573;574;576;577;579;581;582;583;584;585;586;587;588;590;591;593;596;597;598;599;600;601;603;606;608;609;611;613;615;616;618;620;621;622;623;624;625;627;629;631;632;635;636;637;643;644;648;649;650;651;653;654;658;660;661;663;664;665;667;668;670;671;672;676;677;678;680;682;683;684;687;692;693;694;695;696;697;700;706;708;709;713;714;719;721;724;726;729;733;734;735;736;738;740;741;742;744;745;749;750;755;757;760;761;763;768;769;771;772;774;778;779;787;791;794;796;797;800;804;805;807;811;815;818;821;822;823;825;830;831;838;841;843;845;847;848;849;850;851;855;856;857;858;859;861;864;869;871;874;875;876;877;884;885;887;892;895;896;897;898;899;900;903;905;911;914;916;917;921;923;925;929;930;931;932;933;936;937;938;941;942;945;947;949;952;954;956;957;959;966;968;969;970;971;973;976;979;981;983;985;986;987;989;991;993;996;998;1000
148;2;3;4;7;8;12;14;15;17;18;19;20;21;23;24;25;26;29;30;31;34;35;36;37;38;40;41;42;43;44;47;48;49;51;52;53;55;58;63;65;66;68;69;71;72;73;74;78;79;81;82;91;92;93;95;98;99;100;101;102;103;104;105;106;110;111;113;114;115;117;120;121;122;125;127;129;131;132;133;137;141;149;150;151;153;154;155;157;158;163;165;167;171;172;179;181;183;184;186;187;188;189;190;191;192;196;198;199;200;201;205;206;210;212;213;214;215;218;219;221;222;223;224;227;228;229;231;234;235;236;237;240;242;247;249;250;254;255;257;259;261;265;270;271;272;274;276;277;279;282;283;287;288;289;290;293;295;298;302;304;305;310;311;312;313;314;317;321;323;331;332;333;334;335;336;337;340;341;345;346;347;350;352;353;354;356;357;359;360;361;363;364;366;371;372;373;378;380;381;383;384;386;392;393;394;395;396;398;399;400;403;407;410;411;412;413;415;416;417;418;422;424;425;427;430;435;438;439;440;443;446;447;449;450;451;453;454;455;458;459;460;461;462;463;465;468;469;470;471;474;475;476;477;479;482;483;484;486;487;490;492;493;495;497;498;499;500;501;502;503;506;508;511;512;513;514;516;518;522;523;525;528;530;532;535;538;540;541;542;543;546;547;548;549;550;551;552;554;555;558;560;568;570;577;579;580;582;583;584;585;586;587;589;590;591;596;598;599;600;601;602;608;610;611;613;614;616;617;618;620;622;623;625;627;630;633;634;636;638;640;643;644;647;650;652;653;657;658;659;661;663;664;665;666;667;668;672;673;674;675;679;680;686;687;689;692;696;697;699;702;704;705;707;711;715;717;721;723;724;725;728;731;733;735;737;739;740;741;742;744;747;755;758;760;761;762;763;766;770;771;773;779;781;782;784;787;789;790;795;796;798;799;801;803;804;807;808;809;812;814;818;819;821;822;823;825;827;830;832;835;837;842;843;846;848;852;855;856;859;860;862;863;866;868;869;870;871;872;873;874;878;880;882;884;886;887;888;889;890;891;892;893;894;896;901;903;906;908;910;911;913;915;916;918;919;923;924;925;927;928;929;930;935;936;938;940;943;944;945;947;948;950;951;952;953;954;957;962;963;965;966;968;969;970;971;973;974;976;979;981;983;984;985;990;992;994;996;997;998;999
149;1;2;5;6;7;9;10;12;14;15;16;17;19;20;21;24;26;27;36;38;40;41;42;43;44;45;47;53;54;55;56;57;58;59;62;63;64;65;67;68;72;74;75;77;78;79;81;83;84;87;92;94;103;104;106;107;108;113;114;115;117;118;121;122;124;130;131;132;133;139;142;143;146;147;148;150;154;156;157;158;159;162;164;166;170;171;172;173;174;177;179;180;181;182;183;185;187;188;189;190;191;192;193;194;195;197;198;201;205;206;207;208;210;213;215;218;219;220;222;223;224;226;228;229;230;232;234;235;236;237;238;239;240;241;242;243;244;246;250;251;252;253;254;257;260;261;264;265;266;270;274;277;279;280;281;282;285;286;287;288;293;296;298;299;303;304;306;307;309;310;311;313;315;319;320;322;323;325;327;328;331;332;334;335;337;338;340;341;352;353;355;356;358;359;360;364;365;368;378;381;386;387;389;390;397;398;399;400;401;402;403;409;410;411;414;416;417;419;422;424;427;428;429;430;431;432;434;435;436;437;439;442;443;445;447;449;454;455;456;457;458;459;460;461;462;463;464;467;468;469;475;476;478;479;480;483;484;486;488;489;490;493;494;495;496;498;500;502;503;507;511;512;513;516;517;518;519;522;523;525;526;527;528;530;534;537;538;541;543;545;546;547;548;549;552;555;557;560;563;565;570;571;573;576;577;578;580;583;584;585;586;587;589;592;593;595;597;601;602;603;604;606;608;611;612;615;616;617;618;619;623;624;626;627;628;630;632;633;634;635;636;637;638;640;643;646;647;650;655;656;657;658;659;661;666;667;668;670;674;676;677;678;679;681;682;685;687;691;692;699;700;701;705;706;708;710;711;714;716;717;720;723;725;726;727;728;729;730;732;733;734;737;738;739;740;746;747;752;754;756;757;758;759;762;764;766;769;770;772;774;775;778;781;782;788;791;792;794;796;800;802;803;804;805;810;813;818;822;824;825;826;828;831;833;835;836;837;839;840;842;845;847;848;850;851;854;856;865;868;871;873;875;876;877;879;889;890;891;892;896;899;904;906;907;911;912;913;916;918;920;924;925;926;927;928;929;930;931;932;933;934;935;936;941;944;946;947;948;952;955;956;958;961;965;967;971;973;975;979;980;982;984;988;989;990;991;992;994;997;999
150;2;3;4;6;9;12;13;14;19;24;25;28;30;35;36;37;38;40;41;42;44;46;52;53;55;59;61;62;64;66;68;70;71;74;76;81;82;84;86;87;89;94;95;96;97;99;101;103;104;105;106;107;108;109;110;111;112;113;115;117;118;119;120;121;123;126;129;130;131;134;136;138;139;140;141;142;143;146;147;148;149;160;161;164;165;170;171;172;173;174;177;178;181;185;186;189;190;192;193;195;199;204;205;206;210;211;212;216;217;219;223;224;234;235;238;239;240;242;243;244;247;251;252;255;259;260;273;274;275;277;282;283;284;286;288;289;290;294;300;304;305;306;307;308;312;313;317;318;324;326;327;329;332;337;341;343;345;347;349;352;354;356;366;367;369;375;380;384;388;390;392;393;397;398;399;402;405;406;413;415;416;418;419;420;421;425;430;431;432;436;437;440;441;443;444;446;447;449;450;451;457;458;461;462;464;465;466;467;471;472;473;480;481;482;483;484;485;487;488;489;490;493;495;496;498;499;502;503;504;505;506;509;512;515;516;517;518;519;521;523;526;527;528;532;533;535;538;539;540;544;545;548;550;557;558;563;564;569;570;571;575;579;580;581;582;583;586;589;591;592;593;594;595;598;599;600;606;607;612;615;618;619;621;622;623;625;630;632;635;638;639;642;645;646;647;648;649;650;651;652;655;656;658;662;663;665;670;672;673;675;679;682;683;684;685;686;690;691;693;694;695;697;698;699;701;703;707;708;710;712;713;719;721;722;725;727;729;731;732;733;736;738;740;741;744;745;751;753;756;757;758;760;763;765;767;768;774;776;777;780;781;782;784;785;787;792;793;794;795;796;798;800;801;802;805;806;808;809;811;813;815;816;817;818;819;820;821;822;823;824;826;828;831;832;833;838;839;840;842;843;845;846;847;849;851;852;854;856;858;859;860;864;865;866;867;870;876;877;878;879;881;882;883;884;885;887;891;894;898;899;905;906;908;909;910;911;912;913;914;918;919;920;921;923;924;926;927;929;930;931;932;933;935;936;940;942;944;949;950;954;957;958;959;960;963;965;967;968;969;970;971;977;981;985;986;989;990;991;993;994;997;998
151;1;3;6;7;8;10;11;13;14;15;16;17;18;19;20;21;22;23;24;25;26;28;29;31;33;39;40;41;43;44;45;46;48;50;52;53;54;60;63;65;74;79;80;82;83;84;86;89;90;92;95;96;97;100;101;103;105;106;107;108;109;112;115;122;123;125;130;131;132;133;134;135;140;141;143;145;147;148;155;156;159;160;161;162;164;165;177;178;179;181;182;183;185;186;188;191;192;193;194;197;198;199;204;207;210;214;215;219;220;222;223;224;226;229;230;232;233;234;235;236;240;241;242;245;247;249;253;258;261;262;263;264;265;266;269;271;272;277;279;283;285;287;288;289;294;295;297;298;301;302;303;306;307;309;310;311;313;314;315;318;319;321;322;327;329;330;331;336;337;342;343;347;349;350;352;353;354;359;360;362;363;364;365;367;371;376;378;379;380;381;383;385;386;387;388;393;395;397;398;399;400;402;407;408;411;412;414;418;420;422;426;428;430;431;433;435;440;441;442;443;444;445;446;452;454;455;456;457;460;462;463;466;467;471;472;479;480;481;485;486;488;489;490;493;494;495;498;500;501;502;505;506;507;508;509;510;511;513;519;520;521;522;523;525;526;527;528;529;530;531;532;534;536;537;540;541;542;543;547;552;553;554;555;556;557;559;563;564;565;568;569;571;572;574;575;577;578;579;581;584;587;588;595;596;598;599;602;603;604;606;607;613;615;618;623;624;625;627;630;631;632;633;634;635;636;638;641;645;648;649;651;652;653;654;655;656;657;658;660;668;670;672;673;674;677;681;682;683;684;685;686;687;688;690;691;692;695;697;699;700;701;702;705;707;708;710;711;712;714;715;716;717;718;719;721;722;724;727;728;731;736;737;740;743;744;747;748;750;751;752;753;754;755;760;763;764;765;769;771;772;773;778;779;780;781;782;786;789;792;795;796;799;802;803;804;805;806;812;813;816;817;819;823;824;826;829;831;832;834;835;836;837;838;839;840;842;847;849;851;852;853;857;859;860;866;869;871;872;873;874;876;877;879;881;884;890;894;895;896;898;899;900;902;903;906;908;911;912;915;918;919;921;922;923;924;927;931;932;933;934;936;937;938;939;942;943;945;948;949;950;953;956;957;961;967;968;969;970;971;975;976;977;979;980;983;985;986;987;989;991;994;996;1000
152;2;3;5;6;7;10;11;12;13;14;15;21;22;23;32;33;36;37;41;45;47;49;50;55;56;59;60;61;62;65;67;68;69;70;71;72;74;75;76;77;78;80;81;82;83;88;91;92;95;103;104;105;109;111;113;117;118;119;121;122;123;125;127;130;131;137;139;140;141;142;143;144;145;147;153;155;156;158;161;162;163;165;166;167;170;173;174;178;180;181;182;184;190;191;193;196;197;198;201;202;204;207;214;218;219;223;225;227;231;232;233;234;235;240;243;248;250;251;253;254;257;259;261;263;264;267;268;271;272;273;274;278;281;283;284;287;289;294;295;296;297;298;301;305;307;308;310;311;312;314;315;316;319;321;322;324;326;327;328;329;330;333;334;337;339;346;347;348;349;352;353;355;356;359;364;365;366;367;368;369;374;375;377;383;388;389;390;391;392;393;395;396;397;398;401;406;408;409;411;414;415;416;421;422;424;425;426;431;432;433;435;438;439;441;447;448;453;454;455;460;463;464;465;466;467;469;471;476;478;479;480;483;484;485;488;490;492;494;495;496;498;504;507;509;511;513;515;518;519;521;525;528;529;532;533;535;536;538;539;541;542;545;546;548;549;550;551;552;556;559;560;562;567;569;571;572;574;576;579;582;584;586;588;589;591;592;593;595;596;597;598;600;606;608;609;611;612;613;615;618;621;622;623;625;626;627;628;629;630;632;633;634;635;636;638;639;640;641;643;645;646;648;652;653;654;656;658;659;661;662;665;666;670;671;672;675;678;679;681;682;683;684;689;690;692;694;696;699;703;704;706;708;711;714;715;717;718;722;725;726;727;729;731;734;735;737;738;739;743;744;745;748;751;755;757;761;762;764;765;770;771;774;775;777;781;782;784;785;787;788;793;795;798;799;803;805;812;813;814;815;817;818;819;820;821;822;823;826;827;830;831;834;836;838;839;840;842;843;845;846;848;851;852;855;856;858;859;860;861;864;865;866;867;868;869;870;871;872;873;874;875;876;877;881;882;883;885;886;887;893;895;897;900;901;902;904;905;908;909;910;913;914;915;916;917;918;919;923;925;928;929;932;933;938;939;941;942;944;946;948;949;950;953;954;955;956;957;959;961;967;968;971;972;975;976;980;983;984;985;986;987;990;991;994;995;997;998;999
153;7;11;15;16;23;26;29;30;31;32;33;36;38;39;42;43;46;47;48;49;51;52;58;65;66;67;68;71;75;77;81;83;84;87;88;90;94;96;99;100;102;103;105;108;109;112;114;119;123;126;128;132;134;136;137;141;142;144;146;148;152;154;156;157;158;161;163;165;166;168;169;171;173;174;175;179;184;185;188;191;195;196;197;206;208;209;210;211;214;216;217;218;219;220;221;225;226;227;232;234;236;239;240;241;242;243;244;248;249;250;251;252;254;255;258;259;261;262;263;265;269;270;271;273;275;276;284;285;286;288;290;291;293;294;296;297;299;300;306;308;309;310;313;314;315;317;319;323;324;327;328;329;330;332;335;340;347;350;352;355;361;362;364;365;368;369;376;377;378;381;385;387;390;391;393;394;395;396;401;402;403;404;406;410;412;422;423;427;429;430;433;435;438;439;440;442;444;448;449;450;451;453;454;455;457;459;461;462;465;466;470;471;472;473;477;482;484;485;486;487;488;492;493;495;498;499;501;502;504;505;506;508;510;512;514;516;518;520;524;526;527;530;531;532;533;534;535;536;538;539;542;544;546;549;550;551;552;554;558;561;569;570;572;573;576;577;578;580;582;587;588;592;593;595;596;597;598;602;603;604;606;608;612;614;616;618;620;621;622;623;624;626;627;629;633;634;635;636;637;638;639;641;642;646;647;648;652;653;654;657;659;660;662;665;667;668;670;672;673;674;675;676;677;678;679;681;682;686;688;689;690;692;694;696;699;700;701;702;703;704;705;706;707;710;711;712;713;715;717;718;725;727;729;730;732;734;735;737;738;739;740;741;743;744;746;750;751;753;754;758;759;762;764;765;766;769;770;772;773;774;776;781;782;783;784;785;786;787;789;790;791;792;794;796;797;799;801;803;804;805;806;807;809;811;812;813;815;816;818;820;821;822;824;826;827;829;830;831;833;834;836;838;841;843;846;847;848;849;851;852;854;855;858;859;860;861;862;863;864;871;873;874;875;879;881;885;886;888;889;891;893;895;898;899;901;903;906;907;909;910;913;919;920;921;922;925;928;931;936;939;941;944;945;946;948;953;955;959;962;965;973;975;979;982;983;984;986;988;991;992;997;998;999
154;1;2;3;4;5;6;15;18;20;21;24;25;27;29;31;36;37;38;39;41;42;43;45;48;49;50;57;62;65;66;67;69;70;71;75;80;82;84;85;86;87;91;93;94;96;98;99;102;106;108;109;110;111;114;116;117;119;120;123;127;129;130;133;135;137;138;141;142;143;148;149;153;157;159;162;163;164;165;166;169;170;171;172;175;176;179;180;181;183;184;187;189;190;191;193;197;199;200;203;207;209;210;213;214;215;216;217;221;223;224;227;231;234;235;238;239;240;248;250;251;252;255;256;257;258;259;262;264;265;266;268;269;271;273;274;275;277;278;281;284;286;287;288;289;291;292;294;295;296;297;299;301;303;306;307;309;314;319;325;326;328;329;332;334;336;337;338;340;342;345;346;347;348;350;352;357;358;362;364;365;368;369;370;372;373;375;376;378;383;384;386;388;389;390;391;393;394;395;397;398;399;401;402;404;405;410;412;413;415;416;419;421;424;425;426;427;428;431;436;437;441;449;453;455;457;459;460;463;464;472;476;479;481;482;484;485;487;489;490;492;495;496;497;498;501;503;509;511;512;513;515;518;521;522;524;525;526;527;530;531;537;539;540;543;544;546;547;548;553;554;555;561;562;563;566;567;571;572;573;577;581;582;583;586;587;588;591;592;593;595;596;597;599;600;601;603;606;607;608;609;610;612;613;617;619;625;626;627;628;629;639;642;644;645;646;652;653;655;657;660;661;664;666;667;668;669;673;676;678;682;685;688;692;698;702;703;704;705;707;708;709;711;715;718;719;720;722;724;725;726;727;728;729;730;732;735;736;737;738;744;745;748;749;755;756;758;759;764;766;770;772;773;774;777;779;783;784;787;788;789;790;791;792;799;803;804;806;810;811;812;813;814;815;816;817;821;822;824;825;826;827;829;830;831;832;835;839;845;847;849;850;851;853;856;857;858;861;866;868;869;870;871;872;873;877;879;881;883;885;887;889;891;892;893;894;895;896;897;899;903;904;913;915;916;919;922;923;924;926;929;931;932;937;939;940;941;942;945;948;950;953;954;961;964;971;972;973;974;975;977;978;979;981;982;983;984;985;986;988;992;995;999;1000
155;4;5;7;8;10;12;14;16;18;19;20;24;27;28;30;34;38;40;41;42;46;47;51;54;57;58;59;61;64;66;67;68;70;71;72;73;74;76;78;82;83;84;86;88;89;90;92;93;94;95;96;97;98;100;101;103;104;105;106;109;110;112;115;116;119;123;125;130;133;134;135;138;139;140;142;143;145;148;151;152;156;157;159;161;162;168;170;176;178;179;181;183;186;189;190;191;193;195;196;198;199;200;203;204;207;209;211;213;216;218;223;224;225;226;227;233;234;235;238;239;240;241;244;245;247;248;249;251;252;254;255;259;262;263;268;269;270;271;274;278;286;288;290;291;294;296;298;302;306;307;309;310;311;317;321;322;323;324;325;328;329;330;331;333;338;342;344;345;349;350;351;352;354;355;357;359;361;362;363;364;366;367;368;372;374;375;378;380;385;386;390;392;394;398;400;401;402;404;405;406;407;408;409;411;412;413;414;416;421;426;429;432;433;434;436;438;440;443;444;445;446;451;452;453;455;457;459;462;463;464;465;466;468;469;472;476;478;479;480;482;483;484;485;487;488;490;491;492;493;494;496;497;499;502;505;510;512;519;521;528;529;530;534;535;536;540;542;545;548;549;551;552;553;555;556;558;559;563;564;565;566;569;571;572;573;575;577;578;579;580;581;582;584;587;588;589;591;592;594;595;598;600;601;603;605;606;608;611;612;613;620;623;625;626;627;628;629;632;633;634;635;637;639;640;642;643;645;648;650;652;654;655;657;659;664;667;668;669;671;672;673;675;676;677;680;681;682;684;685;688;690;694;695;696;697;699;705;706;709;710;711;713;715;716;718;719;726;727;729;730;731;735;736;737;739;741;743;744;746;747;748;751;752;754;755;757;758;759;761;762;764;767;768;769;770;772;773;775;777;779;780;785;788;790;791;792;793;795;800;801;804;806;807;811;816;820;824;825;828;829;832;834;836;838;841;845;846;847;848;849;850;851;853;854;856;857;858;860;863;864;865;866;867;868;870;874;875;876;880;882;883;886;891;892;895;897;898;901;902;903;904;905;907;910;911;912;914;916;918;922;923;924;926;929;930;932;934;935;936;937;938;939;940;942;943;944;945;946;947;949;950;951;953;957;962;964;965;966;968;970;975;979;980;988;990;995;996;997
156;1;3;4;6;7;8;10;12;13;14;15;16;22;25;29;33;34;35;36;37;38;39;42;43;45;47;48;54;55;57;58;61;62;65;66;67;70;73;77;80;82;84;86;89;90;91;93;94;95;96;98;101;103;104;105;106;107;108;111;115;116;118;119;120;121;124;125;126;128;129;131;133;134;135;136;137;138;140;142;143;144;145;149;151;152;153;155;157;159;160;162;166;167;171;176;178;185;186;187;189;190;191;192;194;195;198;199;201;202;203;204;205;207;208;210;214;217;219;221;225;228;229;230;234;238;242;243;245;247;252;253;255;257;259;261;262;263;268;269;270;275;278;280;283;284;290;291;294;298;299;300;304;305;306;307;308;310;313;320;322;328;329;331;332;333;336;339;340;341;344;345;347;351;352;362;365;366;370;371;372;373;374;375;377;379;380;383;384;386;387;389;390;393;394;396;398;399;401;408;411;412;418;419;422;426;427;428;429;430;433;434;435;436;442;443;444;446;447;449;450;453;455;456;460;463;464;465;466;469;476;477;480;481;487;491;492;493;496;499;500;501;503;505;506;507;509;513;514;515;516;517;519;520;522;523;525;526;527;534;535;536;539;541;546;547;548;549;554;555;563;564;566;571;572;573;574;576;577;578;580;581;582;584;590;594;595;596;597;598;599;600;601;604;605;609;612;613;615;619;622;626;627;632;633;644;646;649;652;654;655;656;659;663;667;668;669;670;671;674;675;677;678;679;680;689;690;692;695;696;697;698;699;702;703;704;708;709;711;712;713;715;716;718;719;720;721;723;724;726;728;733;735;741;742;743;744;745;747;749;750;754;757;758;761;763;764;769;770;772;773;775;777;781;782;784;786;787;789;793;794;795;797;801;807;808;810;812;815;817;818;822;823;824;827;828;829;830;831;834;836;840;842;843;845;846;848;849;850;851;852;853;856;858;861;870;871;872;873;875;876;877;879;880;881;882;883;884;886;888;889;891;893;894;895;900;903;907;908;909;910;911;913;916;918;919;920;925;930;931;932;933;934;935;938;939;942;945;946;948;950;951;952;954;955;957;959;961;962;964;965;967;971;972;974;976;977;980;982;983;984;991;992;993;994;996;997;999;1000
157;1;3;4;7;8;9;11;13;15;18;19;20;21;23;27;30;31;35;38;39;42;43;44;45;47;51;53;55;56;57;59;60;61;63;64;66;68;70;71;72;74;79;80;81;82;83;85;86;87;88;89;90;93;96;98;100;101;102;103;104;105;106;112;113;114;115;116;117;121;126;128;129;133;135;138;141;145;146;147;148;149;153;154;155;156;158;160;162;163;164;166;168;170;173;174;176;178;180;181;182;186;187;190;191;192;193;194;195;197;199;203;204;207;208;211;213;215;217;220;221;224;225;231;240;243;244;245;247;250;251;253;255;256;257;259;261;262;263;264;266;267;268;269;270;273;275;276;278;279;281;284;285;289;290;293;294;295;296;298;304;307;308;309;315;316;320;321;326;327;329;330;331;332;333;334;337;338;339;340;342;343;345;350;351;354;361;362;363;365;367;370;373;374;375;376;377;380;384;389;390;391;392;393;394;395;400;402;405;406;409;411;412;415;416;417;419;421;422;425;426;431;434;435;439;445;448;449;450;452;453;456;457;458;462;463;469;471;474;475;478;482;483;486;488;489;491;492;496;498;500;502;503;505;506;507;510;511;516;520;521;522;523;525;527;528;529;531;532;533;534;535;537;538;539;540;542;543;546;548;550;551;553;555;556;557;559;560;563;564;566;568;573;575;581;582;583;584;586;588;589;591;595;596;598;599;600;601;602;604;605;607;608;609;610;612;613;619;622;623;626;628;629;631;634;635;638;641;643;646;647;648;652;653;655;656;657;663;665;666;667;668;669;671;672;673;675;676;678;679;682;683;684;685;688;692;694;698;699;700;701;702;704;706;709;710;711;712;713;714;716;717;718;720;721;723;724;728;730;731;735;737;739;740;743;744;745;747;752;754;756;757;759;760;765;769;770;771;772;774;776;777;778;780;781;785;787;788;789;790;794;795;797;799;800;804;807;809;812;813;815;816;817;819;820;821;823;824;825;826;827;829;830;834;835;836;837;841;842;843;845;850;855;856;860;863;864;865;866;867;868;869;870;872;873;874;878;879;881;883;887;888;889;890;891;894;895;896;901;902;904;906;907;909;912;914;916;921;926;928;929;930;933;934;935;937;939;941;942;943;945;946;947;950;952;953;954;955;957;959;962;963;965;967;968;971;976;978;979;981;982;983;984;989;990;996;999
158;3;4;5;6;8;9;11;13;14;17;18;19;20;22;23;24;25;27;29;31;33;36;37;40;41;42;43;44;45;49;51;54;57;60;64;65;66;69;71;73;77;79;80;81;82;85;91;95;97;98;99;100;103;104;106;108;109;110;113;114;115;118;119;123;126;127;128;129;130;131;132;133;134;139;142;144;145;146;147;148;149;152;153;157;159;160;162;163;165;168;170;173;174;176;179;182;183;184;186;187;189;192;195;198;202;205;206;210;212;213;214;215;217;218;220;222;223;224;227;233;235;238;239;240;241;245;247;248;249;250;252;254;258;260;261;262;264;265;269;270;274;275;278;279;280;282;286;287;288;289;290;304;305;306;307;308;309;311;314;315;316;318;321;322;323;324;325;326;328;334;335;336;337;338;339;341;342;346;348;349;350;351;352;353;356;357;358;359;362;363;367;368;371;372;373;374;377;378;380;383;384;385;386;387;388;389;390;391;392;394;398;399;401;404;406;408;409;411;412;413;414;416;417;418;419;421;422;425;426;427;428;432;433;434;435;437;439;440;442;444;446;448;449;452;453;455;456;457;459;461;465;466;467;469;470;471;472;475;477;482;483;484;486;488;489;492;494;495;498;499;500;502;503;505;506;510;511;512;514;515;517;520;522;523;527;530;532;533;536;541;542;543;544;546;550;551;560;563;564;567;568;569;570;571;572;573;575;576;577;581;583;586;590;594;596;600;602;605;606;607;608;609;610;612;613;614;617;618;621;622;626;628;630;631;632;633;635;636;641;642;646;647;649;652;653;656;657;658;661;673;674;678;679;680;681;682;684;686;693;695;696;697;699;700;701;708;713;714;716;717;718;719;722;729;730;733;734;736;737;738;739;742;744;745;746;749;750;751;753;754;758;762;764;770;771;773;774;776;777;779;781;782;783;784;786;787;789;790;794;795;796;800;803;804;805;807;808;810;811;813;814;815;817;819;824;825;827;829;830;831;832;836;837;839;840;843;846;849;851;853;856;857;862;863;864;868;869;871;872;873;877;878;879;880;881;882;884;886;892;894;895;897;899;901;903;908;910;917;921;922;923;924;928;930;932;935;937;938;939;940;941;943;944;945;949;951;952;953;954;955;957;958;959;960;962;963;964;969;971;972;974;975;977;978;979;980;989;991;992;994;995;997;1000
159;2;4;6;7;9;11;13;16;20;21;24;25;27;28;30;32;37;38;39;40;41;43;46;48;52;56;58;59;61;70;72;75;78;79;80;82;83;86;87;89;90;91;92;93;95;97;98;101;103;104;106;109;110;112;114;115;118;119;121;122;123;125;129;131;132;133;134;135;136;137;139;140;142;149;151;154;155;156;158;160;161;162;163;164;169;176;180;181;186;187;190;191;192;193;195;200;210;212;213;216;218;219;220;226;228;229;230;232;233;234;237;239;242;243;245;251;253;257;259;261;262;264;265;266;267;268;269;273;274;278;279;284;285;286;287;292;293;299;300;301;303;304;306;307;308;309;310;314;317;319;320;324;327;330;332;336;337;338;340;342;343;344;345;346;348;349;351;353;355;356;360;366;374;375;377;381;382;383;385;387;389;390;392;394;396;398;400;401;403;404;407;408;410;411;412;414;419;426;428;429;432;433;434;435;437;438;439;440;441;445;446;447;451;457;458;461;462;465;467;468;469;470;471;472;473;474;475;476;478;479;484;486;487;488;491;492;495;498;499;504;506;511;512;513;518;521;522;526;529;530;531;534;535;536;537;538;539;541;543;546;547;551;558;560;562;563;565;568;569;570;572;574;575;576;579;581;582;584;588;590;591;593;594;597;600;602;605;607;608;610;612;615;616;617;618;619;620;624;625;626;630;631;634;635;636;638;639;640;647;648;650;651;652;653;656;657;659;660;661;662;664;666;667;671;672;673;675;676;677;678;683;684;687;688;689;690;694;698;699;700;703;705;707;709;710;711;712;713;715;718;721;723;728;729;732;734;736;737;738;739;741;745;747;748;749;752;755;756;757;761;762;763;764;765;766;767;768;770;772;774;776;777;780;783;785;789;790;793;795;797;799;800;801;802;804;805;807;808;810;811;813;817;819;821;822;825;826;828;830;833;836;838;840;841;843;847;849;850;853;856;857;858;859;860;863;865;866;867;869;871;872;873;874;875;876;878;879;880;881;882;889;890;892;893;895;896;899;900;902;903;904;905;907;909;910;911;923;925;927;928;929;930;931;932;933;934;935;942;946;947;948;951;952;955;958;959;960;962;963;965;966;969;970;971;974;977;978;979;983;985;986;993;994;995;996;998;1000
160;1;2;3;4;6;8;10;13;14;16;19;20;21;23;26;32;33;36;37;38;39;42;43;44;47;49;51;53;57;59;60;63;65;66;74;75;76;77;78;79;80;81;82;83;85;87;94;95;96;97;99;102;104;105;111;113;116;118;119;120;122;125;126;128;129;130;132;140;150;151;156;157;158;159;161;162;167;173;174;175;176;178;179;180;182;183;185;186;188;189;190;196;199;200;204;205;207;209;210;211;213;215;216;217;218;221;223;227;229;232;233;239;241;242;243;244;245;246;247;249;250;252;259;260;261;262;264;268;271;276;279;282;286;287;289;290;292;293;296;297;298;299;300;302;305;309;311;315;316;317;320;321;324;329;332;334;335;340;341;342;343;348;349;351;352;356;360;362;363;364;366;367;368;369;372;373;374;375;376;381;382;383;384;387;388;390;392;393;394;398;400;402;403;408;409;410;411;413;414;415;416;417;418;419;422;423;425;430;432;433;437;444;445;447;448;451;453;454;457;458;459;461;465;467;469;473;475;476;477;482;483;484;486;489;490;491;492;496;499;502;505;507;508;509;511;512;513;514;516;517;518;519;520;524;525;526;531;532;533;534;535;542;543;544;545;547;550;553;555;556;558;559;564;565;567;568;570;571;572;580;585;586;587;588;589;592;594;595;599;601;604;605;611;612;613;615;616;618;619;621;622;625;626;628;629;630;634;635;636;637;641;642;646;649;650;653;655;657;659;665;667;668;669;670;674;677;680;682;683;684;687;688;689;693;694;695;696;697;698;700;701;705;707;708;710;711;712;714;716;717;719;721;723;724;726;727;730;732;734;737;738;739;740;741;742;743;746;750;751;753;754;756;758;759;760;764;765;766;767;769;771;773;774;775;776;779;783;784;785;789;793;794;796;797;798;799;800;801;803;808;810;815;818;821;822;823;826;827;828;829;830;831;832;834;835;836;837;843;844;845;846;848;850;851;852;855;858;859;860;863;864;866;867;869;872;873;874;878;881;883;885;888;891;893;894;896;904;905;906;907;909;910;913;914;915;918;923;928;932;935;936;937;939;941;945;946;947;948;949;950;952;953;955;956;958;959;960;961;964;965;966;967;970;971;972;975;977;978;982;984;987;990;992;994;995;997;998;1000
161;1;3;5;6;7;8;9;10;13;14;17;18;19;20;22;29;31;33;34;35;37;39;40;42;43;44;45;46;48;50;51;52;53;54;55;62;63;66;68;71;72;74;77;78;80;81;82;83;86;87;88;89;92;99;101;102;103;104;105;107;109;110;112;113;114;115;119;122;123;124;125;126;129;131;132;133;134;135;136;138;141;142;143;144;145;150;151;152;153;155;159;160;166;169;171;173;174;176;177;179;182;183;185;186;187;190;195;199;201;203;205;206;207;209;211;212;213;214;215;216;217;218;219;223;225;226;228;229;236;237;238;242;243;245;247;248;249;250;251;252;254;256;257;260;262;263;266;267;268;270;271;272;273;274;278;279;284;285;286;287;288;292;294;297;299;300;302;303;304;305;306;307;309;310;311;313;314;316;318;322;324;332;333;334;335;337;339;340;351;352;353;355;357;358;360;366;367;368;370;371;378;379;383;385;386;387;389;390;391;392;393;394;395;396;398;399;401;402;404;407;408;411;412;413;415;418;419;423;424;425;429;431;433;434;435;437;439;440;441;445;447;454;456;457;460;461;462;464;465;466;467;468;471;475;481;484;485;488;492;501;503;509;510;511;512;513;516;520;522;524;525;526;529;530;531;533;534;535;536;540;541;543;546;548;553;555;557;558;560;564;565;567;568;571;574;575;580;583;592;593;594;596;597;600;601;602;603;604;608;611;612;614;616;619;620;621;624;626;628;630;635;636;637;639;640;645;650;652;654;655;656;657;658;664;666;668;671;673;676;677;680;681;682;683;684;685;687;693;696;697;698;700;701;702;704;705;706;709;710;711;712;714;717;719;720;721;724;725;726;729;730;733;736;737;739;742;745;747;750;751;753;755;757;759;761;764;765;767;768;769;770;774;776;777;779;783;787;788;790;794;797;799;801;803;804;806;807;808;810;812;813;817;819;820;821;822;823;825;830;831;834;835;837;839;842;844;846;847;849;850;855;862;864;872;875;876;880;882;883;885;889;891;893;894;895;896;897;899;903;905;909;910;911;912;915;918;919;922;926;927;928;929;930;932;936;938;942;943;944;947;948;953;955;956;959;960;962;966;967;971;973;974;976;977;978;980;982;983;986;991;993;994;995;997;999
162;4;8;13;16;17;24;26;28;30;31;37;40;41;42;44;46;47;48;52;54;55;59;63;64;65;70;71;72;75;76;82;83;84;86;89;92;96;98;99;103;107;109;112;114;117;122;124;125;126;128;131;137;141;142;143;145;146;147;149;151;152;154;155;156;157;158;159;160;163;165;166;167;170;171;173;174;175;178;179;180;184;185;186;187;191;192;194;195;196;197;198;200;201;203;204;205;206;207;211;217;218;219;222;223;224;227;229;230;237;240;247;248;249;251;252;254;255;260;261;262;266;267;268;273;275;276;277;281;282;288;289;290;291;292;293;296;297;301;306;307;313;314;318;323;325;327;329;330;335;336;337;338;340;341;342;344;345;349;350;353;354;355;358;359;361;362;364;368;369;370;371;374;375;376;378;380;381;382;383;388;390;391;392;393;394;395;396;397;399;400;401;403;404;407;411;415;417;418;419;420;427;428;430;431;434;435;438;440;441;447;448;449;450;452;454;456;459;464;469;472;473;474;477;480;481;483;485;486;487;488;489;490;492;497;499;500;502;503;504;509;510;512;513;516;522;523;524;525;527;531;532;534;535;536;537;539;543;548;549;553;555;560;561;564;565;566;567;576;577;578;581;584;585;587;588;592;594;598;599;602;603;604;610;611;612;616;617;621;622;624;628;629;635;639;640;641;643;644;645;648;649;650;655;657;659;662;663;664;665;668;672;678;682;685;688;690;693;694;698;701;702;705;706;709;710;711;712;713;714;716;717;718;720;722;723;726;727;729;732;733;734;737;746;747;748;749;751;753;755;756;759;760;763;765;769;770;771;774;775;777;778;780;782;783;787;790;794;795;796;797;800;801;802;804;806;807;808;809;811;814;815;816;819;820;822;824;825;826;828;829;831;832;834;835;837;838;839;840;841;845;847;848;849;850;851;852;857;859;863;864;865;866;867;869;871;872;876;877;878;879;882;883;885;886;888;892;893;894;895;898;903;904;907;910;911;912;913;914;915;916;920;923;926;929;931;932;933;938;939;941;943;945;948;949;950;952;953;956;959;961;962;965;966;967;970;973;974;975;977;982;987;988;990;992;993;994;1000
163;1;2;3;5;6;7;9;10;11;14;15;16;22;27;30;31;32;35;37;39;41;43;48;49;53;54;55;57;58;59;62;63;67;68;69;71;72;73;74;76;77;78;79;80;81;83;85;86;92;93;94;95;96;97;98;99;101;103;104;107;108;110;111;115;116;119;120;125;127;128;133;136;137;140;143;144;145;148;152;153;154;157;158;159;162;164;167;169;171;172;173;174;177;178;180;182;186;188;190;191;193;194;195;199;200;205;208;211;212;214;216;217;220;221;224;226;227;228;229;230;233;234;237;239;244;246;247;248;250;254;258;259;260;263;264;268;269;270;271;272;278;280;282;283;284;285;288;289;292;294;296;297;299;300;302;303;304;307;308;310;311;312;313;314;315;317;322;323;327;329;330;331;335;339;340;342;346;348;350;351;353;356;357;359;362;364;365;366;367;368;369;370;371;372;373;375;378;379;382;383;390;391;393;396;398;399;400;402;403;406;407;414;415;420;425;426;430;431;432;433;434;436;437;438;439;444;445;450;451;454;460;462;463;466;467;468;469;470;471;474;475;476;477;478;483;485;490;492;496;497;499;500;502;503;507;508;512;513;514;521;522;525;526;529;530;533;537;538;539;540;542;543;548;549;552;553;560;562;566;569;570;573;575;576;577;578;579;582;584;586;587;590;592;594;596;597;598;599;600;602;605;608;610;611;613;618;619;620;622;630;631;632;634;636;640;644;647;648;649;650;651;653;659;660;661;662;663;667;668;669;671;673;674;675;676;678;679;680;682;685;686;687;689;691;694;697;700;701;703;705;706;707;708;709;712;716;717;718;719;727;729;730;733;736;737;738;739;741;742;744;747;748;749;750;752;754;755;756;757;759;767;771;772;774;775;776;779;780;781;783;787;790;792;794;795;798;801;809;810;811;812;813;814;815;816;819;821;822;823;824;825;827;828;830;831;832;833;835;837;842;845;846;848;850;851;853;856;860;862;863;864;865;867;868;870;874;875;876;879;880;881;882;883;884;887;888;899;902;905;906;907;909;916;918;919;920;924;925;926;928;929;930;933;939;942;945;946;947;950;951;953;954;955;956;957;958;960;964;966;968;970;972;975;976;980;981;983;984;985;993;994;995;996;999;1000
164;1;4;7;9;10;11;12;14;15;19;20;22;28;29;32;34;35;37;38;41;44;46;47;49;51;54;58;59;61;63;66;68;69;75;78;79;81;82;83;85;87;88;90;94;95;96;99;100;104;108;110;112;113;114;115;117;124;128;129;132;134;138;139;141;143;144;146;149;150;151;154;157;159;163;167;169;171;172;174;176;179;180;181;182;185;186;189;190;191;192;193;194;195;196;199;200;201;202;204;205;212;213;214;216;220;221;222;223;224;227;230;231;233;234;235;237;238;239;240;241;242;243;244;245;248;252;253;254;255;256;257;259;265;266;267;268;272;274;275;277;278;279;281;284;286;288;292;295;296;299;300;302;306;308;311;313;319;321;322;323;324;325;327;328;329;330;331;335;338;340;341;343;345;346;348;349;351;352;353;357;359;360;361;365;367;368;369;370;374;375;376;378;379;382;385;387;389;394;395;396;400;402;405;407;408;409;412;413;414;415;417;421;423;424;425;426;427;430;431;432;433;436;438;439;443;445;446;447;451;452;454;455;458;459;461;462;465;469;470;475;476;478;481;483;484;486;487;490;493;494;498;504;505;506;508;509;510;512;514;515;516;517;520;521;522;523;525;530;531;537;539;542;543;544;545;546;547;550;551;552;556;557;558;559;561;563;564;566;567;571;580;583;584;585;587;589;594;595;599;601;602;603;608;614;615;618;619;623;625;630;632;633;635;638;639;641;642;644;646;647;654;655;658;660;662;664;667;670;672;674;675;679;680;684;687;690;692;694;696;699;700;702;705;707;708;709;711;712;713;714;716;717;719;720;722;724;726;727;728;733;736;738;739;740;742;743;744;745;746;747;756;759;766;770;772;774;775;776;779;785;786;787;790;791;792;793;798;799;802;803;805;807;808;814;815;816;817;818;822;824;825;826;833;836;840;842;843;845;850;851;854;855;856;857;858;860;861;863;866;868;870;871;873;874;875;879;880;882;883;886;888;889;890;891;894;895;896;897;899;900;906;908;909;910;911;912;914;916;918;919;921;922;923;924;925;926;933;934;936;937;938;941;942;944;947;948;949;950;952;953;954;956;960;962;963;966;967;968;970;971;972;976;977;981;982;983;984;985;986;991;992;995;997;999
165;1;5;6;7;8;9;10;11;13;15;16;22;23;25;26;27;28;29;31;33;37;40;41;43;45;47;48;49;50;51;55;59;61;64;66;67;68;70;71;73;77;80;84;85;86;88;90;93;98;99;101;102;105;106;107;109;110;111;114;115;116;117;118;119;123;124;127;130;132;135;136;137;138;139;142;143;144;146;147;148;150;151;152;153;154;158;162;168;175;179;180;181;182;183;184;186;187;192;193;195;196;199;200;204;205;207;208;209;210;211;212;213;215;217;219;220;223;224;228;230;234;235;241;244;249;250;251;252;253;254;255;256;257;258;262;264;265;266;268;270;271;273;274;275;276;279;280;281;282;284;287;291;292;293;294;295;297;298;299;301;302;303;305;308;316;319;320;321;324;327;336;337;338;343;344;345;348;349;350;351;352;353;354;356;359;361;362;363;367;373;376;379;382;383;385;386;391;395;397;398;399;402;403;406;413;414;415;417;418;420;421;422;425;427;429;431;432;433;434;435;437;438;447;448;450;451;455;458;459;460;461;462;463;464;466;468;473;474;475;478;481;482;486;489;490;496;497;498;499;500;502;503;505;506;508;511;513;514;515;520;522;524;525;526;527;530;532;533;534;538;539;540;541;543;544;546;549;550;551;552;554;555;560;562;564;567;569;571;576;580;581;585;589;593;597;601;603;604;605;606;611;613;616;620;625;627;628;631;634;636;639;640;645;647;649;651;654;655;670;672;674;676;677;680;681;682;683;684;685;689;690;691;692;693;694;695;701;703;704;706;707;708;710;713;714;716;719;721;723;727;732;733;738;740;742;744;745;747;749;750;752;755;758;761;762;764;766;768;770;771;772;773;774;775;776;779;780;782;786;787;788;792;795;796;797;799;800;801;807;808;813;815;818;819;822;824;829;831;834;836;838;839;841;843;845;846;848;850;852;856;858;859;862;863;867;868;869;870;871;873;875;876;877;878;881;884;885;886;891;892;893;895;904;905;909;910;911;912;917;918;920;924;925;926;927;928;932;933;935;936;938;941;943;944;946;948;955;956;959;960;961;963;964;965;966;969;970;971;972;976;977;978;979;986;988;989;990;991;996;997;998;999
166;1;6;7;10;16;18;19;22;24;26;27;30;32;33;36;38;39;40;45;48;49;51;52;56;57;58;59;60;61;62;63;64;66;67;69;75;80;82;85;86;88;89;91;92;94;95;96;97;98;102;103;105;107;111;112;113;117;119;120;124;128;130;131;132;134;138;139;141;142;144;146;149;152;153;154;156;157;161;162;167;171;172;175;183;187;188;189;192;194;198;199;200;201;202;203;206;207;208;212;215;216;217;218;223;224;227;229;232;233;234;235;239;241;243;244;245;246;248;250;253;255;256;257;263;266;267;271;272;276;283;284;285;286;289;292;294;295;298;299;301;303;304;307;308;310;311;315;317;318;320;322;324;325;328;330;334;335;337;338;341;342;343;346;347;348;350;352;353;354;355;358;361;364;365;369;370;371;372;373;376;378;380;382;383;384;387;388;389;390;395;396;398;400;402;403;404;405;406;409;411;412;414;415;416;417;424;425;429;430;431;432;433;434;435;439;440;443;444;445;446;447;450;452;453;454;455;457;458;459;460;461;462;463;464;465;466;470;471;474;475;476;486;487;489;494;496;497;498;501;502;503;504;505;507;511;512;514;515;516;518;521;522;523;525;526;527;528;531;532;534;535;536;543;547;549;551;552;556;557;560;561;562;563;564;567;570;574;576;577;579;580;581;583;584;586;588;589;590;591;592;597;598;599;600;601;602;604;605;608;610;611;613;614;618;620;622;623;625;626;627;628;632;635;637;640;641;642;643;648;649;650;653;656;658;659;660;661;662;663;665;666;667;669;670;672;673;676;678;680;681;683;685;686;688;689;690;695;697;698;700;702;707;709;710;714;718;719;722;724;726;727;729;730;731;735;736;737;741;742;745;749;750;754;758;760;762;764;767;771;772;773;774;776;777;780;781;784;785;788;789;791;792;793;797;799;802;803;804;805;806;807;808;810;816;819;821;822;823;824;825;826;827;830;832;834;835;836;838;839;841;842;844;847;849;851;852;854;855;857;860;861;865;870;871;873;874;877;880;881;882;884;885;887;888;892;894;898;901;904;910;913;915;916;917;918;919;921;924;925;926;927;929;930;932;936;938;943;944;945;946;948;956;957;959;962;963;964;965;967;968;970;971;972;975;976;978;980;981;987;989;991;993;996;997;998;999;1000
167;1;6;7;9;10;13;14;15;16;17;21;22;25;26;27;28;29;30;32;36;37;38;41;47;48;49;50;54;55;59;60;62;63;65;66;67;69;70;71;72;77;78;79;83;85;86;89;90;94;97;98;99;103;104;105;109;110;114;117;118;119;123;124;127;128;131;134;135;138;139;140;145;147;148;152;156;160;162;163;164;166;169;170;171;172;175;176;177;180;183;187;191;192;193;194;195;197;198;199;200;201;202;203;207;210;212;214;217;219;220;224;226;227;228;231;233;234;235;236;237;239;240;242;243;244;248;251;253;255;259;260;262;263;267;268;269;270;271;275;276;279;280;284;285;286;294;298;300;301;302;303;304;305;307;308;309;311;312;313;314;318;323;324;327;328;329;331;333;337;340;341;343;348;351;352;353;355;359;367;369;370;371;375;376;378;385;386;387;389;390;391;394;395;396;397;398;399;401;403;404;405;406;407;408;409;411;412;413;414;415;417;418;419;424;425;432;433;434;437;438;440;443;444;445;446;448;449;450;452;453;455;457;458;459;460;461;463;464;465;467;470;472;473;474;475;476;478;479;481;482;483;484;486;487;490;493;494;498;501;502;503;505;510;512;513;514;516;518;519;521;524;526;528;530;532;535;536;538;539;542;544;548;549;552;553;554;555;556;558;561;567;568;570;571;575;576;580;581;582;586;588;589;592;594;596;598;600;602;604;606;609;610;614;615;618;624;625;627;628;630;631;633;636;637;640;641;644;645;647;650;653;655;656;658;661;662;663;667;670;672;676;678;679;680;682;683;684;685;687;693;694;696;698;699;702;704;706;707;709;712;713;714;716;720;721;722;723;725;726;727;729;731;733;735;737;741;743;745;748;749;752;754;757;758;759;760;761;762;766;767;769;773;774;776;780;782;786;787;789;790;792;793;794;795;799;800;801;802;804;805;808;810;811;814;816;817;818;820;824;825;826;827;828;829;830;831;832;833;834;835;836;839;840;841;842;844;847;849;850;852;853;857;859;860;861;862;865;866;870;871;872;873;874;879;882;883;884;885;886;888;889;890;892;893;894;895;896;898;900;903;905;906;909;911;915;916;917;922;924;925;927;928;929;932;933;936;938;940;944;946;948;949;951;952;953;957;958;959;962;964;965;967;968;969;971;978;980;981;982;984;987;989;991;992;993;995;997;999;1000
168;1;5;6;8;10;14;16;19;20;21;23;24;26;31;32;33;36;42;45;48;50;51;52;53;54;55;56;61;63;64;65;66;69;70;73;75;76;78;79;81;82;83;86;89;91;92;93;96;97;100;101;105;106;107;108;112;113;114;115;118;119;120;121;123;124;127;128;129;131;133;134;137;139;143;145;147;153;155;157;158;165;172;174;176;177;179;181;187;191;192;193;194;196;198;199;200;206;207;208;210;213;215;217;220;222;224;225;226;229;231;233;234;236;240;241;243;248;253;254;255;256;258;259;262;266;268;269;270;271;279;280;281;282;283;284;286;287;288;289;290;294;296;297;298;299;300;301;302;303;305;306;308;310;314;315;317;320;321;322;323;324;328;329;330;332;334;339;340;341;343;344;345;347;354;357;363;367;372;373;374;378;379;380;382;385;386;389;390;392;393;394;396;398;401;402;407;409;413;416;418;419;420;422;425;426;429;430;434;436;437;439;440;441;443;444;446;448;453;455;456;457;458;461;462;463;468;469;470;471;473;476;479;481;483;485;486;491;492;494;495;496;501;502;503;504;506;508;509;511;512;515;524;527;534;535;536;537;539;542;545;546;548;549;550;554;555;556;557;560;561;564;567;568;569;571;573;574;575;577;578;579;580;582;583;584;586;590;592;593;594;595;597;599;600;601;602;605;606;607;608;609;612;615;620;621;622;625;626;627;629;633;635;637;638;643;645;648;649;650;651;652;658;664;665;666;671;673;674;675;676;677;678;684;686;691;692;694;695;698;702;703;704;705;706;707;708;711;712;713;718;719;720;722;724;725;727;728;729;731;732;734;735;736;738;739;741;745;747;750;751;753;755;756;757;758;759;760;762;763;764;765;766;767;772;781;783;787;788;789;792;793;799;800;801;802;804;812;814;815;817;822;823;826;827;828;833;836;838;840;842;844;845;846;848;849;850;852;854;855;859;862;863;866;867;868;869;873;874;875;876;879;884;886;887;888;889;892;893;894;895;896;898;899;902;903;906;911;914;916;918;921;922;926;928;932;935;937;938;940;942;943;944;948;951;952;954;955;956;958;959;962;964;965;969;972;973;978;980;984;985;987;991;993;994;995;996
169;9;10;11;14;15;17;23;26;27;31;32;36;37;39;40;42;45;46;49;51;52;53;54;55;58;60;61;63;64;65;66;67;68;69;73;75;76;77;78;79;82;83;84;85;86;89;91;92;95;96;97;100;102;103;105;108;109;110;114;116;117;120;121;122;125;127;130;132;133;134;138;141;142;145;153;154;159;161;163;164;167;171;172;176;182;183;187;189;190;192;195;196;200;201;206;207;208;210;213;216;218;220;223;225;226;229;232;233;235;237;238;239;240;243;245;246;250;251;253;255;257;258;262;265;266;267;268;270;271;274;275;276;277;282;287;290;296;297;301;304;305;306;307;308;312;315;317;318;324;325;330;332;333;336;338;341;343;344;350;351;352;353;356;358;359;363;364;369;370;371;375;376;378;379;380;383;384;386;387;388;389;390;391;392;395;399;400;403;404;405;408;409;412;413;415;416;417;418;420;422;423;428;430;433;434;435;438;439;443;444;447;448;451;452;453;455;456;457;458;459;460;465;467;468;470;473;474;475;478;481;484;486;489;490;493;497;502;504;506;508;511;512;514;516;519;520;522;524;527;530;531;534;535;536;539;540;541;543;544;549;552;555;557;558;561;562;565;566;568;571;573;575;577;578;583;585;588;589;593;594;597;601;604;607;609;611;612;614;617;621;622;624;626;633;635;637;645;649;650;652;654;657;659;661;662;663;664;665;666;668;674;676;679;680;681;685;689;690;692;693;694;695;697;698;700;702;703;707;708;709;710;712;713;714;715;716;717;718;719;720;721;723;726;727;729;731;732;733;734;738;739;740;744;746;747;751;755;756;758;760;761;762;764;769;770;771;772;773;774;777;778;779;780;782;784;786;789;791;793;794;797;800;803;804;806;807;810;812;816;817;818;820;822;824;825;827;828;831;833;838;839;840;841;843;844;845;847;848;850;851;852;854;857;861;865;870;872;875;878;880;881;883;886;887;890;897;899;900;901;902;904;906;908;909;910;912;914;915;918;919;920;921;922;926;928;929;933;934;936;939;943;944;947;949;950;951;952;955;957;961;963;965;967;969;970;971;973;975;976;979;981;986;991;993;999;1000
170;1;4;6;7;8;9;10;12;13;17;22;27;39;40;41;42;43;47;48;50;52;53;54;56;57;59;64;66;68;70;71;76;77;79;80;82;83;85;86;87;88;89;93;96;99;103;104;105;108;109;110;111;115;118;119;121;122;124;126;128;129;130;134;136;138;141;142;143;144;146;149;150;152;154;155;157;158;162;167;171;172;177;179;182;184;186;187;189;191;193;194;195;196;201;202;206;207;208;209;210;214;215;217;218;221;223;225;227;229;230;232;234;237;238;239;242;243;245;246;247;248;249;250;252;256;260;264;266;269;270;272;273;276;278;279;283;284;285;286;289;290;292;294;296;297;300;303;304;305;307;312;316;317;318;319;320;321;322;324;325;326;327;328;331;335;337;339;340;343;344;345;347;349;351;354;356;360;361;363;365;366;369;370;373;374;375;379;383;385;386;387;388;393;396;400;401;405;407;410;411;414;415;416;418;419;421;422;424;425;428;429;432;434;437;440;443;445;446;447;448;456;457;459;461;462;463;466;468;476;478;480;482;484;486;489;491;495;499;500;502;507;509;510;511;512;513;516;517;518;521;522;523;524;526;528;529;530;534;538;539;543;544;545;546;550;551;553;556;558;559;560;565;567;568;570;576;577;579;580;582;584;585;586;589;590;592;593;595;596;599;600;603;604;605;606;611;612;613;619;622;623;624;628;629;630;632;633;634;640;642;643;645;647;649;650;652;653;654;655;656;657;658;660;661;664;665;667;673;675;678;679;684;685;686;687;688;689;690;692;695;696;698;699;704;705;707;708;710;711;714;716;720;721;724;726;727;728;729;734;735;742;744;749;751;752;754;755;756;758;764;765;766;769;770;772;775;777;780;782;785;786;787;788;792;795;796;797;798;800;801;804;807;810;814;816;818;819;820;827;829;832;833;836;838;839;842;843;845;849;850;851;857;858;862;863;865;866;868;869;871;874;875;876;877;880;886;888;889;891;892;895;897;899;900;902;903;905;906;911;912;913;915;916;918;919;923;924;925;927;928;930;932;936;938;942;943;944;948;950;951;953;954;959;960;961;964;965;970;971;974;976;978;979;980;982;984;985;987;988;991;992;993;997;999;1000
171;1;2;3;4;5;6;7;11;12;13;18;19;21;22;23;24;25;26;28;30;34;37;38;39;42;43;45;46;47;50;51;53;54;55;61;63;64;65;69;70;71;72;73;74;75;76;78;80;81;82;85;89;90;95;96;97;98;99;100;104;106;107;108;109;112;113;114;116;117;118;119;121;123;127;131;134;137;138;141;142;143;144;145;146;148;149;150;153;154;156;161;162;163;164;166;167;169;170;172;173;178;179;184;185;189;190;193;197;202;205;207;208;210;213;214;215;220;224;225;226;228;229;230;233;236;238;240;243;245;247;251;253;255;257;258;259;262;264;265;266;267;268;270;271;275;276;277;278;279;286;290;291;294;302;308;311;312;313;314;316;317;318;319;320;322;323;324;325;327;328;329;330;331;340;342;344;347;348;350;351;354;356;357;360;362;363;364;365;366;368;369;371;373;374;377;380;381;382;384;387;388;390;391;393;394;395;396;397;398;399;400;402;404;406;407;409;411;413;416;420;421;422;423;424;425;427;429;430;433;435;436;438;441;443;444;445;447;448;451;454;457;458;459;461;462;463;464;465;466;469;470;471;474;475;477;480;481;482;483;484;485;487;488;490;491;492;494;496;498;501;502;504;505;506;509;510;513;514;515;517;518;519;520;523;527;530;532;537;538;539;542;546;547;549;550;551;555;557;559;564;567;571;577;579;581;582;583;586;589;590;592;596;597;598;600;601;602;608;609;613;614;618;619;625;627;631;633;635;636;638;639;640;644;645;646;647;649;650;652;654;657;658;660;661;662;663;667;668;673;675;676;678;683;684;687;688;689;690;691;693;694;696;699;700;701;702;708;710;711;712;714;720;721;722;723;724;726;727;728;729;731;734;739;742;744;745;747;748;749;752;754;757;763;764;765;769;771;772;773;775;779;780;782;783;786;788;790;791;794;799;801;804;805;806;807;808;809;811;812;813;814;816;820;827;828;829;836;838;841;842;844;845;847;849;850;851;855;860;862;863;864;865;866;867;869;872;874;878;881;883;885;887;888;890;894;896;897;898;901;902;904;906;907;908;911;913;914;915;916;917;919;925;926;927;928;930;931;932;933;934;936;939;945;946;948;949;951;952;953;954;955;956;957;959;962;963;966;968;969;970;971;974;975;977;978;979;980;981;982;983;985;987;988;993;994;997;998;999
172;1;2;6;9;10;11;13;20;21;22;23;24;27;29;31;36;43;44;45;47;50;53;54;57;58;59;61;62;63;66;67;69;72;73;74;75;76;77;81;84;88;91;92;93;94;95;96;97;100;102;104;105;107;108;109;113;115;116;118;119;120;121;126;128;129;131;133;134;135;137;139;142;146;148;149;150;154;163;164;166;167;168;169;170;171;173;174;180;181;182;183;184;185;192;194;195;198;199;200;201;204;205;206;208;209;210;211;213;214;216;218;219;220;224;226;229;230;231;232;235;240;241;245;248;251;252;253;254;255;256;257;258;259;260;262;266;268;269;276;278;279;282;284;285;286;290;292;294;299;300;301;309;311;312;314;315;318;319;320;321;322;323;325;326;327;329;330;331;338;339;340;344;347;348;349;350;351;352;353;355;356;357;358;359;360;361;363;364;365;367;368;369;370;372;376;378;380;381;382;383;385;387;388;389;390;391;393;395;396;397;398;399;400;401;405;406;407;410;413;415;416;420;421;424;425;426;427;429;430;431;433;437;438;442;446;447;449;453;454;456;457;458;459;460;461;465;466;467;468;470;471;473;474;476;477;478;479;480;481;482;483;484;487;488;489;492;493;495;496;498;499;500;505;507;511;513;515;516;517;518;520;523;526;527;528;529;530;531;532;533;534;536;539;540;541;542;543;544;547;549;553;558;559;560;561;563;565;566;567;568;569;572;573;574;576;577;580;585;586;588;589;590;591;592;593;597;601;603;604;605;608;609;610;611;613;614;615;616;617;619;621;624;626;629;630;631;635;637;641;642;644;647;648;649;651;652;656;657;660;663;667;668;670;672;675;677;680;681;682;683;685;686;688;693;694;701;702;703;704;705;710;714;716;717;720;725;726;731;732;733;737;739;742;749;750;753;754;757;760;761;765;766;775;777;778;781;784;785;786;787;788;789;793;796;798;800;802;804;809;811;812;813;820;821;822;829;831;836;838;839;840;843;844;849;850;853;855;856;858;860;861;863;864;869;872;875;877;878;880;881;883;884;887;888;889;891;893;894;895;896;897;898;899;900;901;905;907;908;912;913;914;915;917;920;924;926;927;928;929;931;933;935;936;938;939;942;944;945;947;948;951;952;956;961;964;970;973;975;980;982;984;985;986;988;989;990;991;993;997;998
173;2;3;4;8;9;12;13;14;20;22;23;24;26;27;29;36;37;38;40;42;45;48;49;50;53;54;55;57;60;61;63;64;67;69;72;73;78;80;82;83;85;87;90;91;92;94;95;97;98;102;103;107;110;112;114;115;116;118;120;121;122;123;124;125;127;129;130;131;133;134;135;136;138;140;141;144;146;147;149;150;152;153;157;158;160;161;162;163;171;172;174;175;176;177;179;181;184;188;193;195;200;201;207;211;213;214;215;216;218;221;226;227;228;229;230;231;241;242;244;245;247;249;250;251;253;254;255;256;258;259;262;263;265;267;268;270;271;273;275;276;277;278;279;280;281;284;285;286;287;289;290;291;292;293;296;300;301;303;304;306;309;312;313;316;317;318;319;325;327;330;331;334;337;339;340;341;342;346;347;348;352;355;359;362;363;364;365;367;370;371;373;374;375;376;377;379;384;386;387;388;389;391;392;393;395;396;397;398;404;406;408;411;413;415;416;417;418;421;422;426;427;429;431;432;433;434;438;440;443;447;450;452;453;455;456;457;460;461;462;463;465;467;469;471;473;475;476;477;478;479;480;481;484;485;487;488;494;496;497;499;500;501;502;505;507;510;512;514;516;523;524;525;526;528;530;531;535;537;540;542;543;544;545;549;550;551;556;558;559;564;565;567;571;573;575;576;577;579;580;583;586;590;591;592;593;595;597;598;600;601;604;607;608;610;613;615;617;618;620;621;622;623;624;628;631;634;635;640;641;642;643;647;649;650;651;652;654;655;656;657;659;660;661;662;663;664;665;666;669;676;677;679;681;685;686;687;689;690;691;692;693;694;695;703;705;706;709;711;712;713;717;718;721;729;733;739;742;744;745;746;749;750;751;753;754;755;756;757;758;759;760;761;762;763;764;766;767;768;769;772;775;777;779;781;783;785;786;788;789;793;794;795;796;798;800;801;804;805;807;808;809;811;812;816;817;819;821;822;824;829;830;832;833;835;836;841;842;845;849;852;853;854;855;856;857;861;863;866;871;874;875;876;877;878;883;884;885;886;887;890;894;896;899;902;903;904;912;913;917;919;921;922;923;926;929;930;932;936;938;940;945;948;951;958;960;961;965;966;968;969;970;972;975;976;978;979;982;983;985;987;988;990;992;993;995
174;7;9;10;11;12;13;14;15;18;21;22;23;26;28;29;30;31;32;33;34;39;45;47;48;50;51;53;55;57;59;61;65;68;69;71;73;74;79;83;84;85;87;89;91;92;93;95;96;101;102;106;107;111;113;114;115;117;121;122;125;128;129;130;135;136;137;139;143;146;149;150;152;153;157;158;160;161;162;163;164;168;172;173;176;177;178;180;181;183;184;187;188;192;193;194;195;197;200;205;207;209;210;213;214;218;221;224;225;226;228;230;231;233;234;235;238;239;243;244;246;247;251;252;253;254;262;271;273;274;277;281;287;288;290;291;296;297;299;302;303;305;306;311;319;321;322;324;325;331;332;336;337;338;340;341;345;346;349;354;356;358;360;361;363;364;368;373;376;378;380;386;387;390;391;393;396;398;400;401;403;405;406;408;409;410;412;413;414;415;421;422;424;425;428;429;430;435;439;443;444;445;446;449;451;452;454;455;459;463;466;467;470;471;477;478;480;481;485;486;489;493;497;498;499;500;501;504;508;509;511;512;516;518;519;520;522;525;526;529;530;532;536;541;545;550;551;554;555;561;569;570;571;572;574;576;578;584;586;589;590;592;593;594;595;598;599;602;603;608;609;612;613;615;616;619;621;626;627;629;630;633;634;635;640;642;644;647;649;650;652;655;664;665;667;671;672;674;676;677;681;682;683;686;688;689;690;693;694;695;696;697;701;703;705;707;710;712;713;714;717;719;722;723;724;725;726;727;728;729;736;737;738;741;742;745;747;748;749;751;752;756;757;758;759;761;762;764;765;766;767;773;775;780;782;784;785;788;789;790;791;792;795;796;797;799;803;804;809;810;811;813;814;816;821;822;823;824;825;828;832;836;840;841;842;843;844;849;850;853;854;855;856;857;858;862;865;866;870;872;873;874;876;878;879;880;881;882;883;885;886;888;889;892;893;894;895;896;899;900;903;904;905;908;909;910;911;914;915;916;917;920;923;926;928;929;932;935;936;938;939;941;942;943;944;945;947;951;952;954;956;960;961;962;964;967;972;973;974;975;976;979;980;981;982;985;986;988;990;991;993;994;995;996;1000
175;2;5;8;12;13;15;16;17;18;19;20;22;23;25;27;29;30;33;38;44;46;48;50;51;57;58;59;61;66;70;71;75;77;78;79;81;83;87;89;92;93;95;96;98;99;100;101;102;105;106;113;116;118;119;120;124;125;126;136;137;139;140;141;142;143;144;145;146;147;153;154;160;162;165;166;167;173;176;177;179;180;182;187;189;190;191;192;193;194;195;196;198;203;204;205;206;207;210;211;213;214;215;216;221;222;226;227;228;229;237;238;239;241;242;243;245;246;251;254;255;256;259;260;261;264;265;266;267;268;269;271;273;275;277;286;288;290;291;295;297;303;304;305;306;308;309;310;313;316;317;318;319;322;324;327;328;329;330;335;336;337;338;342;345;351;352;353;355;356;357;365;371;372;374;375;376;379;380;383;384;385;386;387;389;390;391;392;393;395;396;397;398;399;402;403;404;405;410;412;414;415;417;421;422;423;424;425;426;427;428;429;430;432;433;434;435;436;441;442;445;448;449;450;453;455;457;458;460;461;463;464;466;470;472;473;478;480;484;485;486;487;490;494;496;497;498;500;501;502;508;509;511;513;514;515;517;519;522;523;524;527;530;531;533;535;536;537;538;543;546;547;548;549;550;551;552;553;556;559;560;562;563;565;569;571;572;573;574;577;584;591;592;593;595;596;597;600;601;603;604;605;607;608;610;611;613;622;623;627;633;636;637;639;643;644;645;648;651;652;653;654;656;657;658;661;662;663;666;669;671;672;673;675;677;679;680;681;682;683;684;685;686;690;692;693;696;697;699;703;705;706;707;708;709;714;720;723;725;727;728;731;734;735;736;737;744;745;746;748;749;750;752;754;756;758;760;761;763;764;770;773;775;776;778;780;782;784;785;786;787;790;791;792;794;795;796;797;798;800;801;802;807;808;812;815;818;819;822;823;824;825;826;832;833;838;842;843;847;848;850;855;856;860;861;862;863;865;866;868;869;872;873;877;880;881;882;884;886;887;888;890;891;893;895;897;898;900;906;908;910;911;912;915;916;917;920;921;922;924;925;927;929;930;931;932;935;936;938;942;943;945;947;948;951;953;964;965;966;967;968;970;971;972;973;974;977;980;983;984;985;986;987;989;993;994;995;996;999
176;2;3;4;5;6;8;12;13;14;16;17;19;20;22;23;25;26;27;28;30;31;32;34;35;37;39;43;45;46;48;49;50;52;55;56;58;59;63;65;66;67;68;69;70;73;75;76;77;78;83;87;89;93;94;97;98;100;101;105;109;110;111;112;113;118;119;121;125;134;137;140;141;144;145;154;155;156;157;158;159;160;161;164;167;168;169;173;174;175;177;179;182;187;191;192;195;196;198;199;200;201;203;204;205;209;210;212;214;216;218;219;222;226;230;233;235;236;237;238;239;240;242;243;244;246;250;251;252;253;254;255;257;258;259;260;261;263;265;266;267;268;269;270;273;274;275;276;277;279;280;283;287;288;290;291;292;295;297;301;305;308;309;311;314;321;327;329;330;332;333;336;337;339;340;341;342;344;345;346;347;348;351;354;356;358;363;367;369;370;371;373;374;380;383;384;385;389;397;398;399;402;404;406;407;408;411;413;416;419;421;422;423;429;430;433;434;436;438;440;442;444;446;449;451;452;453;455;456;457;458;459;464;465;466;468;470;471;473;474;476;479;488;489;490;491;493;494;496;497;499;500;501;505;510;511;512;514;515;516;517;518;519;520;522;523;527;528;529;532;533;537;538;539;541;543;546;553;554;555;557;558;559;560;561;565;566;568;569;570;571;572;574;576;585;586;587;590;591;592;593;596;601;602;603;605;606;609;610;611;612;614;615;616;617;618;620;622;623;624;625;628;629;631;634;635;637;638;639;642;643;644;646;648;649;653;654;655;659;660;661;669;672;673;675;677;680;683;689;690;693;698;701;702;703;708;713;714;715;720;721;722;723;724;727;728;729;730;731;736;739;740;746;747;748;750;751;754;757;760;767;769;770;771;772;775;777;778;779;781;782;783;784;785;788;792;793;794;796;797;798;799;801;802;805;808;811;814;815;816;821;822;823;825;826;832;833;834;835;837;838;839;842;843;845;846;848;850;863;865;868;871;875;877;878;879;880;882;883;884;887;891;893;895;900;908;909;913;915;917;918;919;920;921;923;924;925;926;927;928;930;931;932;933;934;935;937;939;940;941;946;949;950;951;953;955;960;961;963;964;968;969;971;972;974;976;977;978;981;982;983;985;988;989;990;992;993;994;996;998;999
177;1;2;5;8;11;12;15;18;21;24;25;26;27;28;29;30;32;34;36;39;49;50;52;53;54;58;59;62;65;67;72;73;74;77;79;81;82;83;85;86;88;89;90;92;93;94;95;96;97;98;99;101;102;104;106;108;111;113;114;115;119;122;123;124;126;127;129;130;131;133;134;136;138;140;141;142;143;144;149;150;151;161;163;167;168;170;173;174;175;176;179;184;185;186;187;188;196;197;198;200;201;202;204;205;206;208;209;215;218;219;227;230;231;232;233;237;238;239;240;241;242;245;248;249;251;254;259;260;262;263;264;265;266;270;273;278;281;282;284;285;286;287;288;289;292;293;294;297;300;301;303;305;306;307;308;313;314;315;316;319;320;322;324;325;329;331;333;334;335;336;339;340;348;349;352;356;357;358;360;362;363;365;367;368;369;371;373;374;375;377;379;380;381;385;386;387;388;389;394;395;396;398;399;400;401;402;403;404;405;410;412;415;417;418;419;421;422;425;427;431;437;439;440;444;446;447;448;452;454;457;460;461;462;463;464;467;468;471;472;475;478;479;480;483;485;487;489;490;491;492;494;495;501;504;505;506;509;510;511;513;517;519;520;522;523;526;528;529;535;540;542;549;553;554;558;559;561;562;565;567;570;571;572;577;580;581;583;584;585;587;591;593;594;595;596;600;608;609;610;611;612;613;614;615;616;618;624;626;629;630;631;633;634;635;636;637;639;641;642;646;647;648;650;652;653;654;655;658;659;660;661;662;663;669;670;671;672;673;677;678;681;682;683;684;685;687;690;692;694;696;697;698;701;711;713;715;718;723;727;728;732;733;741;742;743;744;746;748;750;753;754;758;760;762;764;767;768;772;774;775;779;780;781;783;785;786;787;788;789;793;794;797;800;802;804;806;807;808;809;810;812;814;815;819;821;823;824;825;826;827;832;833;836;840;842;843;844;846;848;849;851;858;859;862;863;864;867;871;872;873;876;878;880;881;883;887;894;895;896;897;899;902;903;905;906;907;908;909;910;911;913;914;916;917;921;922;923;924;925;929;930;931;936;940;941;942;943;944;945;946;947;949;951;952;954;955;956;957;958;961;962;963;967;970;971;972;973;975;976;977;979;984;985;988;991;992;993;994;995;996;997;999;1000
178;7;8;11;12;13;15;16;19;22;33;34;35;38;40;41;43;46;48;49;52;54;57;60;61;62;68;70;72;73;75;80;81;83;86;89;90;91;93;95;96;97;98;99;101;105;108;117;118;119;121;122;123;124;126;129;131;133;135;139;140;141;142;143;144;146;150;151;152;155;156;157;160;162;163;171;174;179;180;181;182;183;187;188;190;193;196;197;199;200;201;202;203;205;210;213;215;217;218;220;223;224;225;226;227;229;230;240;241;242;243;245;246;249;251;253;255;259;262;267;268;269;270;271;273;274;275;279;282;283;289;291;292;293;301;302;303;304;306;311;315;316;317;318;322;326;328;329;330;334;338;341;342;345;346;347;349;352;353;355;356;359;363;365;366;367;368;370;371;372;374;375;380;381;382;385;386;387;394;395;396;400;403;404;405;406;409;410;413;414;415;416;418;420;423;424;427;429;430;432;433;434;435;436;437;441;442;445;447;455;459;460;462;464;465;466;467;468;470;472;473;475;477;478;483;484;485;488;491;494;495;497;498;499;501;503;504;505;506;509;510;511;512;514;517;519;520;521;524;527;529;530;531;532;533;535;537;541;543;544;547;548;549;551;552;554;556;558;560;564;567;568;572;573;577;582;583;584;587;589;590;591;593;595;597;598;600;601;602;603;604;606;607;613;616;618;619;620;622;624;626;627;628;629;631;633;634;635;636;637;638;643;646;649;652;654;655;657;661;663;665;666;667;670;671;672;674;676;679;681;683;684;685;686;687;688;689;690;691;692;694;698;701;702;704;706;707;708;709;710;712;714;716;717;718;725;726;727;728;731;732;733;737;739;740;741;744;745;746;747;752;753;755;757;758;760;761;762;764;765;766;767;771;776;777;779;780;784;785;788;789;791;792;794;795;796;797;798;799;800;802;806;810;811;815;819;820;821;822;823;824;828;830;833;834;835;836;838;839;844;845;851;852;854;855;856;857;861;862;864;866;868;870;873;875;877;878;879;880;883;885;887;889;892;893;894;896;899;901;906;908;909;910;912;917;918;919;920;923;924;926;932;933;934;935;936;937;940;943;944;946;947;950;952;953;954;956;957;958;959;963;965;967;969;971;972;976;979;980;981;984;985;988;991;994;996;997
179;1;3;5;6;7;8;9;10;12;14;15;18;21;22;23;24;25;26;31;34;36;37;39;40;41;46;51;52;53;54;56;58;60;62;63;64;67;71;80;84;85;86;87;88;89;95;98;103;105;106;109;114;118;121;122;129;130;131;137;140;141;144;145;148;149;151;153;154;155;158;160;161;162;164;165;168;170;171;173;175;176;177;178;181;185;189;190;192;194;195;201;203;205;206;214;215;217;221;222;224;226;227;228;229;233;235;237;239;241;242;243;244;246;247;249;251;253;254;255;256;259;260;261;265;267;268;269;270;271;273;274;275;276;277;279;280;283;285;286;287;288;289;296;297;300;301;302;304;305;307;310;312;313;314;316;318;321;326;327;329;333;335;336;341;342;343;344;347;348;349;350;352;353;356;358;359;360;361;364;372;379;380;382;384;386;387;388;389;390;391;392;396;398;400;402;403;404;405;408;409;410;412;413;414;415;416;417;419;420;421;422;423;424;425;427;429;433;435;437;439;441;443;445;446;453;455;456;458;459;460;461;462;465;468;469;470;474;475;476;477;480;483;484;488;489;490;494;497;498;499;500;501;502;505;507;510;511;519;522;527;530;531;533;534;535;536;538;539;541;545;546;549;552;553;555;558;561;564;565;566;573;576;578;583;585;586;587;588;590;593;594;596;598;600;601;602;604;605;608;609;616;617;618;620;633;635;636;637;638;639;641;643;644;647;648;650;652;653;654;656;657;660;663;664;667;672;674;678;680;682;683;685;695;696;700;701;704;705;708;710;711;712;714;718;730;732;733;736;737;738;740;743;750;751;752;753;757;758;759;760;764;766;768;769;770;771;772;776;778;779;785;787;789;790;791;792;793;796;797;798;799;800;805;806;807;811;812;814;815;818;819;821;825;830;836;838;840;842;844;845;847;848;849;850;852;853;856;857;859;862;865;866;868;870;871;873;875;877;878;880;881;884;885;891;892;893;894;895;896;899;903;904;905;909;910;911;915;917;918;919;921;926;927;929;930;931;935;942;943;944;949;951;953;956;958;959;961;963;964;967;969;970;972;977;979;980;981;984;986;987;991;995;996;999;1000
180;2;3;4;6;8;10;11;13;16;17;19;20;21;23;26;29;30;31;33;38;42;43;44;45;47;48;49;50;51;56;57;58;59;60;61;63;67;71;75;77;81;83;85;86;87;88;89;91;92;94;95;98;99;100;101;108;111;112;114;116;124;125;128;131;133;135;137;139;140;144;146;147;149;152;154;157;159;160;162;163;164;165;167;172;174;175;178;182;185;188;189;191;192;193;194;195;199;200;201;203;205;207;211;213;214;215;219;221;222;224;225;228;232;235;236;237;239;241;244;245;246;248;249;250;251;252;253;256;257;259;261;265;267;278;279;284;285;286;288;292;293;295;298;299;301;303;304;305;306;308;309;310;311;315;316;318;319;320;321;322;323;324;328;332;336;337;338;340;342;344;346;348;350;351;352;353;354;355;356;357;358;360;361;363;368;370;371;372;373;374;375;377;383;385;386;387;394;395;397;398;399;402;403;405;406;407;411;412;413;416;418;421;423;424;425;427;429;431;434;437;438;440;441;443;445;446;448;449;450;455;456;457;458;459;460;461;462;463;467;468;470;471;472;475;476;477;478;480;481;482;483;485;486;491;493;494;496;503;506;509;511;513;515;516;522;526;527;528;529;531;532;533;537;538;539;540;541;544;547;548;550;552;553;557;558;560;564;568;570;571;572;573;575;576;577;578;582;584;587;588;589;590;591;593;597;599;600;605;606;607;608;609;612;615;616;619;620;623;624;625;630;632;634;635;636;637;638;639;640;641;642;643;644;645;646;647;649;659;665;667;668;670;672;673;675;676;680;682;683;684;685;686;687;688;689;692;693;694;699;700;704;709;710;711;712;714;715;717;720;722;724;729;732;733;734;737;738;739;740;747;748;750;756;757;758;759;760;762;763;767;769;770;771;775;776;778;781;783;786;789;790;791;792;794;796;799;801;802;803;804;806;807;810;812;813;814;817;818;819;821;823;826;827;832;833;835;836;837;838;841;842;846;849;850;852;854;855;857;858;859;860;861;865;869;870;871;873;876;877;880;881;882;883;885;886;887;895;897;899;900;901;903;905;909;910;911;913;915;916;918;920;921;922;923;924;925;926;927;929;933;938;939;943;944;947;948;949;952;954;955;956;958;960;961;962;963;965;967;969;970;971;975;977;979;982;984;986;987;988;990;992;996;997;998;999
181;1;4;5;8;9;14;15;18;19;20;21;23;26;27;28;31;33;38;43;47;49;53;59;60;61;62;63;64;68;71;73;74;77;78;79;83;84;85;87;88;93;94;95;99;100;101;105;108;110;111;120;122;123;129;130;131;132;136;137;141;147;148;149;150;151;152;154;155;157;159;164;165;168;172;173;174;178;179;182;183;188;190;191;192;193;194;195;198;199;201;203;204;205;206;207;210;213;215;216;217;218;221;222;224;226;227;228;230;232;234;236;237;238;239;243;244;245;246;248;251;252;253;254;261;262;264;268;270;271;272;273;274;277;278;280;281;282;283;285;286;287;288;289;290;295;296;298;299;300;301;302;303;304;305;306;307;311;312;313;315;317;318;319;320;322;325;326;327;328;331;333;334;335;338;339;340;344;345;348;351;352;353;354;358;359;363;364;365;367;369;370;371;372;383;387;388;389;391;392;394;398;403;404;406;409;412;413;414;415;420;422;427;428;433;436;439;441;442;443;445;447;448;450;451;452;453;456;458;459;461;462;464;469;471;472;473;476;478;479;480;484;485;487;488;489;490;492;496;498;500;504;508;510;513;515;518;522;524;525;528;529;530;532;536;537;538;539;540;541;542;548;551;554;556;557;559;561;563;565;568;573;575;582;583;584;586;588;591;592;595;597;599;601;603;604;607;608;609;612;613;618;620;622;623;629;630;634;635;636;637;638;639;640;641;643;644;645;647;648;650;651;654;657;659;668;672;673;677;679;680;681;682;683;688;689;690;691;692;693;694;695;698;699;701;702;704;705;706;709;711;714;720;721;723;724;727;731;732;733;734;737;740;741;742;743;744;745;747;748;749;752;753;754;757;758;759;766;767;772;778;782;785;787;791;793;794;795;796;797;800;801;802;803;809;816;817;818;819;821;822;823;824;826;831;832;833;835;841;845;848;851;852;853;854;856;858;860;862;863;864;867;869;870;871;872;877;880;881;882;884;886;887;888;889;892;894;895;897;899;901;902;903;904;905;907;908;916;917;918;919;920;921;922;924;926;927;930;931;932;933;934;935;940;941;942;944;947;948;950;952;953;955;956;958;961;962;963;964;965;966;967;969;970;971;972;974;975;976;977;979;982;985;988;989;992;994;995;997;1000
182;1;2;4;5;6;7;8;10;11;14;15;16;17;18;19;20;23;24;27;28;30;31;32;33;34;36;37;38;39;41;43;46;49;50;51;55;57;59;60;61;65;66;67;68;69;70;71;72;73;74;77;78;79;80;83;85;86;88;91;92;93;94;95;96;97;99;100;101;103;107;108;111;112;113;114;118;119;120;121;123;125;129;130;131;132;136;137;139;143;149;151;152;157;158;160;161;163;164;165;169;170;172;175;176;178;180;181;185;186;188;190;191;193;194;195;196;197;198;199;201;202;207;209;212;214;218;219;224;230;231;232;235;238;241;242;243;245;247;248;252;253;258;259;260;261;262;268;269;270;271;278;283;289;290;291;292;293;294;295;296;298;303;304;310;311;315;316;317;321;322;329;331;334;337;338;339;341;342;345;348;349;350;353;355;357;358;361;363;364;365;368;370;371;372;373;374;375;380;381;382;383;384;385;386;389;390;396;397;398;400;401;403;404;405;407;411;412;414;416;418;420;423;426;427;429;430;433;436;437;441;442;443;447;450;451;452;453;457;461;464;467;468;469;471;474;475;478;479;480;481;484;489;490;492;493;499;501;504;507;508;510;511;514;516;517;520;522;523;524;525;526;527;530;531;533;535;539;544;545;547;548;550;551;552;553;557;563;566;567;568;570;571;573;574;576;577;585;586;587;588;591;595;596;597;598;599;600;602;603;608;611;614;615;618;619;620;622;625;626;627;628;634;638;640;641;642;647;648;649;650;655;657;658;660;662;665;666;671;672;674;676;677;678;679;681;682;683;684;685;686;687;690;691;692;693;695;698;700;701;704;708;709;710;713;717;719;723;724;725;727;728;729;730;731;732;734;736;738;739;742;749;750;751;757;762;764;765;766;767;768;769;770;771;773;776;778;783;784;785;788;789;790;792;793;794;795;800;801;802;806;807;809;810;812;813;814;816;818;819;820;822;823;824;825;826;827;828;831;835;836;837;839;840;841;845;848;849;853;857;860;862;865;866;867;868;869;870;871;873;876;877;878;880;882;883;887;892;893;896;897;899;900;901;903;904;905;906;908;909;910;913;917;919;920;921;924;925;926;930;932;933;935;936;939;941;943;947;949;950;951;952;953;954;956;958;960;964;965;968;969;970;971;972;973;978;980;981;982;991;992;995;997;998;1000
183;2;8;9;10;11;13;16;17;19;22;23;24;25;26;29;30;32;33;37;40;41;42;43;44;47;48;50;52;54;55;57;58;59;62;67;68;69;72;73;75;79;80;81;82;85;88;89;91;93;96;99;101;103;104;105;106;107;108;110;112;114;116;117;118;125;127;128;129;130;131;135;138;139;140;141;147;148;149;151;154;155;158;160;161;165;166;167;169;172;174;178;181;184;185;186;190;192;193;194;197;199;202;203;207;208;209;211;214;216;218;219;222;223;224;225;228;230;231;233;234;236;239;240;242;244;245;247;248;250;251;255;257;259;260;261;263;266;269;270;273;275;278;279;283;285;289;292;293;294;295;296;299;300;302;303;305;307;308;311;312;313;314;315;317;321;322;331;332;333;337;338;340;341;342;343;346;348;353;355;356;357;360;366;369;372;373;374;377;378;379;380;381;383;386;387;388;391;393;394;398;399;402;404;406;408;412;413;416;423;426;428;431;432;433;434;439;443;445;446;449;450;452;455;457;458;463;464;465;466;467;468;469;470;476;478;479;481;482;485;486;487;488;489;491;493;495;497;500;502;504;505;506;507;508;509;512;514;515;520;521;522;525;526;527;528;529;530;532;534;535;539;540;542;551;553;554;560;563;565;566;567;568;569;570;574;576;577;579;580;581;582;583;585;586;589;591;592;593;594;595;596;598;601;605;606;609;611;615;616;617;621;622;624;625;626;629;630;632;634;635;636;638;642;643;644;645;646;647;648;655;662;663;668;669;671;672;675;676;677;679;680;681;682;683;684;686;688;689;690;693;694;695;697;700;701;702;703;705;707;710;715;717;721;723;725;727;728;730;731;734;736;739;741;743;745;749;750;752;753;754;756;758;759;763;766;769;773;774;776;777;779;780;784;785;788;789;790;794;795;796;799;800;801;802;809;810;813;815;817;818;819;821;822;823;824;826;827;830;831;832;835;839;843;844;850;853;854;857;858;860;861;862;863;865;869;871;873;875;877;881;883;886;887;888;891;892;893;895;896;898;899;900;902;905;906;912;917;920;921;922;923;927;929;930;931;932;934;935;936;939;940;944;946;947;948;952;953;954;955;956;957;959;963;964;965;972;973;974;975;980;982;983;987;989;992;995;996;997
184;1;2;3;4;5;10;13;14;15;16;20;23;24;25;27;30;32;33;34;36;37;38;39;43;46;53;54;55;58;61;64;67;68;69;80;83;84;85;87;88;92;96;98;99;100;103;104;107;108;109;112;113;115;116;119;121;123;124;126;130;133;136;139;142;145;146;148;152;153;154;158;162;165;170;171;172;173;174;177;183;185;186;189;191;194;195;196;198;199;200;202;203;205;206;208;209;210;218;219;221;222;223;224;227;230;234;235;236;237;239;241;243;250;251;252;254;258;261;263;266;268;270;271;272;274;278;280;282;283;285;288;292;293;294;295;300;304;305;306;309;310;311;313;314;315;319;322;324;328;329;332;333;334;335;336;337;342;343;344;345;346;348;350;351;353;354;355;356;357;360;362;364;368;369;370;376;379;380;383;390;392;393;396;398;399;402;403;405;412;413;414;415;417;423;425;426;427;429;430;433;434;437;438;439;444;446;447;449;450;451;452;453;455;456;457;459;460;461;467;468;474;475;476;477;478;479;480;481;482;485;488;490;491;495;496;498;501;502;503;504;505;507;508;509;510;513;514;516;518;520;523;525;527;530;534;537;539;541;542;545;546;548;549;550;551;553;556;557;558;559;563;565;567;571;572;576;577;578;579;581;583;584;585;586;587;588;589;590;593;594;595;597;600;601;602;603;606;607;608;610;611;612;614;615;621;622;623;624;625;627;631;632;635;636;637;640;642;643;645;647;651;652;653;656;658;659;662;667;668;669;670;671;673;675;677;678;679;683;685;686;687;688;689;690;692;693;695;699;700;702;704;707;710;712;714;715;716;718;719;720;722;723;724;725;726;730;732;733;734;736;737;741;744;745;750;752;753;754;755;757;758;760;762;763;764;765;767;771;774;775;778;779;782;784;785;786;787;788;790;794;801;802;804;805;808;810;812;816;817;818;819;820;821;822;825;826;827;830;833;837;844;847;849;851;852;854;856;857;860;862;863;864;867;870;871;873;874;876;877;882;883;888;892;893;896;897;899;902;904;906;907;909;918;922;923;924;929;933;934;936;937;942;944;949;956;957;958;960;963;964;965;966;968;970;973;975;979;980;983;984;990;992;994;995;997;1000
185;1;2;3;4;6;9;10;12;14;17;18;22;25;28;30;34;35;36;39;40;41;43;44;47;48;55;56;57;60;63;64;67;74;75;76;77;78;82;84;87;90;91;94;97;98;99;100;101;103;104;106;107;108;109;113;119;121;123;126;127;128;131;135;136;137;138;141;144;149;150;151;153;156;160;161;162;164;171;172;177;179;180;182;183;184;189;190;191;192;193;194;196;197;198;203;204;205;206;208;209;210;213;214;215;218;219;220;221;223;227;231;232;234;235;236;238;240;244;245;251;255;257;258;261;265;267;269;270;275;276;277;278;281;283;285;287;288;289;292;293;295;296;298;300;301;303;305;308;312;313;320;321;322;323;324;325;326;327;329;330;331;332;333;334;335;336;338;339;340;341;343;344;345;347;349;350;351;353;354;356;358;360;364;367;368;370;371;373;376;379;380;385;387;393;397;400;401;402;404;405;407;412;414;418;419;423;425;429;430;431;433;435;437;439;440;441;443;448;449;451;452;453;454;455;458;460;464;465;472;473;476;477;483;484;485;486;487;488;494;495;497;498;500;504;505;506;509;511;512;513;516;517;518;520;521;523;525;529;530;534;536;537;538;539;540;541;542;543;544;545;549;553;555;559;561;562;567;568;574;575;578;579;583;584;588;590;595;596;597;599;603;608;609;610;611;619;620;622;626;627;629;631;632;636;638;641;643;644;645;646;647;648;649;650;651;652;654;657;659;660;661;663;665;666;667;669;670;671;675;677;678;679;684;686;687;689;690;692;698;700;702;703;705;708;712;713;715;716;717;722;723;725;727;728;730;733;736;737;738;740;742;746;749;752;755;757;761;763;765;767;770;771;774;777;779;782;788;789;790;791;792;795;798;799;800;808;809;811;814;818;820;822;826;830;831;834;835;837;838;840;841;842;844;845;849;853;855;857;858;860;863;865;867;872;873;874;875;877;878;879;881;883;888;890;891;892;893;894;895;896;897;898;899;901;902;906;907;909;911;916;917;918;921;930;931;933;934;935;936;937;938;942;944;945;947;948;950;951;955;956;959;960;963;966;967;970;971;972;973;974;975;976;977;978;980;982;983;985;991;992;993;999;1000
186;3;4;7;9;11;15;17;18;19;20;21;23;26;27;28;29;30;36;37;39;41;42;43;48;53;54;55;56;57;58;59;63;68;70;71;72;74;75;76;77;79;83;84;87;89;91;93;95;97;99;101;102;104;108;109;110;112;117;119;120;121;123;125;126;127;128;129;130;131;132;135;137;141;142;144;145;148;150;151;155;156;157;158;159;160;161;162;163;164;165;170;177;182;183;184;187;188;193;196;197;198;199;201;203;206;209;211;212;217;218;220;221;222;223;225;226;227;228;230;232;234;235;236;237;239;240;242;246;247;248;250;251;252;253;254;255;257;259;261;262;263;264;266;269;270;274;276;277;281;285;286;287;292;294;297;299;300;301;303;304;305;307;308;310;311;312;313;321;322;325;326;329;330;331;334;340;343;345;347;349;352;353;356;357;361;365;366;368;369;370;371;373;376;377;378;380;382;383;390;392;393;394;395;396;397;398;399;400;401;403;405;406;407;412;415;416;417;420;423;431;432;433;436;437;438;439;442;444;449;450;451;453;454;455;458;459;460;461;466;467;468;471;472;474;478;484;485;487;488;489;492;493;496;497;498;499;500;501;502;503;507;510;512;513;514;515;516;518;519;521;525;526;527;528;529;531;534;536;537;538;539;541;544;545;546;549;552;558;559;560;561;563;566;567;568;570;571;574;575;576;577;582;583;584;585;586;587;589;590;592;593;594;596;597;598;599;600;601;605;606;609;613;616;619;621;624;626;628;629;632;633;634;635;640;643;647;649;650;651;653;657;659;661;668;669;673;675;676;677;679;680;681;683;684;685;686;692;693;694;697;699;702;704;708;712;713;714;715;716;720;723;725;726;728;729;730;731;733;734;735;737;739;741;745;748;749;752;753;755;756;757;759;764;765;767;769;771;772;773;774;775;776;777;779;781;783;786;787;791;793;794;800;802;805;806;807;809;810;811;812;813;814;815;816;819;824;826;828;831;832;833;834;835;838;839;840;841;842;843;844;845;846;847;848;850;852;853;856;860;861;862;863;864;865;868;872;874;876;878;881;882;883;886;888;889;891;892;893;894;898;902;903;905;906;907;908;910;914;917;919;920;923;924;926;927;928;929;930;931;936;937;938;942;944;947;948;949;953;956;957;959;962;963;964;966;971;974;975;977;979;980;981;983;984;985;986;987;988;990;993;994;995;996;997;999;1000
187;1;3;6;8;12;13;14;15;16;17;20;23;26;27;32;33;34;40;41;44;45;47;48;59;61;63;69;70;72;73;74;75;76;77;81;84;86;87;89;90;91;92;96;97;98;99;100;101;102;106;108;109;110;112;117;124;125;128;131;132;133;134;135;137;139;140;141;143;144;146;148;149;154;156;157;158;159;161;162;165;166;167;168;169;170;174;175;176;177;178;186;189;192;195;197;198;199;201;209;210;212;216;217;219;221;223;226;227;228;229;231;234;235;236;237;239;240;241;243;245;246;247;248;249;252;253;257;258;264;266;267;268;269;271;272;275;278;279;281;282;283;287;288;289;290;291;292;294;295;296;297;299;300;302;303;305;307;308;311;312;314;316;318;323;325;326;327;328;330;331;333;336;337;338;339;340;345;346;347;354;355;356;357;358;359;364;365;366;370;372;373;374;375;377;378;380;386;389;390;393;394;396;397;399;401;402;403;404;405;407;409;410;412;414;415;418;419;420;425;427;433;434;438;440;441;447;448;449;450;451;452;453;457;460;462;463;466;469;470;474;483;485;486;491;492;493;494;496;499;500;501;503;509;511;512;515;518;520;523;524;526;527;528;529;530;532;538;539;541;542;543;547;549;550;551;552;554;557;559;560;561;562;565;568;569;571;572;574;575;577;579;580;581;584;585;587;589;591;594;596;597;600;602;603;605;606;612;614;615;617;618;621;623;625;627;631;632;636;637;641;642;645;646;647;648;649;650;652;654;655;656;661;662;663;664;666;668;669;670;673;674;675;676;678;682;684;686;687;688;689;690;696;697;698;699;700;701;703;705;707;710;711;712;713;714;717;720;721;722;729;732;733;737;739;741;743;745;752;753;754;755;757;759;760;763;765;768;769;770;773;775;776;777;778;779;781;785;786;787;788;790;793;794;795;798;800;801;802;803;805;806;809;810;811;812;813;817;818;820;823;825;826;828;829;830;833;835;837;838;839;840;841;842;843;847;851;852;854;856;858;860;861;866;868;869;870;873;875;877;884;885;888;889;891;892;893;894;896;898;899;900;903;905;911;912;914;915;917;919;925;926;927;930;931;933;935;939;941;945;946;947;949;950;952;958;963;964;967;968;970;976;985;986;992;995;996;997;998;999;1000
188;1;2;3;5;8;9;11;14;17;18;20;22;23;26;27;28;29;31;33;37;39;40;45;46;47;54;55;57;58;61;63;66;69;70;71;72;74;77;78;79;82;85;86;87;88;89;91;92;93;95;97;98;99;102;106;108;109;116;117;119;120;121;123;125;129;130;131;132;133;136;137;139;142;143;144;145;146;148;149;151;153;160;163;166;173;174;177;178;180;181;182;186;192;193;198;199;200;201;202;203;208;209;210;211;214;215;216;217;218;220;221;222;223;224;226;227;231;233;234;236;239;241;242;245;247;249;252;256;257;258;260;261;262;263;269;270;271;272;273;276;277;278;279;280;281;282;283;286;287;289;294;295;296;300;303;305;306;307;308;310;312;314;319;321;323;325;326;329;332;334;335;338;339;341;343;344;347;348;349;352;353;356;361;363;365;366;367;371;373;378;379;382;384;386;389;391;393;394;396;397;399;400;402;404;405;407;409;412;413;415;417;419;422;424;427;428;429;430;431;432;433;436;442;445;448;449;453;454;455;462;464;465;469;470;472;473;474;475;478;481;483;484;485;486;487;488;490;491;494;496;498;500;501;502;509;512;513;514;515;516;521;523;529;530;531;533;535;539;540;543;545;548;549;551;552;553;556;560;561;562;563;565;567;568;572;574;577;578;580;582;584;586;589;590;591;593;596;598;602;607;608;612;615;618;619;621;625;626;628;629;630;632;642;644;648;649;653;654;655;656;659;663;664;665;666;669;672;673;675;676;677;678;679;680;681;685;693;695;698;700;702;703;705;712;713;716;718;719;720;721;723;724;727;730;732;737;738;742;745;746;747;751;754;755;756;757;758;759;760;761;762;764;765;767;770;772;775;777;778;779;785;787;788;790;791;792;797;798;801;802;805;806;807;809;810;811;814;815;816;817;818;820;823;824;825;826;828;829;830;833;834;835;837;838;839;840;842;846;847;848;849;850;852;853;854;855;856;857;858;859;861;862;864;866;868;869;871;872;874;875;876;879;881;885;886;887;891;893;898;900;901;902;903;904;905;907;908;911;912;914;916;918;921;924;927;928;932;934;936;937;938;944;946;947;952;954;955;957;962;970;972;974;977;978;979;980;983;985;986;987;991;994;996;1000
189;1;2;3;4;6;8;10;11;13;15;18;20;21;22;23;27;28;29;30;31;35;36;40;41;45;46;49;50;52;53;54;55;58;62;63;64;66;70;72;77;78;79;81;83;85;89;90;92;96;97;98;101;102;103;105;109;111;112;116;119;123;124;125;126;129;132;137;138;139;140;141;145;148;149;150;154;155;156;158;160;164;166;169;170;171;175;179;180;184;185;187;191;192;194;197;198;199;200;201;203;204;207;210;212;216;220;223;224;227;228;229;230;232;233;235;238;241;242;244;245;246;249;253;254;255;257;259;260;261;263;264;265;267;269;272;275;278;279;280;282;283;285;287;290;291;298;300;302;303;304;307;309;310;311;314;317;318;319;321;322;323;324;325;327;328;330;331;332;333;334;338;340;343;346;347;351;354;355;356;358;360;361;363;364;366;370;371;376;377;380;382;384;387;390;391;392;393;396;397;398;399;401;402;405;407;408;409;411;415;416;418;419;420;422;424;425;430;436;437;438;439;441;443;444;447;457;458;459;460;462;464;466;467;468;470;472;473;475;479;481;486;489;490;491;492;493;494;495;496;498;500;503;506;507;510;511;512;513;514;519;520;521;523;524;525;528;531;533;538;539;543;548;552;554;558;560;568;570;572;576;577;580;583;588;590;596;601;602;603;604;605;606;607;609;610;611;612;618;619;622;625;626;630;633;635;636;640;642;643;644;645;646;647;649;650;652;653;654;656;658;660;664;665;666;667;669;675;678;681;682;683;684;687;688;689;691;692;693;694;695;696;697;700;701;702;705;706;713;714;717;721;723;724;725;727;730;733;737;743;746;747;751;753;754;755;756;760;762;768;769;775;776;778;779;780;781;786;788;791;797;799;803;805;808;810;813;814;820;821;822;824;825;826;828;830;831;832;833;834;836;837;838;839;841;842;846;848;849;850;854;856;858;861;865;872;873;874;875;876;878;879;881;884;888;889;891;892;893;895;909;912;914;916;919;920;922;923;926;927;928;931;933;936;937;939;941;947;948;951;957;959;960;961;964;965;966;970;973;976;977;978;983;984;986;987;991;996;999
190;2;3;7;9;11;12;19;23;26;28;30;31;32;35;39;40;41;42;44;45;46;48;49;50;51;53;57;58;59;61;63;67;69;70;71;72;73;74;75;78;79;80;81;83;85;86;87;89;93;94;96;98;100;104;106;107;108;111;114;115;116;118;119;122;124;125;128;130;131;137;141;142;144;146;147;148;149;150;152;154;155;156;157;159;160;161;163;164;169;171;175;178;179;181;182;183;185;191;195;197;201;202;205;206;207;208;210;211;212;214;216;217;219;220;221;222;224;226;227;228;229;230;233;234;235;238;239;241;243;248;249;252;256;257;259;260;261;264;267;268;269;270;274;275;277;280;281;282;283;286;287;289;290;291;292;293;296;298;299;302;304;305;306;310;311;312;313;315;316;317;320;324;326;327;329;330;331;333;334;338;339;342;344;345;347;348;351;353;355;356;359;362;366;367;371;372;376;378;379;381;382;383;384;386;387;390;391;396;398;399;400;401;403;406;409;411;412;414;415;416;421;422;423;425;429;431;433;434;435;438;441;449;451;458;459;462;466;468;471;472;475;476;477;486;487;488;491;492;493;496;498;500;501;502;503;504;505;507;508;512;514;517;523;524;526;527;530;534;538;539;541;542;543;546;547;548;549;550;553;556;557;558;561;564;566;567;569;570;576;578;580;581;585;590;592;594;597;598;599;602;604;606;609;613;615;617;618;622;624;625;626;631;636;640;644;648;651;652;653;654;660;663;665;667;669;673;676;677;683;686;690;691;695;696;699;700;705;707;710;711;714;716;718;719;722;723;725;727;728;729;731;734;735;744;751;755;761;762;763;765;767;769;771;772;774;775;784;786;787;788;789;792;794;796;797;801;802;803;808;814;816;819;824;831;832;833;834;839;841;843;844;848;849;850;856;858;859;861;865;866;869;870;872;874;876;879;880;881;883;884;885;886;888;889;891;893;897;899;901;902;903;904;905;907;908;913;914;916;917;918;920;922;923;924;928;931;933;935;936;939;940;941;942;943;944;946;948;957;958;959;961;963;964;966;968;974;979;980;982;983;984;986;993;996;1000
191;1;3;5;8;10;12;13;19;20;22;24;27;28;29;31;32;33;34;37;41;43;44;49;50;52;53;54;60;61;62;65;69;70;76;79;81;82;83;84;86;88;89;90;92;93;94;95;104;108;110;115;116;119;121;122;126;127;128;129;130;133;134;136;140;144;145;148;149;151;152;153;154;155;156;157;159;162;163;164;167;168;170;175;176;180;181;182;184;185;189;190;194;198;200;203;207;210;214;215;216;218;220;221;223;226;227;228;229;230;231;233;237;238;241;242;243;248;250;255;256;258;259;261;262;263;264;270;272;273;274;275;276;277;279;281;283;285;286;288;289;291;295;298;300;302;304;310;311;313;316;321;326;327;331;332;334;336;338;339;341;342;343;346;349;351;353;354;356;360;363;364;365;366;368;369;371;372;375;376;377;379;380;381;382;383;386;387;388;390;392;394;397;400;401;402;408;409;411;413;414;415;419;420;421;422;423;426;427;429;430;431;433;434;435;437;438;439;442;444;446;447;451;453;454;460;462;463;466;468;469;473;474;475;476;477;478;480;481;482;484;486;488;491;493;496;497;501;505;506;507;509;514;515;518;519;521;523;524;525;530;531;534;535;536;538;541;542;543;544;545;554;555;557;559;562;563;568;569;572;573;574;577;578;581;582;583;585;587;589;591;593;594;597;601;606;607;616;618;619;620;621;623;626;627;628;629;630;637;638;639;642;644;645;647;648;651;656;657;658;659;661;665;666;667;671;672;673;674;677;678;680;682;683;685;687;689;691;693;694;705;707;708;712;715;716;718;721;722;723;725;729;731;734;737;738;739;746;747;750;753;754;756;760;761;763;765;767;768;769;770;771;772;773;775;776;780;781;782;784;788;789;791;792;794;795;796;797;798;801;802;803;804;806;808;809;810;812;813;814;816;823;826;827;829;842;846;850;853;856;858;860;862;863;865;866;869;872;873;874;877;878;880;881;882;883;884;889;891;892;893;894;895;896;898;900;902;904;905;906;909;911;913;916;917;918;921;922;923;925;926;927;929;930;933;934;935;936;938;939;942;943;944;946;947;948;950;953;954;955;957;958;959;960;965;967;970;973;974;976;977;978;982;984;986;989;993;994;996;998
192;1;7;9;12;14;15;17;18;19;22;24;25;27;32;33;34;36;39;40;41;42;45;46;47;51;54;55;56;61;62;63;64;66;67;70;71;75;76;88;90;92;93;95;98;99;102;103;104;107;108;109;110;113;114;115;116;120;122;123;125;126;127;130;132;133;134;135;137;140;141;143;144;145;148;149;150;151;156;157;158;159;162;164;165;166;167;168;169;172;174;175;176;179;180;181;183;185;187;188;189;193;194;195;199;201;202;203;205;206;207;209;210;212;213;214;216;218;219;220;221;222;223;226;227;235;236;238;240;241;242;243;245;247;249;254;255;256;257;258;260;262;264;266;272;277;280;281;282;283;284;286;289;291;292;295;299;302;303;304;307;308;309;312;318;320;322;324;326;327;328;330;331;333;337;338;339;340;343;344;346;349;350;353;356;357;360;363;364;365;368;369;371;372;375;376;377;378;379;380;381;382;384;385;386;388;390;392;394;396;398;401;402;403;405;406;407;410;412;415;417;418;419;420;424;431;432;434;435;436;443;444;446;450;451;452;457;458;459;460;461;462;463;467;469;470;471;472;475;476;477;478;479;481;490;491;494;495;496;497;499;501;502;504;506;508;509;510;512;513;514;515;516;517;525;527;528;530;531;532;534;540;542;544;545;546;547;548;551;552;553;554;555;556;557;558;560;561;564;566;567;568;569;573;574;575;576;577;578;579;580;582;583;586;587;588;589;590;592;593;595;596;598;599;600;601;604;609;610;611;614;616;622;623;625;627;628;631;632;635;636;637;638;639;640;641;643;646;648;649;656;661;662;663;664;665;667;668;669;671;672;674;678;680;681;682;683;684;685;687;692;694;699;701;702;705;706;707;709;710;712;713;715;716;723;727;728;732;733;735;736;737;738;740;742;743;744;747;748;750;751;753;754;757;758;759;761;762;763;766;767;769;771;772;774;775;777;781;782;784;785;787;791;793;794;798;799;803;804;806;808;812;813;815;816;817;818;820;821;823;824;825;826;827;829;831;832;834;835;840;842;844;847;849;854;855;858;859;860;863;864;866;873;875;876;877;886;887;889;890;891;892;893;894;896;897;898;904;906;907;910;911;912;914;917;918;919;921;922;923;926;929;930;931;932;933;934;937;940;942;943;944;945;946;947;949;951;952;955;956;957;958;960;961;962;963;964;965;968;972;973;976;980;982;985;986;987;990;991;993;996;997;998;999;1000
193;1;3;5;6;8;11;13;14;19;21;23;24;25;28;30;31;34;35;36;37;40;43;44;47;48;50;51;56;58;59;64;66;67;71;72;73;74;75;76;78;79;83;88;90;91;92;94;96;97;102;105;111;112;114;120;121;122;123;125;126;128;129;131;132;137;138;140;141;142;143;145;146;149;150;151;152;154;155;157;159;163;164;165;167;168;170;171;173;174;175;178;180;181;182;183;185;186;188;192;195;198;199;200;201;202;203;205;206;207;208;209;210;211;212;213;214;215;216;220;222;223;224;228;230;231;232;233;237;239;241;242;244;246;247;248;250;259;261;263;264;265;266;268;269;270;274;275;276;282;283;285;286;287;289;290;292;294;295;296;297;298;299;300;301;302;304;305;307;308;310;313;316;317;320;322;323;324;325;327;329;331;332;334;335;336;337;340;341;347;348;349;350;352;356;357;362;366;368;369;371;373;374;376;377;378;379;380;381;385;387;389;396;399;400;402;404;405;407;410;411;415;416;417;418;420;423;426;427;428;429;430;433;434;436;438;442;443;444;445;446;447;450;451;453;456;457;458;460;463;465;466;467;468;469;473;475;476;479;480;483;484;487;488;489;495;497;498;499;501;502;506;509;511;512;513;514;519;520;521;522;523;524;525;528;529;530;531;532;533;537;538;541;546;547;549;551;552;553;554;561;562;563;564;566;568;574;575;576;579;580;582;583;584;586;587;589;590;592;593;595;597;601;602;603;605;607;610;616;618;620;621;622;626;630;632;633;635;637;638;639;640;641;643;645;650;652;656;661;662;666;668;669;672;673;682;683;684;686;694;695;699;701;702;705;707;708;709;712;714;716;718;724;725;727;728;730;731;733;736;737;738;740;741;742;744;747;749;751;753;754;755;758;761;762;763;764;765;766;767;769;774;777;779;780;783;789;790;795;796;800;801;807;808;810;813;815;818;819;820;821;822;823;826;830;831;833;837;838;843;844;845;846;847;849;850;851;853;856;858;859;862;863;867;868;870;878;879;880;881;888;889;890;891;895;901;902;904;907;908;910;911;914;918;919;920;921;922;923;924;930;932;933;936;938;940;941;945;946;947;948;949;951;952;954;955;956;958;960;964;966;967;968;969;970;971;974;975;976;977;978;981;984;985;989;992;993;994;997;999;1000
194;2;3;7;8;9;12;13;14;15;16;17;19;21;22;23;27;28;29;30;32;33;36;38;44;47;48;49;51;52;53;54;56;62;64;65;67;68;70;71;72;73;77;80;81;83;85;86;87;89;92;96;100;105;107;108;110;111;113;114;116;118;119;121;122;126;127;128;129;131;133;138;139;140;141;143;149;151;156;157;162;163;164;166;167;168;170;172;174;175;179;180;181;182;183;184;185;189;191;192;196;197;199;200;201;203;204;206;207;208;209;211;212;214;215;220;221;222;223;224;227;229;230;231;232;233;236;237;238;240;241;242;243;244;248;250;252;253;254;255;259;260;264;266;269;272;273;274;275;277;278;279;280;281;282;285;286;287;291;292;293;296;297;299;300;302;303;306;307;309;311;312;314;315;317;320;324;326;327;328;329;330;331;335;336;337;338;339;341;342;345;348;352;354;355;358;360;362;363;365;367;368;369;375;378;379;380;381;382;383;385;386;388;389;396;397;398;399;400;404;407;411;413;415;416;417;420;421;422;425;426;428;430;431;432;433;434;436;441;442;443;444;445;451;452;453;454;455;456;459;460;461;467;468;470;473;474;475;476;477;478;479;480;481;483;484;488;490;493;494;496;497;498;501;502;503;505;507;509;511;512;515;517;520;522;524;525;530;531;532;533;535;536;539;541;543;545;546;548;551;552;554;555;556;557;560;563;565;566;567;569;570;571;575;577;578;579;580;583;585;586;587;589;591;593;594;595;596;602;604;605;608;609;611;612;614;615;616;617;621;623;624;625;627;628;629;630;632;633;636;639;640;642;644;648;649;652;653;655;658;662;664;666;667;668;672;676;677;679;682;683;687;689;692;693;694;695;696;699;702;703;704;705;706;710;711;712;713;714;718;719;721;722;725;730;731;734;736;738;740;742;743;744;746;747;748;749;754;755;756;758;760;764;765;771;773;774;775;776;777;781;783;785;786;787;790;791;794;795;796;798;804;805;807;808;811;817;818;820;821;824;827;829;830;834;836;840;842;844;846;848;850;854;859;861;864;865;866;869;870;872;873;875;876;877;879;880;881;883;884;887;889;891;892;893;896;902;905;908;909;910;914;915;916;919;923;924;927;928;929;934;935;936;937;940;941;943;950;951;952;953;956;958;961;965;971;972;973;974;977;980;983;984;985;986;987;988;989;990;991;992;993;994;995;1000
195;4;6;8;9;10;11;14;17;18;22;24;29;31;41;44;48;52;54;55;56;59;60;61;63;64;65;66;68;76;84;89;90;91;92;97;99;100;102;106;108;109;111;112;115;116;118;120;121;122;123;124;125;128;131;132;133;135;136;137;139;142;144;147;149;150;153;155;156;157;158;159;161;162;163;164;165;167;169;170;172;173;174;175;176;179;180;181;182;184;187;190;192;193;198;200;201;202;203;205;206;207;208;211;212;214;221;222;226;229;230;232;235;236;241;242;243;247;248;249;250;252;254;255;257;258;259;260;264;265;268;270;271;273;274;276;277;278;279;280;283;284;287;290;291;292;294;296;298;299;304;309;310;311;312;316;317;318;321;322;327;329;332;334;336;337;340;341;342;343;344;347;348;349;350;351;354;355;357;358;362;363;364;371;372;374;375;376;377;380;383;385;386;388;393;394;395;396;401;404;405;406;407;408;415;416;418;419;421;422;424;426;427;433;434;435;439;440;442;443;445;447;448;449;450;452;459;460;461;463;464;465;470;471;473;475;479;481;483;487;488;492;494;495;496;498;499;500;501;504;505;506;507;509;511;512;516;517;520;523;526;531;534;536;537;538;539;543;547;548;549;550;551;555;556;559;561;562;567;569;571;578;579;580;582;585;587;589;593;594;595;596;597;598;599;600;606;608;611;612;613;620;621;623;625;630;633;635;636;639;640;641;642;643;645;646;648;652;661;665;666;668;669;671;675;676;679;682;687;698;699;701;702;703;704;707;708;709;714;715;716;718;720;721;722;726;728;731;732;738;739;740;742;743;745;748;753;756;759;760;762;766;768;772;774;775;777;779;780;782;783;784;786;787;788;789;791;793;794;796;797;798;799;803;805;809;810;812;813;815;816;817;819;824;825;827;831;835;837;841;842;844;846;847;848;849;850;851;852;857;859;862;863;864;865;866;867;868;869;870;872;873;874;875;880;883;885;890;896;897;898;899;900;902;903;905;909;911;913;918;920;924;925;926;927;929;931;932;934;936;937;940;943;945;950;952;953;954;956;957;961;962;963;965;966;967;969;973;978;979;982;983;985;986;987;988;989;993;994;995;996;997;998;999
196;1;3;5;9;11;13;14;15;17;28;29;31;38;40;42;45;46;48;49;58;61;62;63;66;67;68;72;73;74;77;81;82;84;89;90;91;93;94;97;98;99;100;104;107;108;110;111;112;113;114;116;117;119;120;121;122;124;128;131;132;135;137;138;139;141;142;148;152;153;155;160;162;164;165;168;169;170;175;176;177;178;182;184;185;186;194;198;199;201;202;203;208;209;212;213;216;217;219;220;222;223;225;228;229;233;236;237;238;240;242;243;244;245;248;249;252;256;257;258;260;267;268;276;277;279;283;284;287;291;293;294;296;297;303;304;308;311;312;313;314;315;316;317;319;321;323;325;326;327;328;329;330;335;338;342;343;347;348;352;353;356;357;359;360;362;364;367;368;369;378;380;384;385;387;388;390;391;392;394;396;398;401;403;405;406;407;411;412;413;414;418;422;424;425;427;428;429;430;432;438;443;446;447;448;450;452;453;456;461;462;466;468;469;471;473;474;481;482;485;486;487;489;490;492;496;498;499;502;503;505;506;507;511;515;516;517;518;519;520;521;523;525;527;529;530;533;534;535;538;539;540;541;544;545;548;553;554;555;556;557;558;560;561;562;563;565;566;567;569;572;574;575;576;578;582;584;585;587;589;590;591;593;596;597;601;602;603;604;605;606;607;610;611;612;613;615;616;619;620;622;624;626;627;630;634;635;640;644;645;646;650;653;655;658;660;661;666;669;670;672;675;676;678;679;680;681;683;684;685;688;690;692;693;694;698;702;707;708;711;712;713;715;717;718;721;723;728;730;732;733;735;737;741;742;745;747;748;749;752;758;761;765;766;767;768;769;771;772;773;774;775;776;777;779;783;787;789;790;793;795;796;797;798;800;801;802;803;804;806;807;809;815;816;818;820;821;822;825;830;834;835;838;839;840;841;842;843;844;846;848;850;851;854;855;856;857;859;860;861;863;864;866;867;871;874;875;877;878;879;880;881;882;883;885;886;887;890;891;892;893;894;895;901;902;903;904;905;906;909;910;911;914;921;922;924;925;926;929;930;931;933;935;936;937;938;940;943;947;956;959;960;965;966;967;969;970;972;975;977;978;983;985;989;990;991;992;993;994;995;996;997;998;999
197;6;8;9;13;14;16;17;19;23;24;28;33;34;35;37;38;40;44;45;50;51;53;55;56;58;60;62;63;64;66;67;68;69;70;72;78;79;80;81;82;83;84;88;89;90;91;92;93;95;96;97;102;104;105;108;111;112;113;122;123;124;125;126;127;128;131;132;133;134;135;136;137;138;140;141;142;143;144;145;149;151;152;153;154;157;162;167;171;174;177;178;182;183;185;186;187;189;190;194;198;199;200;201;202;205;206;207;209;212;218;223;226;227;232;233;234;237;238;239;240;245;246;248;250;252;254;255;256;257;258;259;260;261;262;263;269;272;275;279;280;281;282;284;285;289;290;295;296;298;301;302;304;305;307;309;310;312;313;315;317;318;319;320;321;326;328;329;332;334;336;338;340;341;343;344;345;346;351;352;353;354;355;356;357;359;361;365;366;369;370;372;375;377;381;383;385;387;389;391;392;393;395;398;399;400;402;403;405;409;410;412;413;415;416;418;422;423;425;427;429;430;431;432;435;439;442;445;446;447;448;449;453;454;455;456;457;458;459;462;466;467;470;471;472;474;476;478;481;482;483;484;486;488;490;491;493;497;499;500;502;503;505;507;508;511;512;514;515;516;519;520;521;523;524;526;527;530;531;533;534;535;539;541;545;551;552;554;557;558;560;569;570;572;574;575;576;577;578;579;580;581;582;585;586;587;590;592;594;596;598;599;601;604;605;610;612;614;619;622;625;630;635;636;637;640;641;642;646;650;653;654;655;657;658;659;663;665;666;667;668;670;672;673;674;675;677;678;680;685;686;693;694;697;698;699;700;701;702;703;704;705;706;708;710;711;715;717;719;720;723;724;725;726;728;729;730;731;733;736;737;741;742;743;745;751;756;758;759;761;762;763;766;767;768;772;773;774;785;788;790;791;792;793;794;795;796;797;803;806;807;808;809;816;817;819;820;821;823;824;826;827;828;829;830;831;834;837;841;843;848;850;855;856;857;858;860;862;866;869;870;873;874;876;877;878;879;880;881;883;884;885;889;890;897;900;901;903;905;906;908;915;916;917;920;926;928;929;930;931;935;936;941;944;946;947;948;949;950;951;953;954;958;959;960;961;965;969;970;971;974;976;977;978;979;980;983;985;987;988;989;995;998;999;1000
198;3;4;7;8;9;14;16;17;19;20;22;23;24;25;26;27;29;31;33;35;36;39;43;55;58;60;61;62;64;66;67;68;69;70;72;74;75;76;77;78;79;81;82;85;86;94;95;99;103;111;112;114;116;117;118;119;120;125;131;132;133;140;142;144;147;148;149;151;152;155;156;158;162;166;167;168;172;175;176;177;181;182;184;185;186;187;188;189;191;193;195;196;197;200;201;203;204;205;207;208;211;214;216;218;219;220;221;224;225;226;227;228;229;233;236;238;242;244;245;246;248;250;251;254;256;258;260;264;265;266;270;272;275;276;278;281;283;284;286;288;290;291;295;298;299;300;301;304;305;307;308;309;310;314;315;316;317;318;319;320;321;324;325;326;327;328;333;335;337;341;343;346;347;348;349;350;352;356;362;363;364;366;367;369;371;372;374;375;376;382;383;385;386;388;389;391;392;395;397;398;399;400;402;404;405;407;408;409;410;417;421;423;425;426;430;431;434;435;437;439;440;441;443;446;449;450;451;452;453;458;460;461;463;464;465;466;467;475;481;483;485;488;489;490;491;492;494;497;498;500;502;503;508;512;513;514;518;519;526;528;529;532;534;535;537;539;540;541;542;545;547;548;549;553;556;558;559;561;563;568;569;572;573;574;575;576;577;578;579;580;582;589;591;592;594;595;596;600;601;602;603;605;607;608;609;610;613;615;616;617;620;621;624;625;626;628;630;632;633;634;636;637;639;640;641;642;645;646;651;652;653;655;663;668;671;673;674;675;677;678;679;680;684;685;687;688;690;691;692;694;697;700;701;702;703;704;705;711;712;714;715;717;718;719;723;727;728;733;734;735;736;738;739;740;742;743;749;750;751;752;753;755;756;757;759;765;767;768;769;771;772;773;774;775;776;778;781;782;783;785;786;787;788;790;791;796;797;798;799;800;801;803;804;805;806;809;811;812;813;814;815;821;822;823;825;826;827;828;829;831;833;834;835;837;838;842;846;847;849;851;852;853;854;855;856;858;860;861;862;863;864;865;867;870;871;872;873;875;876;877;879;880;882;883;884;886;888;889;896;897;898;900;901;902;907;914;915;916;919;920;922;923;924;926;927;934;935;936;937;941;942;945;946;948;949;950;952;953;954;957;958;961;963;965;967;968;969;970;971;974;975;978;982;985;986;988;990;992;993;994;995;996;998;999;1000
199;1;2;3;5;9;10;11;14;15;18;19;22;25;27;29;36;37;38;39;40;42;50;52;53;55;57;59;62;66;68;69;70;71;72;73;75;80;82;83;84;90;91;92;95;97;98;100;101;105;107;108;110;113;115;118;119;120;124;125;127;133;138;140;141;142;143;147;148;150;151;154;155;156;157;160;161;163;164;165;166;167;168;172;176;178;180;181;182;183;184;186;187;188;189;192;193;194;196;197;200;201;202;204;208;209;210;212;213;215;217;218;219;221;222;223;224;225;230;231;232;233;234;236;240;244;245;246;251;255;256;257;261;264;266;267;268;270;271;275;276;280;281;282;283;285;286;288;289;290;292;293;294;299;300;301;303;306;308;309;310;311;312;313;314;315;318;320;321;323;324;325;330;332;333;334;335;338;339;341;342;343;344;345;346;348;349;352;353;355;361;362;363;365;367;368;370;371;376;379;381;382;383;384;385;387;388;391;393;394;395;396;405;406;413;414;415;416;417;419;421;425;426;427;429;430;431;433;436;437;442;444;446;448;449;454;456;458;462;463;468;470;471;472;475;477;482;483;484;485;489;490;492;493;494;498;499;500;501;502;504;505;509;511;515;517;518;523;524;526;527;534;537;538;539;542;543;544;546;547;550;555;556;557;558;559;561;562;563;565;567;569;570;571;572;573;574;575;576;581;584;586;587;588;589;594;595;596;597;600;603;605;608;609;613;614;617;620;621;622;624;625;626;627;629;630;632;634;635;636;638;640;642;643;645;648;650;651;652;655;658;660;661;662;663;670;672;675;678;679;680;681;682;684;687;690;691;695;697;698;700;702;703;704;705;707;708;709;711;713;718;719;720;721;723;724;726;729;731;737;739;740;741;742;744;745;748;751;754;755;757;758;759;762;763;764;765;766;770;774;775;780;781;783;784;786;788;789;790;795;796;797;798;799;800;801;802;803;804;805;806;807;811;815;817;820;822;823;827;828;830;832;834;835;836;838;839;843;844;845;846;848;849;851;853;854;857;858;862;863;864;865;866;867;868;869;871;876;877;878;885;886;889;890;891;892;893;895;899;901;902;904;907;908;909;918;919;920;921;923;930;932;933;935;936;939;940;941;942;943;946;955;960;961;963;965;966;967;971;979;980;981;983;984;988;989;991;993;996;999;1000
200;1;2;3;4;5;8;10;12;13;15;26;27;28;29;31;33;34;37;38;39;40;41;42;48;50;51;55;57;58;62;63;67;70;71;72;73;75;77;78;82;83;86;87;88;89;92;93;94;95;97;104;106;110;112;118;119;120;121;122;124;125;130;133;134;136;138;140;145;146;147;148;154;155;159;160;162;163;164;165;166;167;168;169;172;173;174;176;177;178;180;184;188;189;191;193;194;195;197;198;199;202;204;205;206;209;210;211;218;219;220;223;224;226;228;229;230;231;234;236;237;238;239;241;242;244;245;247;248;251;253;254;256;257;258;261;263;268;270;271;273;274;277;279;280;282;287;288;291;292;294;296;298;305;308;310;312;314;315;317;318;321;322;323;324;328;332;337;338;341;344;346;347;348;350;351;352;353;356;361;362;364;365;367;368;370;371;376;377;379;380;381;388;389;393;394;395;398;399;402;406;409;410;412;413;415;417;419;422;425;427;429;430;432;433;435;436;438;440;441;443;444;446;448;454;455;458;460;461;462;463;464;466;467;472;473;476;478;479;480;483;484;485;488;491;494;495;496;498;499;501;503;504;505;506;511;513;515;517;518;519;521;526;527;528;531;532;533;534;537;538;539;544;545;547;549;551;552;553;557;558;559;561;562;565;570;572;573;576;578;580;581;584;586;587;591;593;594;595;596;597;599;600;602;603;604;607;608;613;615;616;617;619;620;625;627;629;632;633;635;636;640;642;643;644;649;656;661;662;664;665;668;672;673;678;680;681;682;684;687;689;690;691;692;693;695;699;700;704;705;707;708;710;712;713;717;718;724;727;728;732;733;734;736;740;741;744;747;748;749;755;757;758;759;760;761;766;767;770;775;778;779;781;782;784;785;787;792;793;796;798;799;801;802;803;807;810;811;812;813;814;815;816;817;818;819;820;821;824;825;827;828;829;832;833;834;836;837;839;842;844;846;847;849;850;852;854;855;857;858;861;862;863;865;866;869;871;872;873;874;878;879;880;882;883;885;886;887;889;890;891;892;893;894;897;898;899;903;905;907;909;912;913;914;916;917;919;920;921;923;925;926;929;930;931;932;933;935;941;942;943;944;945;946;947;949;953;954;956;957;959;960;961;967;971;972;973;974;975;976;977;979;980;981;983;986;992;993;995;997;999;1000
201;1;2;3;4;5;6;7;11;13;16;17;18;21;22;23;30;31;32;35;37;39;41;45;46;47;52;53;56;58;59;63;64;67;70;71;72;73;75;76;79;83;84;88;93;94;95;97;98;99;102;103;105;106;108;110;111;114;115;116;119;120;122;123;126;131;132;133;135;136;138;139;142;143;145;148;149;152;156;161;162;164;166;167;169;170;172;173;176;177;178;179;180;181;182;186;187;188;189;190;192;193;194;195;196;197;198;199;203;204;207;208;209;210;211;213;216;218;224;225;226;229;233;235;237;239;240;242;243;244;246;250;252;253;254;255;257;258;266;267;271;278;279;280;281;282;283;284;286;290;292;293;294;295;297;298;304;305;306;307;308;310;311;315;318;320;321;322;323;325;326;329;330;331;333;335;339;340;341;346;349;353;354;357;358;362;363;365;368;373;375;376;377;378;380;381;382;384;385;386;387;388;399;404;405;406;407;408;411;412;415;417;418;419;423;428;429;430;432;435;436;438;441;443;444;445;447;449;450;453;454;455;456;457;463;464;467;470;472;473;475;476;481;487;493;494;496;497;498;501;502;503;504;506;507;508;510;512;514;515;518;521;522;523;526;527;533;534;536;538;542;543;546;550;551;552;553;558;559;570;572;575;576;579;581;582;585;589;590;592;593;594;595;596;597;598;599;600;608;609;611;614;615;616;617;618;621;624;625;628;629;630;631;632;635;636;639;640;644;646;647;648;651;653;654;656;662;665;669;670;671;672;673;675;676;678;679;683;685;686;689;690;691;694;697;698;700;701;704;705;708;711;713;716;718;719;721;722;723;724;726;727;728;730;731;734;736;740;745;746;747;748;749;750;751;754;757;759;760;761;763;764;765;766;769;771;774;776;778;779;780;781;782;785;786;788;790;794;795;796;798;800;801;803;804;805;807;808;809;812;813;817;821;824;826;828;829;831;832;835;837;840;841;842;846;847;848;849;852;856;857;861;862;863;865;867;868;869;871;872;875;877;878;879;882;883;886;889;890;892;895;897;898;902;903;904;907;908;909;910;911;914;915;918;919;920;922;924;925;926;927;928;930;932;933;936;937;938;939;941;942;943;944;947;948;950;952;953;956;959;960;962;964;966;967;969;970;974;976;977;981;984;987;989;990;992;994;996;998;999;1000
202;2;3;5;8;10;11;12;13;14;15;16;20;25;26;27;34;35;36;37;38;39;42;44;51;53;54;56;57;58;61;62;63;66;69;70;71;72;74;77;78;79;81;82;84;86;88;90;93;97;98;100;101;102;104;106;108;109;110;113;118;121;122;124;125;133;136;137;139;141;144;145;147;152;156;158;164;166;167;170;171;177;178;182;183;184;188;190;192;193;195;196;197;199;200;204;206;208;209;210;211;214;215;218;219;221;226;229;230;232;234;240;242;243;245;250;251;260;261;264;266;267;274;275;276;277;282;284;286;287;290;291;295;296;297;306;307;308;310;312;313;314;317;318;319;320;321;322;323;327;328;329;331;333;334;335;337;338;339;340;341;342;343;346;347;348;350;351;354;355;357;358;362;364;367;368;369;371;373;374;375;380;382;383;386;388;389;392;394;395;396;397;398;399;401;402;403;404;409;410;411;412;418;419;420;421;422;423;424;425;426;427;428;431;435;436;437;439;440;446;447;448;449;452;455;458;462;463;465;466;468;470;473;474;476;477;478;483;484;486;489;491;493;494;496;498;499;506;508;510;511;513;515;519;520;523;524;525;527;529;530;531;532;535;538;539;541;542;544;546;548;549;550;551;554;555;557;560;562;563;564;566;568;572;574;575;578;588;589;590;591;593;598;601;606;607;608;609;611;613;614;615;620;621;624;625;626;629;630;632;636;638;640;641;642;644;645;646;647;649;650;652;653;655;658;659;661;662;665;667;673;674;675;676;678;679;682;683;684;686;688;689;691;693;694;695;696;698;700;704;705;706;707;709;712;713;714;723;726;728;730;731;732;733;734;737;739;743;747;748;749;752;753;755;756;757;759;760;766;768;769;771;774;777;778;779;780;788;789;793;795;797;798;800;801;802;804;806;807;811;813;814;815;816;819;822;824;827;828;830;831;832;835;838;840;841;842;843;845;847;849;850;851;853;855;859;860;861;863;865;866;867;869;870;871;873;874;875;876;878;883;885;886;889;892;894;897;898;900;901;902;903;904;905;906;908;913;914;915;916;917;919;920;922;923;926;927;928;929;930;931;933;935;938;941;942;943;945;947;950;953;954;955;956;960;961;963;964;967;968;970;971;976;977;978;980;981;982;983;984;985;987;989;990;992;993;994;995;996
203;1;3;4;5;6;7;8;11;15;16;19;20;23;24;25;30;31;33;35;36;37;39;41;42;43;44;46;47;49;54;55;59;60;61;65;67;69;70;72;75;76;77;79;80;81;82;83;85;86;87;89;90;91;94;96;99;101;104;105;109;111;112;113;114;115;116;117;121;123;124;125;128;129;130;131;132;133;134;135;137;142;145;154;155;156;157;161;162;166;167;175;176;178;179;180;181;183;184;185;186;188;189;191;192;193;194;195;196;198;201;204;205;206;207;208;218;220;223;224;225;226;227;229;231;237;238;239;240;242;243;244;245;246;249;251;252;254;256;258;261;262;263;265;266;267;273;275;278;279;281;282;285;286;290;292;293;294;295;297;300;303;305;309;311;312;314;316;317;319;323;324;325;326;328;329;331;333;334;337;339;340;343;345;349;351;352;353;356;358;361;363;364;365;366;367;368;369;370;376;379;381;384;387;388;389;390;391;393;394;396;397;399;400;403;405;409;410;413;414;415;417;420;422;423;425;426;428;429;430;432;433;435;436;440;442;443;444;449;450;451;452;457;459;464;465;467;468;471;473;476;477;478;479;480;481;482;483;485;486;487;490;492;493;495;498;500;503;504;505;506;508;509;510;513;515;518;519;521;522;523;525;527;528;529;531;532;536;538;540;541;549;550;556;557;559;565;568;570;572;573;576;577;579;580;581;583;584;587;588;589;590;594;596;597;599;602;603;605;606;607;611;613;614;616;619;621;622;624;626;628;632;636;637;639;649;651;652;653;654;656;657;659;660;663;668;671;673;674;675;677;678;679;680;686;687;688;689;690;691;696;697;698;699;700;701;702;707;708;709;710;711;712;717;718;719;724;726;730;731;734;735;736;738;740;741;742;745;746;747;748;750;751;752;755;757;760;761;762;763;764;766;767;769;770;771;772;773;781;783;784;785;787;794;795;796;798;799;801;802;803;808;809;811;812;814;817;818;821;822;823;824;825;828;832;833;836;838;841;843;844;845;849;855;858;862;863;866;867;869;870;878;880;881;886;887;888;890;891;895;897;898;904;905;907;908;910;911;914;915;916;917;919;921;922;924;925;926;927;928;929;930;931;932;933;935;939;941;944;945;946;948;950;951;953;955;956;958;959;960;962;963;966;968;971;974;977;982;983;984;987;988;990;991;998
204;3;4;5;7;9;10;11;13;15;18;20;25;26;27;29;31;37;39;42;44;45;47;48;49;50;53;54;55;57;58;59;60;63;64;65;67;68;72;73;76;78;79;84;85;87;89;92;94;100;101;102;103;104;107;108;109;110;111;112;115;117;118;119;123;124;126;127;128;129;131;132;133;134;135;136;139;140;142;144;150;151;152;155;156;157;160;162;164;165;172;175;176;177;181;185;189;194;198;199;200;201;202;203;205;207;209;210;218;220;221;222;223;225;230;234;235;236;240;241;242;243;245;246;247;248;249;250;251;253;254;255;257;259;260;261;262;264;266;268;269;271;274;279;281;283;284;289;290;292;293;294;295;296;297;300;302;303;305;306;307;308;309;314;316;317;318;320;321;324;325;330;332;333;335;338;339;340;341;343;345;346;347;348;349;351;352;353;355;360;361;365;369;372;373;374;380;381;385;389;390;397;398;401;406;407;408;409;410;415;416;417;418;420;424;426;428;429;430;434;439;440;445;446;448;449;450;451;452;461;462;463;467;471;472;473;474;477;481;482;484;485;486;487;488;491;492;493;496;501;503;505;507;508;509;510;511;512;514;515;516;517;521;522;524;526;527;528;530;532;533;535;536;538;539;540;543;544;547;550;551;552;554;557;558;561;564;566;567;568;569;571;572;574;576;578;580;581;582;583;585;589;591;592;594;596;597;598;599;603;610;611;612;613;617;619;621;622;623;627;629;630;632;633;634;636;637;638;639;640;643;652;654;655;656;657;660;661;662;666;672;673;677;678;683;684;686;689;690;693;698;700;704;706;707;708;711;715;719;720;721;725;727;728;731;734;735;737;739;740;741;744;746;747;748;749;751;752;753;754;756;759;761;762;767;768;770;771;772;777;780;781;786;788;790;791;792;793;795;797;798;799;802;806;808;809;814;816;818;819;831;832;833;835;837;840;846;848;853;854;860;861;864;866;870;874;875;877;881;882;883;884;886;887;892;894;898;900;902;903;905;909;911;912;914;915;917;918;922;923;926;928;930;931;934;936;937;938;939;941;945;946;950;953;963;964;965;967;968;971;973;975;976;979;980;981;982;983;986;988;989;990;993;994;995;996;999
205;2;4;5;6;10;11;12;13;14;19;21;28;29;31;32;33;34;37;38;42;48;52;54;55;58;59;60;61;63;64;67;68;69;71;73;74;76;79;82;83;85;86;87;90;91;93;94;96;97;98;100;102;104;107;108;110;112;113;114;115;116;117;120;123;124;126;127;130;132;134;136;138;140;141;142;143;145;148;149;150;156;158;160;161;162;163;164;165;171;172;174;175;176;177;178;179;180;181;184;185;190;192;193;195;197;198;200;203;204;206;207;211;214;215;216;217;218;222;223;224;225;228;232;234;235;239;240;241;242;245;246;249;250;252;253;254;256;257;259;260;262;263;268;271;272;274;275;277;280;281;283;286;297;298;303;305;309;310;311;312;315;317;318;321;323;324;328;330;331;335;337;338;339;340;341;343;346;347;352;353;354;358;359;360;362;364;365;367;368;369;370;371;372;375;376;377;381;383;384;385;386;389;391;392;393;394;395;398;400;402;405;407;408;409;411;412;414;415;416;417;418;420;421;427;428;429;430;431;432;434;436;438;439;440;442;446;448;450;452;454;456;457;459;461;464;466;469;472;474;475;477;479;480;482;483;484;486;488;494;499;500;501;502;504;508;509;512;513;514;515;517;518;520;521;523;525;526;528;531;534;535;537;538;539;540;544;547;549;550;551;553;555;557;561;563;564;565;566;570;571;572;574;576;578;581;582;583;584;585;586;588;595;597;598;599;600;602;603;604;605;609;611;612;613;616;618;620;621;622;623;627;628;630;633;634;635;637;642;643;644;645;647;652;653;654;658;660;661;663;664;665;667;668;669;670;674;675;676;677;678;679;680;681;682;683;684;686;689;690;691;694;696;698;699;700;701;703;709;710;711;712;714;715;716;721;722;723;726;728;735;736;742;743;744;746;750;751;752;753;755;757;758;760;762;763;764;769;770;771;774;775;777;778;780;781;782;783;787;789;790;791;793;794;797;800;802;803;805;807;808;810;812;814;815;816;817;818;821;824;826;828;830;831;832;834;835;836;837;838;839;841;842;844;846;848;851;852;853;854;857;859;862;864;866;871;875;877;879;881;882;888;889;890;891;893;894;895;896;897;899;900;909;911;913;914;920;922;923;925;927;928;929;930;931;936;938;939;940;941;942;944;945;946;948;949;951;953;954;955;957;959;960;961;963;964;965;966;967;973;975;976;978;979;980;982;983;985;986;991;994;996;997;1000
206;3;4;5;6;10;11;12;15;19;20;21;25;26;27;29;30;32;33;34;36;37;38;39;43;49;50;51;53;55;57;58;59;61;62;64;69;70;71;72;73;74;76;81;85;87;88;89;91;92;93;94;98;99;101;102;106;109;111;114;117;118;120;124;127;128;130;132;133;134;136;138;139;140;141;142;144;145;148;149;150;153;158;161;162;166;168;169;170;172;175;177;179;181;184;185;186;190;192;193;194;195;197;200;202;203;205;207;211;212;213;215;217;218;219;220;221;222;224;227;228;230;232;234;235;236;239;241;242;243;246;250;254;257;258;261;262;264;265;266;269;275;276;278;279;281;282;283;284;285;286;287;288;289;292;293;295;297;298;299;302;304;305;306;311;317;318;320;321;322;329;332;334;336;339;341;342;343;345;346;347;348;351;353;354;356;357;360;362;364;365;367;370;372;374;375;378;379;380;381;383;385;386;391;396;397;398;402;403;407;408;409;410;411;415;416;418;419;421;422;423;424;426;427;430;431;436;437;438;442;443;445;446;448;449;450;451;452;456;459;460;461;462;464;465;466;467;468;469;470;472;473;474;476;478;479;482;484;487;491;493;494;495;497;498;499;500;502;504;505;506;507;510;511;514;517;518;520;521;522;527;531;532;533;535;538;539;542;543;545;547;548;549;550;552;553;556;559;560;561;562;563;564;572;573;574;575;576;578;579;581;588;593;594;595;598;602;604;606;608;609;611;613;617;619;620;621;622;624;625;626;627;631;632;633;634;636;638;639;641;644;648;651;652;653;655;657;661;664;665;666;667;672;673;674;676;677;684;685;687;689;692;693;694;695;700;701;703;706;713;714;716;718;719;720;721;722;723;724;725;726;729;735;736;737;739;742;743;744;745;747;749;750;753;756;757;760;761;762;768;769;771;773;775;776;780;782;785;786;787;788;790;792;795;797;798;800;801;803;804;807;808;809;810;811;813;817;820;821;824;825;827;831;834;835;836;838;841;842;843;844;846;850;852;853;854;855;856;858;861;862;863;864;865;868;870;871;872;874;875;878;879;880;882;884;887;888;890;891;892;894;895;896;899;901;904;906;908;909;910;913;914;916;917;919;922;923;926;927;928;929;930;931;933;936;937;939;940;942;948;949;953;960;963;966;969;971;973;974;976;977;979;980;981;984;985;986;988;989;990;991;992;993;994;995;997;998
207;2;4;6;7;9;11;14;15;16;19;23;25;30;31;32;33;39;40;43;47;51;54;55;56;58;59;60;62;64;67;68;70;72;73;74;75;76;77;78;82;84;85;86;88;89;91;93;94;95;97;99;101;103;104;105;107;108;111;112;114;115;116;117;120;123;125;127;129;130;131;132;135;136;137;138;139;142;144;146;149;151;152;154;155;156;157;160;161;162;165;166;167;168;169;170;171;173;174;175;180;181;182;183;189;190;191;192;193;194;195;197;198;201;203;204;205;206;213;214;219;220;221;224;225;227;228;230;231;233;235;236;238;239;242;246;249;254;255;257;259;260;261;265;268;269;271;273;274;275;276;277;279;280;283;289;291;292;294;295;297;299;304;305;309;310;312;315;316;317;318;320;321;322;325;327;330;335;337;339;340;341;342;347;348;350;352;354;356;357;358;359;361;364;365;367;368;370;372;373;374;378;379;382;384;386;388;390;392;396;399;400;401;403;404;408;409;410;416;417;418;421;423;426;428;429;431;432;433;434;441;443;444;446;450;451;452;456;457;461;462;463;465;466;470;471;472;473;474;476;477;480;483;484;485;486;487;489;490;491;492;493;494;497;498;501;502;504;508;512;513;515;518;520;523;527;528;530;534;535;538;539;541;547;548;551;553;560;562;565;567;569;571;572;573;574;575;576;578;580;581;582;585;589;590;591;593;594;595;597;598;600;601;602;608;609;610;614;615;617;618;620;622;623;626;629;632;633;637;639;643;644;645;646;648;650;652;655;657;659;661;662;664;668;669;671;673;675;676;679;680;681;683;684;685;689;694;696;698;702;703;705;707;711;713;714;715;717;720;721;722;723;725;726;727;729;730;735;736;737;742;743;745;747;749;755;759;762;763;767;768;769;773;774;778;779;784;786;788;789;795;796;797;799;802;803;807;809;810;811;813;817;818;820;821;822;823;824;825;829;830;832;833;835;836;837;841;842;844;845;847;848;850;851;853;854;855;857;858;860;861;863;864;866;867;869;872;873;874;876;880;882;884;885;890;891;892;894;897;901;902;903;904;905;907;908;909;910;911;913;914;918;924;926;927;929;932;935;938;939;943;945;948;949;952;954;955;956;957;958;960;963;965;967;969;976;977;978;980;981;982;983;984;987;992;993;994;996;997;998;999
208;2;3;5;6;7;16;18;21;25;27;28;29;30;31;33;34;35;40;43;45;49;51;53;55;58;60;62;63;64;66;69;71;78;79;80;82;84;85;86;87;89;92;93;95;97;98;99;100;101;104;105;106;108;116;117;121;123;125;126;131;137;139;140;141;145;146;147;149;153;156;157;163;165;166;168;169;170;171;172;177;183;184;185;188;190;193;194;195;196;198;199;201;202;203;210;212;216;218;219;222;225;228;230;231;232;233;234;235;238;239;241;242;243;246;247;252;254;255;257;259;261;263;264;266;267;269;272;274;275;277;282;283;287;292;294;295;296;297;298;299;300;301;302;305;306;307;310;311;315;316;317;320;322;323;324;325;327;328;330;334;342;343;345;348;349;351;352;353;356;357;358;359;360;363;364;365;366;368;373;375;376;378;379;380;385;387;390;392;393;398;401;402;403;409;413;415;418;428;429;434;436;438;442;443;448;451;454;455;457;459;460;462;465;466;468;469;472;475;476;477;480;481;482;483;484;485;487;488;492;494;500;503;511;512;513;517;518;519;520;522;523;524;526;528;532;533;537;541;542;545;547;551;552;553;555;559;560;562;563;564;565;568;571;573;578;579;581;583;586;587;590;593;595;597;598;599;601;604;607;615;617;618;619;622;623;624;626;627;628;635;636;638;639;643;645;646;647;648;649;652;653;654;655;657;659;660;661;663;665;666;668;669;670;672;673;679;681;682;683;688;689;691;693;697;701;704;705;707;710;711;712;713;714;721;722;723;724;727;728;729;731;732;733;734;736;737;738;740;744;745;753;754;755;756;762;763;764;765;766;767;771;772;778;781;785;786;789;792;794;796;797;798;801;803;807;808;811;812;814;818;819;820;821;825;826;828;830;831;832;835;837;840;842;845;846;847;849;850;851;852;853;856;857;858;860;861;863;867;870;871;874;875;877;879;880;881;883;885;886;888;889;890;891;892;893;895;896;898;899;902;903;904;905;908;909;910;911;912;915;919;926;927;928;929;930;933;938;941;942;944;949;953;954;955;959;960;963;967;968;978;980;981;983;984;985;987;988;990;995;997;998;999
209;2;5;6;7;9;10;11;12;16;17;19;20;25;26;27;32;36;37;42;43;44;45;46;48;57;58;59;60;61;69;71;72;73;74;75;76;77;79;80;84;85;86;87;88;90;92;94;95;96;98;100;101;102;103;104;105;106;108;109;110;113;114;116;117;120;122;127;129;130;134;136;139;141;143;145;147;153;154;155;160;161;165;170;172;174;176;177;182;183;184;185;186;187;188;192;193;194;196;197;199;200;201;202;204;211;212;213;215;216;217;220;221;222;226;227;230;231;237;238;240;242;243;244;245;246;248;249;251;252;253;254;257;258;260;261;264;268;270;271;272;274;275;276;277;278;282;285;288;290;291;292;294;298;302;303;306;307;308;309;310;315;322;323;326;327;328;329;331;332;333;334;335;336;340;342;343;345;346;348;349;351;352;353;354;355;357;358;362;364;365;366;367;368;370;372;373;374;375;377;382;386;388;389;391;392;394;395;397;399;401;402;403;408;409;412;413;415;418;420;423;425;426;428;429;433;434;435;437;439;442;444;445;446;447;448;449;451;452;455;458;461;463;466;468;469;470;471;472;473;476;479;481;486;487;488;490;493;494;496;499;500;506;508;512;517;519;521;522;523;524;527;528;530;531;532;537;540;542;545;547;548;550;554;557;559;562;564;565;566;567;569;571;572;574;575;576;577;579;580;582;583;585;586;590;591;594;596;599;600;602;604;605;606;608;609;612;615;616;618;623;624;629;632;633;635;637;638;643;644;649;651;652;655;656;657;660;661;662;663;664;665;667;668;669;670;671;672;673;674;677;678;679;681;685;686;691;693;695;696;700;701;702;704;705;707;711;714;715;716;719;720;722;726;728;730;731;732;734;735;737;738;740;741;742;745;746;747;749;752;754;755;757;758;759;760;762;765;766;771;774;775;776;777;779;781;786;787;789;790;792;793;795;797;798;800;802;803;804;809;813;814;817;820;825;826;827;829;830;832;834;836;838;840;841;842;845;846;848;849;850;852;855;857;860;861;862;863;864;866;869;870;871;872;874;875;878;881;882;883;884;886;887;889;890;892;893;894;895;898;899;900;901;903;904;905;906;908;911;913;916;917;918;919;920;923;924;926;928;929;932;933;934;937;938;941;943;944;945;946;947;949;953;956;958;960;963;964;968;971;975;976;977;978;979;980;982;985;987;991;992;993;996;997;999;1000
210;3;4;7;8;11;13;17;18;20;24;25;26;27;28;29;30;31;33;34;36;37;40;42;44;45;48;50;54;56;57;58;59;67;69;70;71;72;73;74;75;77;78;82;84;86;88;89;92;93;95;96;100;104;105;106;107;110;111;119;120;121;131;134;136;137;138;139;140;142;144;146;147;148;149;150;151;153;154;156;158;159;160;165;167;168;169;170;171;172;174;175;176;178;181;184;185;187;188;189;190;191;192;193;199;200;201;202;204;208;211;212;214;215;220;222;224;225;227;229;234;235;239;241;242;245;246;252;254;255;259;260;263;266;268;270;271;272;273;274;276;278;281;282;283;285;289;291;292;294;295;296;298;299;300;301;302;303;305;306;308;309;310;313;314;319;321;326;327;331;333;335;336;337;338;339;342;351;353;354;355;356;358;359;362;363;366;368;369;371;372;373;375;379;385;386;391;393;394;397;400;403;404;408;411;412;413;414;419;420;422;424;427;429;430;431;434;435;436;439;440;442;443;448;451;454;456;458;460;462;469;470;473;476;477;480;482;483;485;489;490;491;492;493;494;496;497;502;504;507;508;511;512;513;514;515;518;522;523;524;526;528;529;536;539;540;542;543;548;550;551;554;564;567;568;569;571;573;577;578;579;581;582;583;584;585;587;594;597;598;599;602;603;605;607;608;609;610;611;614;616;617;618;619;623;624;625;626;627;629;631;633;634;636;637;638;639;640;645;648;649;650;652;653;655;656;659;662;663;667;671;672;676;677;678;681;683;686;689;691;696;698;699;700;701;702;704;707;710;711;715;716;718;719;720;721;722;725;726;727;733;737;738;739;741;742;743;746;748;749;750;751;752;753;754;756;757;758;759;761;762;765;766;769;770;771;773;775;777;778;782;785;790;791;793;794;798;805;810;814;815;818;819;821;822;823;825;831;832;835;836;838;839;840;847;849;850;851;853;854;857;861;862;865;866;867;872;873;877;879;880;881;882;884;889;891;892;893;899;901;902;906;909;911;914;916;917;919;921;923;926;932;933;934;937;939;940;942;943;944;945;946;947;948;949;950;951;952;953;955;956;957;959;960;961;962;963;964;965;969;972;973;975;978;979;980;981;983;987;988;990;992;995;996;998;1000
211;2;3;6;7;9;10;12;13;19;20;21;23;24;25;26;28;29;31;33;39;41;42;43;49;51;52;53;54;57;58;59;63;64;68;69;70;71;76;79;80;85;88;89;90;92;95;99;104;106;108;110;112;114;116;118;121;122;124;126;127;133;136;139;140;141;143;146;147;150;153;155;157;160;161;162;163;165;172;173;175;180;183;186;188;190;193;194;195;198;200;201;202;205;206;209;210;213;214;217;221;223;224;225;226;227;229;233;234;236;239;240;242;246;247;251;256;258;259;260;262;264;265;266;272;274;275;279;280;282;283;287;292;293;295;296;297;298;299;301;302;303;304;308;312;313;314;321;324;326;330;334;335;338;340;341;343;346;347;348;352;353;354;355;356;357;362;363;364;365;367;369;370;371;373;374;375;376;377;378;379;381;383;384;385;386;388;389;392;393;398;399;400;411;413;414;417;419;420;421;423;424;427;428;431;435;437;440;441;444;446;452;453;454;459;460;461;462;463;464;467;468;470;471;473;475;476;477;478;479;483;484;485;486;488;489;490;494;504;507;512;514;515;519;522;523;525;527;529;531;532;533;535;537;538;539;541;543;544;545;546;547;548;551;553;555;556;558;559;560;562;563;565;566;569;570;571;572;573;575;577;578;579;581;582;584;585;586;591;592;597;598;599;600;602;604;605;606;607;608;611;612;613;614;615;617;620;623;624;625;626;630;636;638;642;643;645;647;649;650;651;652;653;654;655;656;657;658;661;663;664;668;671;672;674;678;682;683;685;687;689;692;693;694;695;697;700;701;702;703;704;705;707;709;711;712;713;716;717;718;723;727;728;732;733;734;735;736;737;738;739;741;742;743;744;747;751;754;760;761;763;769;770;771;775;776;777;778;780;781;782;784;785;789;791;793;795;796;797;809;810;813;817;818;820;821;822;823;824;825;827;828;830;832;834;839;840;841;843;844;845;846;848;851;858;860;861;863;864;866;867;868;871;874;879;880;881;882;883;884;889;890;892;893;897;898;899;901;904;907;908;909;910;912;913;915;917;918;920;923;925;927;930;931;934;936;937;938;940;942;944;945;946;949;950;956;957;958;959;963;965;966;968;973;974;976;977;978;979;980;982;983;986;987;988;989;993;994;995;996;997;998
212;2;5;7;9;11;12;13;15;16;17;18;19;20;24;29;31;32;35;36;38;40;41;45;46;49;53;55;56;57;58;64;73;77;78;80;81;82;83;84;86;87;90;93;94;97;99;101;105;106;107;108;113;115;121;122;124;130;135;137;138;141;142;143;146;148;150;158;159;161;163;164;165;166;167;176;182;186;187;189;190;192;193;194;195;196;197;199;206;208;209;210;215;216;218;220;221;222;223;227;228;229;230;231;233;235;236;237;238;241;242;245;246;247;249;254;256;257;259;260;261;265;270;272;273;276;277;278;281;283;286;287;288;289;291;292;296;297;300;304;305;306;309;311;313;317;322;323;324;326;327;328;333;334;335;338;339;342;344;348;351;354;355;357;358;359;362;363;364;365;366;368;370;371;374;375;376;378;380;382;385;386;388;390;392;393;394;395;396;398;399;400;401;403;404;405;410;411;412;415;416;418;420;421;423;424;425;426;429;431;432;433;434;436;438;439;441;445;447;448;450;453;455;460;464;466;467;468;470;473;475;477;478;481;482;485;486;487;488;490;491;492;494;496;497;499;500;503;504;505;506;507;509;510;511;513;514;515;516;517;520;521;523;525;528;529;530;535;538;539;547;550;551;553;554;555;556;557;560;561;562;568;572;574;575;577;581;582;583;585;586;587;590;596;597;598;600;602;603;609;612;613;615;616;617;618;621;622;624;629;635;636;642;643;644;647;649;650;651;653;654;655;656;657;658;660;661;662;664;665;667;668;670;674;675;676;677;678;680;682;688;689;692;693;695;699;701;709;711;712;715;719;721;722;723;728;729;732;735;739;743;744;747;750;751;752;754;755;756;757;760;763;764;766;767;770;771;773;779;780;782;783;784;785;786;787;788;789;793;794;797;798;802;804;805;806;807;808;810;811;818;819;820;825;827;828;829;830;833;835;836;843;845;848;851;852;853;860;862;864;866;867;869;870;873;874;879;880;883;884;885;889;891;893;894;900;901;903;905;906;908;909;910;911;912;913;914;915;917;919;920;922;924;925;926;927;930;938;939;940;941;942;943;944;945;948;949;950;955;958;959;961;962;964;969;970;971;975;977;978;979;980;983;986;987;989;990;992;995;997;998
213;1;2;3;7;9;10;11;12;13;14;18;23;24;27;29;32;33;34;36;38;40;41;45;48;50;51;52;55;56;57;59;60;61;63;64;66;68;71;72;74;75;76;78;80;81;84;87;88;89;91;92;93;94;95;96;98;99;100;101;103;104;106;108;109;110;112;113;114;115;119;120;121;122;124;125;126;127;129;130;133;135;136;139;140;141;143;144;145;146;148;149;154;155;157;158;159;160;161;164;165;168;169;171;172;173;174;175;178;180;181;185;192;193;196;199;201;206;207;209;211;215;216;218;221;223;224;228;229;230;232;233;234;235;237;238;239;240;241;243;244;247;249;251;253;255;257;258;261;262;263;265;266;268;270;274;275;276;278;279;281;282;286;288;291;293;295;296;302;303;304;306;309;310;312;315;316;321;322;324;327;329;330;332;333;335;337;339;343;344;347;349;350;351;352;353;356;357;360;365;368;370;371;372;373;377;378;380;383;384;385;386;388;391;392;393;394;397;398;399;400;404;407;409;413;414;417;418;419;420;421;423;425;426;427;429;430;432;434;436;437;439;440;441;442;445;446;447;449;450;451;453;455;456;457;459;461;462;463;468;469;471;472;476;478;480;483;484;485;486;489;491;492;493;495;499;500;501;502;503;505;506;507;509;510;513;518;519;520;521;522;525;529;531;534;535;536;538;539;541;542;545;546;547;548;551;553;555;562;564;565;566;568;570;572;573;578;585;586;592;593;595;599;603;604;605;607;608;609;611;615;616;620;622;623;624;625;626;627;630;631;632;633;638;640;641;645;649;650;656;657;658;659;661;662;664;665;666;667;668;669;670;671;674;675;677;678;680;683;685;688;690;691;692;693;694;695;699;700;701;702;704;706;708;709;711;714;715;716;717;718;720;722;724;726;728;730;731;734;736;739;740;742;744;747;748;751;753;755;756;758;759;761;764;769;771;773;774;775;776;778;781;782;783;784;785;786;789;791;794;795;796;798;800;802;803;804;805;807;808;811;813;814;815;816;818;820;823;824;825;828;832;833;834;835;837;839;842;844;845;846;849;851;852;853;855;857;858;860;864;865;867;868;870;873;876;877;881;883;884;885;886;887;888;890;891;892;894;896;897;898;900;902;903;904;906;907;908;909;916;918;919;921;922;926;928;929;930;931;938;940;943;944;945;951;954;955;956;961;962;965;966;967;971;972;974;976;977;978;981;982;983;989;991;994;995;996;998
214;1;2;3;4;13;15;16;17;19;20;21;23;25;26;27;31;33;36;37;38;40;41;43;44;52;54;55;57;58;60;62;63;64;67;69;71;72;74;75;76;78;79;80;82;83;84;85;87;90;92;93;94;95;96;99;101;105;107;108;114;117;118;121;122;123;124;125;126;127;129;130;131;132;133;134;135;136;137;138;139;140;141;143;144;145;146;148;151;152;153;154;156;158;161;163;164;167;170;171;172;173;174;175;176;179;180;182;183;185;188;190;191;192;193;194;195;198;202;205;207;210;211;217;221;222;224;225;226;227;228;229;232;233;234;235;236;240;244;246;249;250;251;253;254;256;257;258;259;260;262;264;265;266;268;269;270;271;272;274;276;277;280;283;285;287;292;294;297;298;299;301;308;309;312;315;316;317;318;319;320;322;324;326;327;329;332;335;337;338;339;342;344;345;346;347;348;349;351;352;354;355;356;358;361;363;367;369;370;371;374;380;381;383;384;388;390;391;395;398;399;403;404;405;407;408;409;410;414;415;416;418;419;424;426;428;429;431;432;433;435;437;444;446;449;451;453;454;457;458;460;461;462;464;465;466;468;475;477;481;483;484;486;487;489;491;492;493;496;497;498;502;503;504;505;506;509;512;513;514;515;516;517;518;519;520;522;523;524;529;530;531;534;535;537;540;542;545;548;551;552;553;554;555;557;559;561;563;564;565;566;567;573;580;581;584;586;587;589;591;592;595;597;599;601;602;603;610;613;614;618;619;621;626;630;632;633;634;635;636;637;640;642;645;646;648;649;650;651;652;653;656;657;658;660;663;664;665;669;671;672;674;675;676;678;681;685;686;687;689;690;697;698;699;700;703;704;705;707;708;712;716;718;719;722;723;724;725;726;727;728;729;730;731;732;733;736;737;741;743;745;748;749;750;757;758;760;761;767;768;770;771;773;774;776;777;780;784;787;793;795;796;798;800;802;803;806;808;809;812;813;814;817;819;820;821;827;828;829;833;834;835;836;838;840;841;843;848;849;853;854;855;858;860;861;864;868;870;872;873;874;875;877;880;881;884;887;889;893;894;896;897;900;902;903;904;906;908;913;919;923;930;931;935;936;937;938;939;940;942;943;945;946;947;948;950;952;954;956;957;958;960;962;963;967;968;969;970;971;973;974;976;978;979;981;982;983;984;986;988;990;992;994;995;999
215;1;5;7;8;10;13;14;15;16;17;18;20;21;23;24;25;30;31;34;37;38;39;40;42;47;48;49;51;52;54;55;56;59;60;61;63;66;67;68;69;70;72;74;79;80;81;82;85;87;91;92;93;94;95;101;102;104;105;109;111;112;115;117;120;123;125;127;132;134;136;137;139;141;142;145;148;149;151;154;157;158;160;161;165;166;168;170;171;173;175;177;178;179;180;181;185;188;191;193;194;199;202;205;206;209;210;212;213;216;219;220;222;223;225;226;229;230;232;233;236;239;241;242;243;245;246;248;251;253;254;255;256;257;259;261;263;264;266;271;272;273;274;275;276;277;281;282;283;284;285;286;288;290;291;292;293;294;297;300;302;305;308;310;313;314;315;316;317;319;320;321;324;325;326;329;330;331;332;334;335;336;341;342;343;350;352;354;355;356;359;361;363;364;365;366;369;370;371;375;378;379;380;382;383;384;389;390;393;396;400;402;405;406;408;409;412;413;414;418;422;423;426;427;431;435;436;440;441;443;446;450;451;452;455;457;458;459;461;462;463;472;474;475;476;477;480;484;485;486;492;494;495;496;497;498;499;500;502;504;505;506;509;511;513;515;517;518;521;527;528;529;532;534;535;537;538;540;542;544;545;546;547;550;554;555;557;558;561;564;565;570;572;575;576;577;580;583;584;585;586;588;589;590;592;594;595;596;597;598;599;600;601;603;605;611;612;613;616;618;621;623;625;626;628;629;631;632;635;636;638;639;640;641;648;653;656;657;658;661;665;667;669;671;672;673;676;678;682;683;684;685;689;691;693;694;695;696;697;698;700;701;702;703;704;705;706;707;710;711;712;713;717;718;719;723;724;726;727;728;730;731;732;733;735;736;737;739;742;746;750;755;756;757;759;760;762;763;764;766;769;773;774;775;779;780;781;782;783;784;785;786;787;788;789;791;796;798;801;803;808;809;810;811;812;813;814;817;818;820;821;822;823;824;827;831;832;835;836;838;841;844;845;849;850;851;853;854;856;857;859;865;866;869;870;872;874;877;880;882;883;884;886;887;888;889;890;891;893;894;901;902;903;904;910;912;913;915;916;917;920;922;923;924;925;927;928;929;931;932;934;937;940;941;942;943;944;946;948;949;950;952;955;956;958;963;966;967;968;969;970;971;972;973;974;975;976;979;980;982;984;985;988;990;993;995;996;997;998
216;1;8;9;10;14;22;24;25;28;29;30;31;32;38;43;44;46;49;50;52;53;56;57;59;61;62;67;68;71;72;74;76;77;78;80;81;83;84;87;88;89;91;92;93;98;100;102;104;106;107;110;111;116;119;121;122;125;126;127;128;129;131;132;135;136;138;140;146;147;150;153;154;155;159;160;161;163;164;166;169;172;173;175;176;181;183;187;188;189;190;191;192;193;196;198;201;205;208;209;212;213;215;217;220;222;224;225;228;230;231;232;233;234;235;236;237;239;240;241;242;243;244;245;249;252;253;254;255;258;259;260;263;266;267;268;271;272;273;274;275;277;279;280;281;282;283;284;288;290;291;292;293;296;299;301;303;308;309;311;312;314;316;318;321;323;325;328;329;331;332;333;335;337;340;342;344;346;349;350;351;352;353;354;357;359;361;363;364;366;367;370;373;376;378;379;382;383;384;387;388;391;393;394;396;398;401;402;403;404;405;407;409;411;415;418;419;420;421;423;425;426;427;429;431;436;438;439;440;442;445;451;453;457;458;460;462;463;466;470;473;474;475;478;481;482;485;487;489;491;492;496;498;499;502;503;504;512;517;521;522;524;525;529;530;531;533;534;535;536;537;538;539;542;544;545;551;552;553;554;555;557;558;559;561;562;563;564;566;570;571;572;573;579;580;583;585;586;588;590;599;600;601;604;606;609;611;613;614;620;622;623;626;628;629;630;632;633;635;638;640;641;642;643;645;649;651;653;657;658;659;663;666;670;671;673;674;677;678;681;684;685;687;691;692;694;698;699;700;706;710;711;713;714;715;717;718;720;721;724;726;727;728;730;733;734;738;739;741;744;748;751;752;753;754;755;757;759;763;765;767;768;769;770;772;775;778;779;782;786;787;788;789;790;792;793;796;797;801;803;804;805;806;810;811;813;815;816;819;820;822;823;825;832;833;834;837;840;842;845;847;848;853;857;861;863;868;870;872;874;877;880;884;885;889;890;891;895;896;897;898;900;903;907;908;911;912;913;915;916;920;921;923;928;929;930;933;935;938;939;940;941;942;943;944;947;950;951;953;955;956;958;959;962;965;974;976;981;983;985;987;989;991;993;994;996;998;999
217;1;2;3;4;5;6;11;12;13;17;19;23;25;27;28;29;35;36;38;39;40;42;45;46;47;48;53;54;55;60;61;62;65;66;69;70;72;73;75;79;80;83;85;87;88;89;93;96;98;99;101;102;104;108;110;111;112;114;115;116;120;121;122;125;126;127;130;131;132;133;134;136;138;140;142;143;150;153;154;156;157;158;160;161;162;163;165;166;167;168;170;178;179;181;186;187;188;190;196;199;205;206;209;211;214;216;220;225;231;232;234;235;238;240;241;244;246;249;250;252;254;256;257;260;261;262;263;264;270;272;274;279;284;285;286;287;289;290;292;295;300;301;302;304;306;309;310;311;314;316;317;321;326;328;331;333;336;338;339;340;341;343;344;345;346;347;349;350;358;361;362;363;365;366;368;369;370;373;375;376;379;380;381;382;383;384;385;387;388;389;390;394;395;397;399;400;403;404;405;408;409;410;411;413;415;416;417;419;423;426;434;436;437;440;441;442;445;447;450;451;453;454;457;458;459;460;461;462;464;465;466;468;470;471;472;475;476;478;479;481;482;483;484;485;486;487;488;489;491;493;494;497;498;500;501;502;505;506;509;510;511;513;515;518;520;521;522;523;526;527;528;529;530;531;532;533;534;536;538;540;547;548;551;552;553;555;556;558;560;562;564;565;566;575;576;578;583;586;588;589;592;593;594;595;597;598;599;600;602;603;605;608;610;611;614;615;619;621;622;624;626;627;628;630;632;634;635;637;638;639;643;645;648;652;653;659;660;661;662;663;665;666;667;670;672;673;674;675;678;683;684;685;686;687;688;691;692;695;696;697;699;701;705;707;708;709;710;711;712;716;718;719;720;721;723;724;725;726;727;728;729;731;732;734;736;740;746;749;750;753;754;755;756;758;759;760;761;764;765;766;778;782;783;786;787;788;789;790;791;792;794;795;798;799;801;802;805;807;809;811;812;814;815;819;820;822;825;826;831;832;833;839;841;842;843;845;849;851;857;859;860;861;862;864;868;869;871;878;879;882;885;886;887;890;894;897;900;902;904;906;907;910;911;912;914;917;918;922;924;925;926;927;928;933;934;937;940;941;945;946;950;953;955;956;959;960;962;966;967;968;972;973;974;977;984;985;987;989;992;994;995;997;998;999;1000
218;3;4;5;7;14;15;20;21;22;25;26;28;30;34;35;37;41;46;47;48;49;51;53;55;56;57;58;62;64;66;67;68;69;71;74;75;76;79;80;83;89;90;92;96;97;100;101;102;107;108;111;112;113;116;119;122;123;124;128;130;135;136;139;140;144;145;146;147;148;149;152;153;155;158;159;160;161;162;166;169;170;172;173;174;176;177;178;181;182;183;184;185;186;188;191;192;197;198;199;200;201;202;203;204;205;206;208;212;213;219;223;224;226;227;228;229;232;233;236;238;239;243;246;247;249;254;255;257;259;263;265;268;269;275;276;278;279;284;287;289;290;291;294;297;299;302;304;305;307;308;310;311;314;315;319;321;322;324;325;326;327;328;329;331;332;333;334;335;337;339;342;343;345;346;348;352;354;357;358;359;360;361;363;365;369;370;371;374;376;377;380;382;383;389;392;394;395;396;397;398;400;402;403;405;407;408;413;415;417;418;419;420;421;422;423;424;426;428;429;430;432;435;436;437;438;440;441;444;445;451;457;458;459;462;463;464;466;468;469;470;471;475;476;478;480;481;482;488;490;491;494;496;503;504;505;506;507;508;509;512;513;514;515;516;517;521;523;524;529;531;532;534;539;544;545;546;547;551;553;555;556;558;561;562;563;565;566;567;568;570;571;573;575;576;578;579;580;583;584;585;589;592;593;594;595;596;598;599;600;601;602;604;605;606;609;610;613;614;616;622;625;628;630;631;633;634;635;640;649;650;653;654;656;658;659;660;661;663;664;666;668;669;670;671;672;673;674;676;679;681;682;684;685;686;687;689;690;693;695;697;698;700;702;705;707;710;711;712;715;722;723;724;725;729;730;734;735;737;739;741;742;743;748;749;750;752;753;758;760;761;762;763;764;765;766;767;773;774;775;777;778;779;780;781;784;785;787;788;791;793;795;797;798;801;803;805;806;807;808;812;813;816;821;822;824;827;828;830;833;834;835;836;837;840;841;845;846;850;852;855;860;862;863;865;866;868;870;872;874;875;878;881;882;883;886;888;890;892;897;900;901;907;908;909;910;922;923;924;926;928;929;930;931;937;938;940;943;945;947;949;950;952;954;958;961;962;963;964;967;969;972;973;974;976;978;980;985;987;988;989;993;996;997;998;1000
219;1;2;4;6;8;9;11;12;13;16;17;18;19;20;22;24;26;28;29;30;32;33;34;37;38;40;42;46;50;51;52;54;55;57;58;59;62;63;64;66;70;71;73;74;76;82;87;88;92;93;97;98;100;101;102;105;107;110;114;116;119;123;125;127;129;132;134;135;137;139;140;143;144;145;146;147;148;149;150;151;152;153;156;159;161;162;165;167;172;176;177;180;182;183;184;185;187;190;192;196;198;199;200;202;206;207;208;215;218;221;222;223;228;230;233;234;237;238;240;246;247;248;249;250;252;254;255;256;257;258;266;267;268;269;270;272;274;276;280;281;282;289;294;299;300;301;302;303;305;306;307;310;314;316;319;320;322;324;325;328;330;332;333;338;340;341;344;346;347;349;352;355;358;359;363;364;365;367;368;369;371;372;375;381;385;387;388;391;396;398;400;401;402;403;408;409;412;414;415;416;419;420;425;426;427;430;431;432;437;438;440;441;442;445;447;448;449;450;451;452;456;458;459;461;464;466;469;473;476;477;482;483;485;489;491;493;494;495;497;498;499;500;502;503;504;505;506;507;509;510;511;512;515;516;517;521;523;524;526;528;531;532;533;534;535;537;538;539;540;544;546;550;552;553;554;555;556;558;559;560;562;563;564;574;575;576;578;579;583;584;586;590;593;594;599;600;601;603;609;610;613;616;617;619;623;624;625;626;629;631;634;636;637;640;641;642;643;645;647;652;653;654;658;660;666;673;674;675;684;685;687;688;691;692;693;695;696;700;702;703;708;710;712;713;714;715;719;722;723;724;727;729;730;731;733;737;738;744;746;747;748;752;754;757;758;759;761;764;766;767;770;771;775;776;778;779;780;782;784;785;786;789;790;791;792;796;798;801;802;803;804;805;806;807;808;809;810;811;813;815;817;818;820;822;824;828;829;831;832;833;834;836;837;839;840;841;844;845;846;847;850;852;854;855;862;865;866;867;871;872;873;875;877;878;882;885;887;888;890;893;896;897;898;900;901;903;906;907;911;914;918;919;921;924;925;926;927;928;929;933;937;939;941;942;943;944;948;949;950;951;954;955;957;959;963;966;967;968;969;971;975;976;977;980;981;982;983;986;987;988;989;990;991;992;996;999
220;1;3;4;6;8;9;10;11;12;13;14;15;16;17;22;23;28;29;30;31;32;43;44;45;46;48;49;51;52;54;55;56;57;58;64;70;74;79;80;83;84;86;87;91;95;99;101;106;108;110;111;114;115;116;117;120;121;123;124;125;127;128;134;135;138;141;142;145;146;147;149;151;153;157;158;159;163;164;165;167;168;169;171;172;178;185;186;188;189;190;191;192;193;194;196;198;200;203;204;206;207;209;210;212;215;216;217;222;224;225;226;228;229;230;231;238;240;242;243;244;245;246;248;249;250;251;256;258;259;261;266;267;268;270;275;276;277;278;279;280;281;285;287;288;289;290;291;292;293;296;297;298;300;307;310;311;312;313;314;316;319;324;326;327;331;332;333;335;337;340;341;344;349;350;351;354;358;364;365;366;367;372;375;376;377;378;380;384;392;396;400;403;404;405;407;409;411;412;414;415;417;420;421;424;426;427;430;431;432;434;435;437;438;439;443;446;448;450;451;453;455;456;461;462;464;466;467;468;471;478;479;480;482;483;484;485;486;489;490;495;499;500;501;502;503;504;505;506;509;511;512;514;517;518;519;523;524;525;527;530;532;533;535;538;540;541;542;543;545;547;548;551;553;555;557;560;561;563;564;565;566;570;571;576;577;579;581;583;584;586;587;588;590;593;595;599;601;602;603;605;607;611;614;618;619;620;621;622;623;624;626;628;634;636;637;639;640;641;643;645;646;649;650;651;654;658;663;665;666;668;669;670;671;673;678;682;683;684;686;687;688;690;692;695;696;697;700;702;703;706;707;709;710;712;714;715;719;720;722;724;725;728;730;732;733;734;735;736;738;740;741;742;743;744;745;748;749;755;756;760;763;764;768;772;773;777;778;780;781;782;784;786;787;788;789;793;794;798;799;801;802;805;806;809;811;813;816;817;818;819;821;822;824;825;826;829;830;832;835;836;837;838;839;840;842;843;846;850;852;853;855;856;857;858;859;860;861;864;871;873;874;875;876;877;878;880;882;886;887;891;897;898;900;902;903;906;909;910;913;914;918;920;921;922;923;924;925;927;930;932;933;935;937;940;941;943;944;946;947;950;951;953;955;957;964;967;968;969;971;976;977;979;980;983;985;986;987;989;990;991;992;994;995;998;999;1000
221;4;10;11;16;17;18;19;20;23;24;25;27;30;32;33;38;39;42;43;44;45;49;53;54;56;61;62;63;64;65;67;69;73;75;76;80;81;82;84;86;87;90;91;94;95;97;98;100;101;105;106;108;111;112;113;115;116;117;121;125;126;127;129;131;133;134;135;136;137;139;142;146;148;153;154;156;157;160;163;164;170;173;174;175;179;180;181;184;185;186;187;188;190;191;192;194;195;198;199;202;204;206;207;209;211;212;213;214;219;226;227;229;230;232;234;237;238;240;241;243;244;245;247;249;250;251;252;255;259;262;265;267;268;269;271;273;275;276;278;280;281;284;285;288;289;290;296;298;301;303;305;307;308;309;313;314;315;316;318;320;323;324;329;333;334;335;337;339;341;343;344;346;347;348;349;351;352;353;355;356;359;360;361;363;366;369;371;373;374;377;381;382;384;386;387;388;389;390;391;392;394;397;401;404;405;409;410;411;412;413;414;415;418;422;426;428;432;433;436;437;439;442;443;444;445;451;453;455;456;457;461;465;466;467;471;475;477;478;479;480;482;488;489;490;491;492;494;496;499;500;501;505;506;510;511;512;513;514;518;519;522;524;528;529;533;539;541;542;543;545;546;550;552;553;557;559;565;568;569;571;572;573;575;577;578;581;583;587;588;589;590;591;592;593;599;601;602;606;613;615;617;618;620;621;623;624;626;628;630;634;642;643;648;649;654;655;658;662;663;666;668;671;672;679;681;682;683;684;687;689;691;695;697;698;699;700;701;702;703;705;706;709;710;711;713;716;717;718;720;721;724;725;726;728;729;731;733;737;741;742;744;745;747;748;749;751;752;753;754;757;758;761;763;768;772;773;774;776;778;779;783;785;786;792;793;795;798;800;802;803;805;809;811;812;813;814;815;824;827;828;829;832;836;840;841;844;847;849;854;857;860;861;862;863;865;867;868;869;870;873;874;877;881;883;887;888;890;892;894;896;897;904;905;907;909;910;912;915;916;919;920;921;923;925;927;929;931;932;933;934;935;936;939;940;941;943;945;947;950;954;955;960;963;964;965;967;969;970;973;974;975;978;979;980;983;984;986;988;989;990;992;995;996;999;1000
222;2;6;8;11;12;13;15;16;17;18;20;25;26;27;30;32;33;34;35;36;37;40;41;42;43;44;45;46;48;51;53;56;57;59;66;67;68;69;70;72;75;78;79;81;90;91;102;103;108;109;110;111;115;118;124;126;127;128;129;130;131;132;133;136;140;142;143;144;145;146;148;149;151;158;162;164;168;175;176;179;180;181;183;184;186;188;190;192;193;194;195;196;199;204;205;206;208;209;210;212;214;215;216;219;220;225;227;228;231;234;235;236;237;239;240;242;245;248;249;251;252;255;256;257;260;261;262;265;266;268;269;271;275;277;278;280;281;284;286;289;294;297;298;299;300;302;305;307;309;311;313;314;315;316;319;322;323;326;328;329;330;331;333;334;336;341;342;344;346;347;348;350;351;352;355;356;357;358;360;362;363;365;367;369;370;374;375;378;379;382;383;385;388;389;390;397;398;399;402;403;408;410;411;412;413;414;418;419;424;425;426;430;431;433;434;436;438;441;442;445;447;448;449;453;456;457;458;459;462;463;468;469;471;472;476;477;479;480;481;482;483;484;490;491;493;494;496;497;507;509;510;511;512;513;516;517;522;523;524;526;531;533;536;538;539;540;544;545;546;548;550;551;553;554;559;560;564;566;569;570;572;575;576;582;585;586;587;588;590;592;593;595;596;597;598;601;606;608;609;610;611;613;614;615;617;618;620;621;623;624;626;627;630;632;634;636;642;644;646;648;651;653;654;656;657;660;663;665;666;667;668;669;670;671;673;674;675;676;679;681;684;685;689;690;691;692;693;694;695;696;698;699;700;701;702;703;707;708;710;711;713;714;715;718;721;723;728;730;731;735;738;741;745;747;748;749;751;752;753;754;757;759;763;765;767;768;770;773;778;779;782;783;787;788;792;793;794;796;797;801;802;803;805;806;807;809;810;815;816;820;823;829;831;832;833;834;835;836;837;839;844;845;846;848;849;850;852;853;855;856;857;861;865;866;869;870;871;873;875;876;877;878;881;882;887;889;891;899;900;902;904;908;909;910;915;918;919;923;924;929;930;931;932;933;938;939;940;942;944;945;947;948;949;951;953;955;956;958;960;961;962;963;965;966;967;968;969;970;971;974;976;978;979;981;982;985;986;988;990;991;993;994;997;998;999
223;1;2;3;4;7;8;9;10;11;13;15;17;19;20;23;24;32;34;36;37;41;42;43;44;45;47;48;50;52;55;56;57;59;62;63;66;67;68;71;72;73;74;76;77;78;79;80;82;84;85;86;88;89;90;94;100;104;105;106;108;109;110;112;114;116;119;120;122;123;124;125;127;128;131;132;133;134;135;138;139;140;141;143;146;147;148;149;150;151;152;154;155;158;160;161;162;164;165;166;169;170;178;183;184;185;186;187;188;189;191;192;193;194;196;197;199;200;203;204;205;211;212;213;215;218;219;224;225;227;235;236;237;238;239;241;246;248;249;251;254;255;256;257;259;260;261;262;265;268;269;271;272;275;283;284;285;289;290;295;297;302;303;307;309;312;316;317;322;323;324;326;328;330;332;335;336;337;339;340;342;346;347;350;351;352;354;357;368;369;372;373;375;376;377;378;380;382;383;384;387;388;389;390;391;392;393;394;395;398;402;405;407;410;413;414;415;416;424;426;429;433;435;438;439;443;444;450;451;452;453;454;455;456;457;459;461;462;463;464;465;468;469;471;473;474;476;477;478;480;482;483;484;485;487;489;492;494;499;501;504;507;510;511;512;514;516;517;518;519;521;522;523;524;531;532;534;536;537;538;539;542;544;546;548;554;555;559;560;561;562;564;567;570;571;573;575;583;584;590;591;593;595;596;598;601;602;603;606;610;616;617;618;619;621;622;623;624;627;628;634;636;637;638;639;640;641;642;643;645;647;651;652;653;654;657;659;661;662;664;665;666;667;670;672;673;677;678;679;680;683;686;687;689;690;697;698;700;701;702;703;705;706;711;713;714;715;716;718;719;721;724;725;726;728;729;733;735;738;741;742;743;744;748;750;752;753;754;755;757;758;762;763;764;769;771;772;773;774;776;777;779;780;783;785;788;790;791;794;797;799;801;803;806;807;809;811;812;813;815;816;822;823;824;826;830;832;833;834;836;837;840;846;848;850;856;857;864;866;867;868;870;872;873;875;876;877;879;880;881;882;885;886;887;890;891;894;898;899;900;901;902;905;911;912;916;917;922;923;924;926;928;929;930;932;933;936;937;939;940;941;942;943;946;947;949;950;951;955;958;961;962;963;964;965;968;969;971;977;978;985;986;987;988;991;992;993;994;995;998;1000
224;4;7;9;12;15;16;17;21;24;25;31;33;34;35;38;39;41;42;43;46;47;48;51;55;59;62;63;64;65;69;70;72;73;74;75;80;83;84;91;92;95;97;99;100;101;102;104;106;111;112;113;114;115;116;118;119;121;123;126;127;128;131;132;134;137;138;140;143;144;145;146;147;148;149;150;151;154;155;157;158;162;163;164;165;166;167;168;171;172;174;178;179;180;181;182;183;184;188;189;190;193;194;198;199;200;201;203;205;206;207;210;211;213;214;216;218;220;223;226;227;230;235;238;242;243;251;253;254;255;256;257;259;263;268;270;272;273;274;275;278;281;282;288;290;291;295;296;301;302;303;304;307;309;310;311;319;321;322;324;328;329;331;333;336;337;338;340;342;345;346;347;349;350;355;357;359;360;362;363;364;365;367;371;372;375;376;377;378;379;385;387;388;389;393;394;396;401;405;407;409;412;413;418;419;421;422;423;426;429;431;439;440;442;443;445;446;447;449;451;452;454;455;457;459;460;463;465;468;471;472;474;476;477;480;482;486;487;489;493;496;498;500;502;504;505;506;508;512;515;517;518;519;520;521;522;524;526;527;528;529;531;532;533;536;537;539;540;541;543;547;550;551;552;554;555;556;557;560;561;569;570;572;574;575;577;580;584;587;588;590;592;595;596;598;602;604;605;607;609;611;614;616;617;618;623;624;625;626;627;628;629;632;634;639;640;642;644;647;648;651;653;656;657;658;663;664;666;669;671;672;675;676;679;680;682;684;688;690;691;694;698;700;701;702;703;704;705;706;708;713;715;716;718;719;722;724;725;726;728;729;730;732;733;735;736;737;740;743;745;746;747;749;754;755;757;765;766;768;769;770;772;773;774;775;776;777;778;779;781;784;786;788;789;792;794;800;801;803;804;808;809;811;812;814;817;820;822;823;824;827;828;830;831;836;838;839;841;843;847;848;850;851;852;853;854;855;857;860;862;863;864;866;868;869;870;871;872;873;875;876;883;884;889;890;891;892;893;897;900;903;905;910;911;913;915;916;917;918;922;924;925;926;927;928;934;935;937;938;939;942;950;952;955;956;958;962;965;966;969;970;972;974;977;978;981;982;984;987;989;993;996;998;999
225;1;2;3;4;7;9;11;15;16;18;23;24;26;27;29;31;32;33;34;35;37;39;41;47;48;50;52;53;58;61;66;67;68;69;72;76;78;80;81;84;88;90;92;102;103;106;109;110;111;115;117;118;119;121;123;127;128;129;130;131;132;136;137;140;141;142;143;145;147;152;153;155;156;157;161;168;169;170;171;174;178;180;183;186;196;198;199;201;203;204;205;207;208;210;211;214;215;216;217;220;222;223;226;227;229;230;234;235;236;237;238;240;244;246;248;252;255;256;258;259;260;262;263;265;267;270;271;275;276;277;278;281;286;287;289;290;296;298;299;300;301;302;304;305;306;308;309;310;315;316;321;322;323;326;328;329;331;332;334;336;338;339;340;341;342;344;345;349;351;355;358;367;368;369;370;371;372;375;376;377;378;379;384;389;390;391;392;394;395;397;398;399;403;404;405;408;409;411;413;416;417;418;420;421;423;424;425;426;427;428;429;430;432;434;438;439;441;443;444;445;447;448;451;452;455;462;463;465;466;470;472;473;474;476;478;481;482;483;485;486;487;492;494;497;499;501;506;507;508;510;511;514;517;518;519;521;522;524;527;530;531;532;534;535;536;537;538;539;540;541;544;548;549;550;551;552;553;554;555;563;565;566;567;570;571;573;575;577;579;581;585;594;595;597;598;599;601;604;606;607;608;609;616;617;619;621;622;623;626;627;628;629;631;633;634;636;638;641;642;644;646;647;649;658;659;660;661;662;664;665;670;671;674;675;677;680;681;682;683;690;692;693;696;698;703;704;706;707;709;710;715;717;722;723;724;725;726;727;729;730;737;740;741;742;743;745;746;747;750;751;755;757;761;763;765;767;768;774;777;779;782;783;785;787;788;789;790;793;794;795;796;797;799;800;801;802;805;806;808;809;810;812;815;818;821;823;824;825;826;828;829;830;831;833;835;840;844;845;846;847;850;851;852;853;855;856;862;863;864;865;870;872;875;876;877;879;880;881;882;883;885;887;889;891;893;895;900;901;902;903;904;905;906;908;909;910;912;914;915;916;918;919;921;922;923;924;927;928;929;931;932;935;936;937;939;945;946;950;951;952;958;959;960;962;964;966;973;974;976;977;978;983;984;985;989;992;994;995;996;1000
226;1;4;6;8;13;16;17;18;19;20;21;22;24;25;28;32;33;36;38;40;44;45;51;52;53;54;55;56;57;58;61;68;69;70;71;72;78;80;82;83;84;85;86;89;90;94;98;99;102;105;106;107;109;110;112;117;118;119;121;124;125;126;128;133;134;135;136;138;146;147;149;151;153;155;159;161;163;167;168;169;171;172;173;174;175;176;178;179;181;186;187;188;190;191;192;195;197;198;200;201;202;203;209;211;214;215;218;220;221;224;225;227;230;234;238;239;240;243;248;249;250;252;254;255;258;259;261;262;265;266;269;276;279;282;284;286;291;292;293;294;295;296;298;299;300;302;304;305;307;308;309;313;315;316;317;318;320;321;322;323;326;331;336;338;339;342;343;344;345;346;350;353;360;361;362;363;364;365;366;369;373;375;376;377;378;379;380;383;384;385;388;389;390;392;393;394;395;397;402;403;404;405;407;410;413;414;417;418;422;423;426;428;430;432;434;435;436;439;440;441;442;443;444;445;446;449;450;453;456;458;459;461;462;464;466;467;468;469;471;477;480;481;483;488;489;491;494;495;496;498;499;502;503;504;507;508;509;510;512;513;517;518;521;524;525;531;532;533;534;536;537;539;540;542;543;545;546;549;553;554;558;569;571;574;575;576;580;582;583;585;586;591;593;594;595;599;600;603;605;611;613;615;616;617;619;620;621;622;625;632;633;635;638;640;641;642;643;644;646;649;650;651;653;654;656;660;664;666;669;670;679;681;684;685;688;689;690;692;693;694;695;697;698;699;700;704;705;706;707;712;714;716;718;719;721;723;728;729;730;731;732;733;734;735;740;741;742;746;747;748;752;754;755;756;757;759;760;762;763;764;766;770;772;774;775;779;782;783;785;787;788;792;793;794;795;797;798;800;801;807;808;809;810;811;813;814;817;819;820;821;822;823;825;827;830;832;833;834;836;837;838;840;841;843;844;846;849;852;853;855;856;858;862;864;867;868;869;870;871;873;875;878;881;882;885;888;889;890;893;896;898;899;901;903;905;906;907;908;909;915;918;923;928;930;933;934;936;937;939;941;942;944;945;946;948;949;950;954;955;959;960;961;964;965;966;968;970;971;972;973;976;977;978;979;983;988;991;993;994;996;997;998;1000
227;1;3;7;10;11;12;16;17;19;22;26;28;29;30;35;36;37;39;40;41;42;43;44;45;47;49;50;51;54;55;59;60;63;64;66;72;73;78;79;82;83;87;89;92;93;96;97;98;99;101;102;104;113;119;121;124;125;126;129;130;135;136;140;143;144;146;147;148;152;153;154;155;158;160;162;163;164;166;167;170;173;175;177;178;179;181;184;185;186;187;188;189;190;191;192;194;197;198;203;206;207;209;210;211;212;214;218;221;222;223;224;225;226;229;231;232;237;239;241;243;250;252;255;256;259;263;264;268;269;271;272;273;276;277;278;281;283;284;287;288;289;291;292;293;295;296;297;299;301;302;307;308;310;315;317;318;320;322;323;327;328;329;330;331;332;333;335;341;344;346;351;352;355;358;359;362;365;369;370;371;374;375;377;380;381;382;383;389;390;391;394;395;398;399;401;403;404;409;410;413;415;416;418;419;423;426;429;431;432;433;435;437;441;443;445;447;448;449;451;452;454;455;457;459;460;462;463;464;469;473;475;479;482;483;488;489;492;493;494;496;497;499;501;503;507;510;513;517;518;523;524;526;527;528;530;531;534;536;539;540;541;544;546;547;548;550;552;553;558;560;562;563;564;565;568;569;571;573;577;579;580;582;583;584;585;586;588;591;597;599;600;601;602;604;605;606;608;610;611;612;614;615;616;619;620;622;623;625;628;629;630;632;635;638;642;644;645;646;647;648;650;655;657;658;661;663;664;665;667;669;670;671;673;676;677;681;682;684;686;690;692;694;699;702;703;704;705;708;711;715;716;717;720;724;725;726;730;731;732;735;736;740;741;742;745;747;749;750;751;757;758;759;760;761;762;766;767;768;770;774;775;778;780;785;786;788;789;790;791;794;795;796;797;798;800;803;804;808;810;811;812;813;816;817;818;821;824;825;828;829;831;832;833;836;838;839;840;843;845;847;849;850;852;855;856;857;859;860;861;866;869;870;873;877;878;880;886;887;894;896;897;898;901;902;903;905;911;913;914;916;918;919;920;921;925;926;928;929;932;933;934;937;941;943;945;948;949;950;954;956;957;958;961;962;964;966;968;972;973;974;976;977;979;980;983;985;986;987;988;993;994;995;996;998;999
228;1;2;4;7;8;9;15;16;19;22;23;25;27;28;29;31;32;33;34;35;36;37;41;42;43;45;47;48;49;50;52;56;59;64;65;68;71;75;76;77;83;85;89;91;95;96;97;98;99;105;106;107;108;121;122;124;125;128;132;137;138;139;141;144;148;149;156;159;161;163;165;167;171;173;174;175;179;180;181;183;186;187;189;190;191;193;196;198;200;205;206;207;208;212;213;214;216;218;219;220;222;230;233;239;240;241;242;245;246;248;251;253;254;255;257;264;266;267;268;269;270;273;274;277;278;281;282;283;284;286;290;292;298;299;300;301;303;304;307;308;309;311;314;317;318;319;321;323;324;330;332;333;340;341;342;346;347;348;349;352;353;356;357;361;363;364;367;370;374;375;376;379;382;384;386;387;388;389;391;392;399;402;403;407;410;414;415;419;420;421;424;426;427;428;430;431;433;435;436;437;438;439;443;446;448;451;452;455;456;457;458;459;460;461;463;464;465;466;467;470;473;478;479;485;487;491;495;496;497;498;499;500;502;504;505;509;510;512;513;514;516;520;522;523;524;526;527;530;540;542;544;545;549;552;553;555;559;561;563;564;566;568;569;570;571;572;576;577;583;584;585;586;587;588;593;594;596;597;599;600;601;602;604;607;608;611;612;614;615;619;620;621;622;626;627;632;637;638;640;641;647;648;653;654;655;656;657;659;660;661;662;663;664;665;667;669;670;672;675;678;679;681;683;685;686;688;689;692;693;694;695;697;702;705;706;707;711;713;716;717;720;724;727;730;732;735;736;739;744;745;746;748;749;750;751;752;756;758;759;761;762;763;764;767;768;769;772;773;775;784;786;787;788;790;791;795;796;797;798;799;801;802;808;809;810;811;812;814;819;821;822;824;830;831;835;836;837;838;839;840;842;846;848;849;852;854;859;861;863;864;865;866;867;868;869;870;871;872;875;876;878;882;883;884;888;890;891;893;894;899;904;905;908;910;911;912;914;915;918;920;925;926;927;929;935;940;941;942;949;955;958;967;968;970;971;973;974;979;980;982;983;984;986;987;990;993;998
229;1;2;4;5;6;9;12;13;14;15;17;18;20;27;30;31;33;35;36;37;38;39;41;43;44;46;47;48;50;51;54;55;56;57;58;59;61;66;69;70;72;73;74;75;76;81;82;84;86;87;88;90;91;92;93;99;101;103;104;106;107;109;110;111;118;121;122;123;125;126;127;129;130;131;133;134;135;136;137;139;142;143;148;149;151;156;159;160;161;162;163;166;168;169;170;171;172;173;175;178;179;187;189;190;191;194;195;196;198;200;201;202;203;210;211;212;213;214;215;218;220;221;225;227;231;233;235;238;239;240;242;245;246;252;253;255;256;257;258;261;262;264;266;267;268;270;272;277;278;279;280;281;283;286;287;290;291;294;297;298;299;301;307;308;309;312;313;316;317;318;324;325;326;329;330;333;335;336;338;341;343;344;345;348;352;354;355;357;358;362;363;367;369;372;374;375;376;378;381;387;390;392;396;397;399;400;401;402;403;405;406;408;410;411;413;414;415;416;418;419;420;421;422;423;430;432;434;440;441;443;445;448;449;453;454;455;456;458;462;463;464;466;468;469;470;471;473;474;476;479;480;482;483;487;491;493;494;498;499;501;503;504;507;509;512;515;516;517;520;526;527;528;529;532;534;537;538;541;542;543;545;546;549;552;553;556;561;564;565;566;567;570;573;576;577;579;580;584;585;587;588;589;595;599;601;602;604;605;607;608;611;612;613;616;619;620;622;624;625;626;629;631;632;635;637;640;642;643;644;645;646;647;648;649;650;651;652;653;655;656;658;659;661;663;666;668;669;675;676;680;683;684;685;686;690;691;694;700;701;702;703;706;707;708;709;711;713;714;717;720;723;724;725;726;728;730;731;732;733;739;740;741;742;743;745;746;747;749;751;752;754;756;760;761;763;764;765;768;769;773;774;777;778;779;780;781;783;785;786;788;789;791;792;794;795;797;800;802;804;805;808;809;810;811;812;815;816;818;819;820;822;823;832;835;836;838;840;842;843;844;847;848;849;851;852;853;854;855;856;857;858;859;862;863;865;869;870;873;877;878;884;890;894;895;899;902;903;904;908;912;914;915;916;918;919;925;928;933;936;939;941;942;945;946;948;949;950;951;952;957;959;961;962;964;965;973;977;978;982;983;988;990;992;993;994;995;996;997;1000
230;2;5;6;7;9;10;12;13;16;17;18;19;20;21;23;24;25;26;27;30;31;39;40;41;46;48;49;52;53;54;56;57;58;59;61;62;64;70;72;73;75;77;80;81;82;86;87;89;90;91;94;95;96;97;100;102;103;106;112;114;115;116;117;118;120;122;123;125;126;128;129;130;131;133;136;141;142;144;146;149;151;156;159;162;163;164;165;170;171;172;173;174;176;177;178;181;182;183;184;186;189;190;191;193;194;195;199;200;202;204;206;207;208;209;212;213;215;216;219;220;221;224;225;226;228;231;233;234;236;239;240;250;252;254;258;259;261;262;264;265;267;268;270;271;274;276;277;278;279;282;283;285;286;287;289;290;291;295;296;298;299;300;301;303;304;306;312;313;314;315;316;317;318;320;321;323;327;328;330;331;333;335;336;337;338;339;340;341;350;351;353;354;355;358;360;362;366;367;368;370;372;374;375;379;381;382;383;385;386;387;388;389;390;392;406;407;409;410;411;412;415;416;417;419;420;423;424;425;426;427;428;429;434;435;436;437;441;442;443;444;446;447;450;451;454;455;457;458;464;465;467;468;473;474;477;480;481;482;483;487;488;489;490;491;492;494;495;498;499;500;501;502;504;506;507;508;509;510;512;515;516;518;519;522;524;527;529;530;532;534;535;539;541;542;545;547;553;554;555;557;560;562;563;564;566;570;573;577;578;582;583;586;589;590;592;593;594;595;597;599;602;606;610;613;615;617;618;621;623;624;625;627;628;633;635;636;638;640;641;643;644;645;646;647;648;651;652;653;659;660;664;670;672;674;678;679;681;682;683;684;686;687;688;689;692;694;697;698;699;700;701;703;705;706;708;709;710;711;712;713;715;716;719;724;727;728;730;731;732;733;735;736;738;739;742;746;751;753;754;758;759;761;762;763;764;765;767;769;774;776;777;782;784;785;789;791;793;794;799;800;803;806;808;810;816;818;819;821;823;824;825;827;828;829;830;832;833;834;837;840;844;846;847;848;850;851;852;853;856;857;859;862;865;867;869;870;874;875;877;883;886;890;893;894;895;896;897;898;902;904;906;910;912;914;915;917;922;925;926;928;932;933;936;937;939;940;941;944;946;949;950;951;952;954;957;959;962;963;965;966;968;969;973;976;977;979;981;983;984;986;987;988;993;994;996;997;998
231;1;3;6;7;8;9;10;14;18;21;22;23;24;27;28;30;32;34;37;40;41;44;46;49;54;58;60;62;64;65;66;67;69;72;73;76;77;79;80;82;87;88;90;91;92;94;99;100;102;104;105;106;110;113;114;119;120;124;126;128;131;133;135;138;142;143;146;147;148;152;154;157;164;167;168;172;173;174;177;182;183;185;187;188;191;193;194;199;200;203;207;208;209;212;216;217;220;222;227;229;230;235;237;239;240;241;243;245;246;247;249;251;252;253;255;256;259;260;261;262;264;265;267;268;271;273;275;276;278;279;286;287;289;290;291;292;293;297;299;300;301;305;306;307;310;312;319;320;323;324;326;328;333;334;336;337;338;339;340;342;344;346;347;348;349;350;353;354;355;359;360;361;362;363;366;367;368;369;373;377;378;379;381;382;387;388;389;390;391;392;393;394;395;396;398;400;404;405;406;409;410;411;418;419;421;422;423;426;428;430;431;442;443;445;446;453;454;455;458;459;460;462;463;465;466;468;469;470;474;477;479;480;483;484;485;488;492;494;498;500;501;502;504;507;508;511;514;517;518;521;525;526;527;530;531;535;536;537;538;539;540;542;554;555;556;558;562;563;564;567;569;570;571;574;578;579;582;583;585;586;587;589;593;594;595;596;601;602;605;611;612;613;614;615;616;617;620;621;622;624;626;638;639;640;641;643;645;648;649;652;653;654;655;656;657;658;659;660;663;664;666;673;679;680;683;684;685;686;689;690;692;694;695;696;699;700;701;703;706;707;708;710;714;718;719;728;734;735;736;737;739;743;751;752;753;754;758;759;760;762;763;769;770;772;773;777;778;779;781;783;786;787;791;793;794;795;796;802;803;804;805;806;811;812;813;816;817;818;820;822;824;826;827;830;832;833;834;842;844;851;854;855;856;859;860;862;863;865;870;871;874;876;877;878;881;883;884;890;892;898;905;908;909;913;915;919;920;923;924;926;927;931;932;934;936;937;939;941;942;943;946;947;948;950;951;954;956;960;961;963;964;965;966;967;968;970;972;975;976;978;979;981;983;989;993;994;997
232;1;2;3;4;5;6;9;13;15;16;17;18;19;21;23;24;25;28;29;32;35;38;39;43;49;51;54;55;57;58;59;61;62;64;65;66;70;71;74;77;78;79;83;84;85;86;87;88;89;92;93;94;97;98;101;102;103;109;113;115;116;118;122;127;129;130;132;136;137;138;141;145;146;149;151;152;153;159;160;166;169;170;172;177;180;181;182;185;186;189;193;194;195;197;199;202;205;206;208;213;214;215;216;217;218;221;227;234;236;241;242;247;248;249;251;252;254;255;257;260;263;264;266;267;268;269;272;276;277;278;280;282;285;286;287;288;293;295;299;300;301;302;305;306;308;309;310;317;320;324;332;334;335;336;341;342;347;348;350;351;352;353;354;356;359;363;364;365;366;368;369;370;374;376;377;378;379;380;384;385;391;392;393;395;397;398;400;404;405;410;412;413;414;415;422;423;426;428;430;431;434;436;437;439;441;444;446;449;451;453;454;457;458;459;461;463;465;467;468;469;470;472;474;475;477;479;481;483;485;487;488;496;501;508;509;512;514;516;518;520;522;526;527;528;529;530;531;532;537;539;540;542;543;544;545;546;549;554;556;557;558;562;563;565;568;569;571;574;576;579;582;583;584;585;587;589;590;597;599;604;605;606;607;608;610;611;613;615;616;618;620;621;623;625;626;627;628;629;634;635;636;637;641;642;643;645;646;647;648;649;651;653;654;656;659;660;662;664;667;668;669;671;672;674;675;676;678;679;682;684;685;687;688;689;690;691;692;695;696;698;704;706;709;710;712;714;716;717;718;719;721;722;724;725;726;727;730;733;735;736;737;740;741;743;745;746;747;748;749;751;757;761;762;764;769;771;772;774;778;779;781;785;786;787;790;792;795;796;804;805;807;808;809;813;814;819;820;821;822;825;828;829;830;831;832;835;838;840;843;846;847;849;850;855;858;861;862;863;864;866;867;870;878;879;882;888;890;892;893;894;895;896;899;900;902;903;904;906;907;908;909;910;912;914;915;918;919;920;921;922;923;928;929;930;933;934;940;944;945;946;947;948;950;953;955;961;962;964;965;966;970;973;974;976;977;978;983;984;985;986;989;990;992;993;998;999;1000
233;3;5;6;8;14;16;19;21;22;23;25;29;31;32;33;34;37;40;42;43;44;47;49;50;52;54;55;58;59;60;64;66;67;68;69;70;74;75;79;80;81;84;90;91;92;93;94;95;97;98;102;110;111;112;115;116;117;120;121;123;124;125;126;128;129;134;138;140;141;142;145;147;151;152;155;158;159;160;163;164;166;167;168;169;171;174;176;177;179;183;188;189;190;191;193;194;196;197;198;199;201;207;208;211;212;213;214;215;216;218;219;228;229;230;237;240;242;245;246;248;249;252;256;257;260;261;262;264;265;267;269;270;273;274;277;278;279;284;288;290;291;292;294;297;299;302;306;307;311;312;315;317;318;322;323;326;328;329;331;332;333;335;341;343;347;353;359;361;362;365;368;370;372;373;377;378;381;382;384;386;389;391;392;393;394;395;398;399;400;402;403;407;411;413;415;419;421;423;425;426;427;428;432;434;435;438;439;440;441;442;443;444;445;449;450;451;453;454;455;456;457;459;462;463;465;466;467;469;470;471;473;475;476;477;478;480;481;482;483;484;485;486;489;490;491;492;493;494;496;498;501;504;505;507;508;510;511;519;522;523;525;527;529;534;536;538;539;540;542;544;545;546;547;549;550;551;553;554;556;557;559;561;564;566;570;571;572;574;575;576;577;578;579;581;583;585;590;593;595;596;597;598;602;607;608;609;611;617;619;621;623;624;625;628;630;634;635;636;637;639;640;642;643;644;645;653;654;656;657;658;659;660;661;664;667;672;675;678;679;680;681;682;683;685;689;690;693;694;698;699;702;703;704;707;711;715;717;718;721;722;724;726;727;728;730;736;741;743;745;748;749;752;755;756;758;761;762;766;768;769;778;781;783;784;785;786;790;792;793;794;795;801;802;803;805;806;808;810;811;816;817;820;823;827;828;829;830;832;838;840;841;842;843;845;846;847;848;849;851;852;855;857;862;864;868;869;870;872;873;877;882;884;885;889;892;893;896;899;903;904;906;909;914;915;916;917;921;923;925;930;933;935;936;938;940;945;946;947;948;949;951;956;959;960;964;965;966;967;968;969;970;971;973;974;977;978;980;982;984;986;987;989;990;991;992;996;997
234;2;4;8;9;13;14;15;16;19;20;21;22;23;25;27;30;31;34;35;36;38;39;42;44;46;49;50;53;54;55;56;60;64;66;68;69;71;72;75;78;79;81;82;83;85;87;89;90;91;93;94;98;101;102;104;107;109;111;113;114;115;120;121;122;125;126;127;131;133;138;139;141;142;146;148;149;150;151;152;153;154;155;156;159;163;164;165;166;167;168;170;174;181;183;184;185;186;187;188;190;197;199;200;202;204;205;206;208;210;211;213;214;216;217;219;221;222;225;226;230;232;235;237;239;241;244;245;247;249;250;251;254;258;260;261;263;265;266;267;269;270;275;279;280;281;283;284;287;289;290;292;297;298;299;302;304;306;307;310;311;312;313;318;319;321;322;323;324;325;335;336;339;345;346;348;350;353;356;358;359;360;361;362;363;367;368;369;371;373;374;375;379;380;381;383;385;392;393;394;395;396;397;398;399;400;402;405;409;411;412;414;415;419;420;422;426;428;429;432;433;434;435;438;439;440;443;444;446;449;450;451;453;455;458;459;460;461;463;465;466;469;472;473;477;478;479;481;482;487;488;490;491;493;496;497;498;501;502;505;506;508;509;511;516;519;521;523;524;526;527;529;530;531;533;542;543;544;545;546;547;548;549;550;552;554;556;557;558;561;564;567;568;569;570;575;579;581;582;583;584;585;591;592;593;595;596;598;599;602;605;606;607;609;610;613;615;616;619;620;621;622;623;624;626;627;628;629;630;632;634;639;645;649;650;655;657;659;660;661;664;666;667;669;674;675;676;677;679;681;682;684;686;688;689;690;691;692;693;695;696;697;698;699;702;704;705;706;708;710;712;714;715;716;717;720;721;723;724;725;726;727;728;729;730;734;737;738;739;740;742;746;747;749;750;751;753;755;756;758;759;760;762;763;764;770;774;775;776;777;787;788;789;791;792;795;796;797;802;803;805;807;808;810;815;817;819;820;821;822;824;825;828;829;830;831;835;837;839;840;841;843;844;847;851;852;854;859;861;865;866;870;872;874;875;876;877;879;880;881;886;887;888;889;892;893;895;898;899;900;901;904;905;906;908;910;916;920;924;925;928;931;933;941;942;943;944;945;947;950;951;952;953;955;957;958;961;962;964;965;969;971;972;973;977;979;980;982;984;985;986;987;991;993;995;997;998;999
235;4;9;12;13;15;17;19;20;21;23;24;26;27;31;32;33;35;38;40;41;45;46;47;48;49;50;51;52;53;54;56;58;60;61;66;68;72;73;75;76;78;80;81;82;83;86;87;88;89;96;97;98;99;104;106;107;108;110;111;113;114;117;118;120;122;123;125;126;127;128;129;130;132;133;134;136;137;138;140;142;143;147;148;149;150;151;152;154;155;158;164;165;166;167;169;172;174;176;179;180;182;184;185;186;187;189;190;192;195;201;204;205;206;207;208;210;212;213;214;216;217;222;223;224;225;229;231;234;236;237;240;243;245;246;248;252;253;255;257;258;260;262;263;264;265;267;269;270;272;274;275;276;277;279;281;287;288;289;293;295;297;298;299;301;304;305;306;307;309;311;314;315;316;317;318;319;321;322;323;324;326;329;330;333;334;335;338;342;343;344;352;353;354;355;358;361;366;368;372;374;375;379;380;383;384;385;386;388;389;391;392;393;394;396;398;400;401;402;404;407;408;409;410;411;412;413;414;420;422;425;426;430;431;433;434;438;439;445;446;447;448;450;457;460;461;462;464;466;467;468;469;472;474;475;477;479;480;481;483;484;486;487;489;491;492;493;498;502;503;504;505;506;507;508;513;514;517;519;520;523;525;530;533;539;541;542;543;544;547;549;553;554;556;558;561;566;568;570;573;575;578;579;580;582;586;588;590;592;593;594;598;601;602;604;605;606;609;611;612;617;618;624;625;626;628;629;630;631;632;640;645;646;651;653;656;658;659;660;663;665;667;670;675;677;679;683;687;688;689;691;692;696;701;702;705;707;708;709;710;711;715;716;719;721;724;727;729;731;733;735;736;739;740;741;742;743;744;745;747;748;749;752;753;755;756;761;764;766;767;769;770;773;777;778;780;782;783;784;786;787;788;791;792;793;794;795;797;800;801;804;805;807;813;814;819;820;821;823;824;825;827;828;829;830;833;834;837;840;842;845;846;848;849;850;851;852;854;856;857;859;862;863;864;865;866;867;868;869;870;871;873;876;877;878;881;884;885;888;889;892;893;894;895;897;898;900;901;902;905;907;909;913;914;915;916;918;919;921;922;926;928;929;930;931;932;933;936;938;939;941;943;944;947;949;955;957;959;960;963;964;965;966;968;969;972;975;979;980;981;982;983;984;985;986;987;988;989;991;993;994;995;996;997;1000
236;1;6;8;10;12;14;16;18;19;20;21;22;23;24;27;28;29;31;35;38;39;40;42;43;44;45;51;52;55;56;58;59;60;61;67;68;70;71;73;78;79;81;86;89;90;92;94;95;96;97;98;101;102;107;108;109;111;113;114;119;120;122;123;125;129;131;134;135;136;138;142;143;145;146;147;148;149;151;153;161;167;168;171;176;180;181;183;184;185;186;187;188;192;194;195;196;198;199;200;204;206;207;211;212;214;215;216;218;222;223;225;230;232;235;237;240;241;242;246;247;248;249;251;252;253;254;255;256;257;261;263;264;266;268;269;270;271;272;273;275;276;277;279;281;285;292;294;295;298;299;300;304;307;308;310;311;313;314;318;320;322;324;325;327;330;331;332;333;334;335;336;338;340;341;344;346;349;355;363;364;367;386;387;390;392;397;398;401;402;404;407;408;410;412;413;415;416;417;419;420;422;423;426;432;433;434;436;437;439;443;444;445;447;448;453;454;457;461;463;464;465;466;467;468;470;471;475;476;477;478;482;483;484;485;486;488;489;490;496;498;499;500;501;502;503;507;510;515;517;519;520;525;527;528;529;530;531;532;533;534;535;536;538;542;543;544;546;547;549;550;551;552;553;554;557;559;563;564;565;567;568;569;570;571;572;573;579;582;584;588;592;594;597;599;602;607;608;609;610;612;614;615;617;618;621;622;623;626;627;629;631;633;634;638;639;640;641;642;643;644;646;647;649;652;653;655;656;658;659;660;662;663;665;667;669;672;673;677;678;680;683;686;687;688;691;693;694;698;699;700;702;704;706;711;718;720;722;723;724;725;731;734;735;739;742;744;747;749;750;752;755;756;757;759;761;763;768;769;771;773;775;776;777;778;779;782;783;784;788;790;798;802;803;804;807;813;814;815;816;817;820;821;825;826;830;832;833;834;837;843;846;847;849;850;851;853;854;855;856;859;860;867;869;870;871;875;878;879;880;881;883;884;887;889;891;892;894;895;897;900;901;902;906;907;908;909;910;911;914;923;924;925;927;928;929;930;931;934;938;939;940;941;943;948;949;950;951;954;955;957;958;959;960;963;964;965;968;969;970;972;974;977;979;982;983;989;990;991;992;993;996;998;999
237;5;6;7;8;10;11;16;19;20;22;24;28;30;31;33;34;36;38;39;41;43;46;48;49;50;51;52;54;55;57;59;62;63;64;67;70;72;78;79;81;83;84;85;87;88;90;93;96;97;98;100;104;106;107;109;110;111;112;113;115;116;117;118;119;121;123;124;125;126;127;129;133;137;138;140;142;145;147;148;149;159;161;162;163;164;167;169;170;175;176;177;179;180;181;184;186;187;191;193;194;196;197;200;201;203;209;212;213;216;219;221;222;223;225;227;231;233;234;235;236;238;241;242;243;244;247;248;249;251;252;253;254;255;256;257;260;262;263;264;265;267;268;269;272;273;274;276;278;280;282;284;285;286;288;289;291;294;297;298;299;300;302;304;307;310;311;313;314;315;316;320;321;323;324;325;327;330;332;334;339;342;344;347;348;349;350;352;353;355;357;363;364;368;369;373;374;376;378;380;381;383;384;385;386;387;389;390;393;394;398;400;402;408;409;414;416;418;419;422;424;425;427;428;429;431;434;437;438;439;440;442;447;448;449;451;452;456;458;459;461;463;464;466;467;469;470;474;478;479;481;483;484;487;491;492;493;494;496;499;501;502;505;506;507;509;510;511;513;517;519;520;521;522;523;527;528;529;530;533;534;535;537;539;540;542;544;547;549;550;551;552;553;555;556;557;559;561;563;566;568;572;573;574;575;577;579;584;586;587;589;592;593;594;595;597;598;602;603;606;609;612;613;614;615;618;619;620;623;624;625;626;628;634;636;637;639;641;642;644;647;648;649;650;656;659;664;667;669;671;675;677;681;682;687;689;690;693;694;695;696;702;703;707;708;709;711;714;718;719;720;721;722;724;727;728;729;730;732;733;736;740;743;746;747;749;753;755;766;767;768;771;772;774;775;777;778;780;781;782;783;784;786;789;790;792;796;798;800;801;803;804;806;807;809;811;814;815;817;818;821;825;830;832;836;837;839;842;843;846;848;849;850;851;852;854;855;857;860;862;863;864;866;869;872;873;875;882;883;884;886;887;888;889;890;891;894;896;897;898;899;903;905;906;907;909;911;914;916;917;918;921;922;923;925;929;930;931;932;933;934;935;938;939;941;942;944;947;948;952;955;957;958;962;963;964;965;966;967;969;970;975;977;978;983;985;986;988;990;991;992;993;995;997;998
238;1;2;8;9;10;11;13;14;16;21;22;24;27;28;29;30;32;35;41;42;43;45;48;49;50;51;52;56;57;58;59;62;63;69;73;74;75;77;81;84;85;87;89;90;92;99;100;107;108;109;111;115;119;122;123;124;128;129;130;135;137;138;139;140;149;150;154;155;156;158;161;164;169;170;171;174;175;176;177;181;182;185;189;190;191;192;194;196;197;198;200;203;207;208;209;212;213;217;218;219;220;221;223;224;225;226;229;237;239;240;242;243;244;245;250;251;253;255;256;262;265;266;267;271;272;275;276;277;278;279;280;281;282;283;284;285;286;288;289;290;293;294;295;296;303;306;308;309;313;315;316;319;322;324;327;328;329;330;332;335;336;341;342;343;344;350;354;357;358;359;362;364;365;367;369;370;372;373;374;375;377;379;380;381;382;383;385;386;389;391;392;393;395;397;406;408;409;411;413;414;415;416;418;420;426;427;428;431;432;433;434;436;437;438;439;444;445;446;448;449;452;455;456;457;460;461;462;463;465;466;469;472;473;475;478;479;480;482;483;484;487;488;489;490;492;493;495;497;500;501;502;504;506;511;514;515;516;518;519;521;522;524;526;527;529;531;533;534;535;540;542;548;549;550;552;553;554;555;557;558;559;563;564;565;566;567;570;572;577;578;580;582;586;592;595;596;599;602;603;606;607;608;609;610;612;614;619;622;623;624;627;628;635;637;638;640;642;643;644;647;649;653;654;656;657;658;663;666;667;668;670;671;672;677;678;680;681;682;684;686;690;692;694;697;698;705;707;710;712;716;717;718;719;721;722;723;724;725;732;734;735;743;744;745;749;752;754;756;758;759;761;768;769;773;774;779;780;782;785;786;787;788;790;792;793;795;796;799;800;801;803;805;806;807;808;810;812;817;819;820;821;822;826;828;829;832;837;840;844;846;847;849;850;852;856;858;859;861;865;867;868;869;870;871;872;873;874;876;877;878;880;881;882;885;886;887;890;893;894;895;896;900;906;909;911;912;913;916;919;920;922;925;926;927;928;931;932;934;935;936;937;941;944;949;951;952;953;955;956;957;958;959;962;963;966;967;969;975;976;977;978;979;980;981;983;985;987;988;989;990;993;994;995;996;997;999
239;1;4;5;7;8;12;17;18;19;20;23;24;26;27;28;30;32;33;36;40;41;42;43;50;52;55;58;59;60;61;62;64;65;67;70;73;78;79;80;82;84;87;88;89;91;97;98;99;102;103;104;110;111;112;119;120;121;123;125;126;129;130;131;132;133;134;135;136;137;141;142;145;146;147;149;150;153;154;155;158;159;160;163;164;166;167;169;170;174;175;176;177;179;180;181;183;184;186;187;188;190;193;197;200;201;203;205;206;207;208;210;211;213;215;216;218;222;223;226;227;228;229;230;231;234;238;240;244;245;246;249;250;252;253;258;263;266;267;268;270;274;275;277;278;279;282;286;287;290;292;297;300;302;303;304;305;306;307;313;315;316;318;319;320;321;322;323;324;327;331;334;335;336;343;344;345;346;348;350;352;353;354;355;357;358;360;362;364;366;371;373;375;379;380;382;384;386;388;390;391;396;397;398;401;403;404;405;406;408;411;413;420;422;424;425;426;427;429;430;431;432;433;434;435;439;440;441;442;443;444;445;446;448;452;453;455;457;460;462;463;466;467;468;469;470;471;473;476;478;480;483;486;488;490;492;493;495;496;497;500;502;503;505;511;512;515;519;522;525;526;527;529;533;534;536;538;542;548;551;552;555;556;559;561;562;563;565;566;567;568;571;574;577;580;582;586;587;589;590;591;592;596;597;598;599;600;602;610;612;616;618;624;627;629;631;633;634;635;639;643;645;649;650;651;653;658;660;662;663;665;666;670;671;672;681;683;685;690;691;692;696;698;699;700;702;706;708;710;711;714;715;716;718;721;722;724;726;730;731;732;733;738;739;740;743;744;745;748;751;753;756;757;761;762;764;766;768;770;773;776;777;779;780;782;785;786;787;789;791;793;795;799;800;801;802;807;808;810;811;812;814;815;818;822;823;824;825;827;830;831;834;835;838;839;840;844;846;851;853;854;856;857;858;859;862;866;868;869;870;871;873;876;879;880;884;888;889;891;893;894;895;897;898;899;900;903;905;906;907;908;909;910;911;915;919;920;921;922;924;927;929;934;935;936;939;941;944;947;949;951;952;953;955;956;957;958;959;961;962;964;966;969;970;972;974;976;981;983;988;991;992;994;995;998;999;1000
240;1;6;10;12;13;16;17;18;19;20;22;29;30;31;32;33;39;41;42;43;44;49;50;52;58;59;60;62;69;70;72;73;74;75;79;81;82;86;88;90;93;94;96;97;100;102;103;106;107;108;111;113;114;116;117;119;121;130;134;135;137;138;139;141;143;144;145;148;149;150;151;152;153;154;155;157;158;162;164;167;168;169;171;172;176;177;178;183;185;186;187;192;194;196;197;199;201;202;203;204;205;209;211;213;214;216;217;219;220;221;222;225;226;228;229;230;231;233;235;236;238;239;241;243;247;248;249;250;253;255;256;259;260;262;264;265;266;268;269;270;273;274;285;290;291;292;293;298;301;302;304;305;306;307;308;309;314;315;316;319;320;323;330;331;334;337;341;343;344;345;346;351;352;353;354;355;358;359;360;362;363;364;367;369;372;373;374;377;378;379;380;383;384;385;386;390;392;393;394;395;396;397;399;402;406;407;408;409;410;415;416;417;418;421;424;425;428;430;432;433;436;437;438;439;441;442;443;445;446;447;448;453;454;455;457;460;461;464;465;467;469;470;471;472;473;474;476;477;478;480;482;483;487;488;490;494;498;499;500;503;504;508;509;511;512;513;515;518;519;522;526;530;531;532;533;535;537;538;540;541;542;543;545;547;548;551;552;555;557;558;563;564;566;569;570;572;574;578;581;582;583;584;586;587;588;591;592;594;595;596;598;599;601;602;603;604;610;612;616;617;619;623;624;625;626;628;629;630;633;636;638;640;641;642;644;646;648;649;650;651;653;655;656;657;660;664;665;667;669;670;671;673;674;675;676;678;679;680;681;682;685;690;692;693;698;701;702;703;704;706;710;712;716;719;720;721;722;723;728;729;733;734;735;736;739;742;746;747;748;753;755;756;758;761;765;766;768;771;772;773;774;776;778;779;781;782;783;785;786;787;790;791;792;793;795;798;805;807;808;810;812;817;819;821;822;824;825;828;830;831;832;833;834;835;838;839;841;842;844;846;848;853;856;859;860;861;864;865;870;873;875;879;880;881;889;890;892;893;895;897;899;901;903;909;910;911;912;914;919;922;923;925;929;932;934;935;938;939;942;943;947;948;949;951;955;959;960;963;967;969;973;975;976;980;981;984;986;987;996;997;998;1000
241;5;8;9;11;12;13;14;15;17;22;23;24;25;26;32;34;35;36;37;39;41;43;45;46;47;48;50;51;52;53;55;59;60;61;66;69;71;74;75;78;79;80;81;83;84;85;88;89;90;93;94;96;98;101;106;107;110;112;113;114;115;118;119;122;124;126;139;140;142;144;146;147;149;151;153;155;158;160;164;165;166;168;172;173;175;177;178;179;180;182;184;187;188;189;190;191;192;193;194;195;200;204;205;206;208;210;212;213;215;216;217;221;223;227;228;231;232;234;236;237;240;242;246;250;251;252;253;255;257;258;259;263;265;268;270;271;277;280;281;283;287;288;289;290;293;294;296;297;302;303;307;308;309;310;311;312;314;315;316;319;320;323;327;328;335;336;339;341;342;343;345;347;348;349;350;353;358;361;365;368;370;371;375;376;377;378;379;382;383;384;389;392;394;396;397;398;401;403;404;405;406;407;408;411;412;413;415;417;420;421;427;429;430;434;435;436;437;438;441;443;444;445;447;450;451;453;454;455;456;459;460;462;465;468;470;471;472;473;474;476;477;480;481;482;483;484;487;488;493;494;496;497;498;500;501;503;504;506;510;512;515;516;517;520;522;524;525;526;528;530;531;533;536;538;540;541;542;543;545;546;548;549;554;555;557;563;564;567;568;573;576;577;578;583;584;585;586;587;589;591;592;593;595;596;597;598;599;602;603;604;605;606;607;614;617;618;619;622;625;626;627;629;631;632;634;635;636;638;639;641;644;647;648;649;652;654;662;663;665;666;667;669;671;676;677;678;679;680;681;682;684;685;686;687;689;690;691;692;695;696;698;701;702;704;705;706;707;713;715;716;717;719;723;725;726;727;728;730;731;739;740;743;746;747;750;751;753;755;756;758;759;760;761;762;768;769;770;776;777;778;780;783;784;789;790;791;792;797;799;801;803;804;805;806;807;809;811;812;813;814;821;822;824;826;827;828;830;831;832;836;839;841;842;847;849;850;851;852;853;854;858;862;868;869;870;872;873;875;878;879;881;882;886;890;891;893;894;895;896;897;898;899;907;908;909;912;916;920;921;925;927;929;931;932;936;937;943;945;946;948;949;951;952;953;957;958;959;962;963;964;965;967;969;972;973;976;978;979;980;981;985;986;987;988;989;991;996;998;999
242;1;7;10;14;16;18;19;20;21;23;24;25;29;30;31;33;39;40;42;43;44;46;47;48;49;50;51;52;53;54;58;61;62;64;65;69;70;71;72;75;76;77;79;81;82;83;86;88;91;94;95;97;98;99;100;101;102;105;106;109;111;114;115;118;119;120;123;127;132;133;134;135;136;139;140;143;144;146;147;148;149;150;151;153;156;159;160;161;164;167;170;173;175;176;177;178;179;182;183;186;188;189;191;192;193;194;195;196;198;200;201;202;203;204;205;206;207;208;209;210;211;212;215;216;220;222;224;228;229;232;233;236;237;238;241;243;244;246;249;252;253;255;257;260;261;262;263;265;267;268;269;271;272;273;274;275;276;278;281;282;284;288;292;293;295;297;300;303;304;309;310;311;312;315;317;320;321;322;323;327;328;331;332;338;339;343;345;346;347;349;350;351;353;354;355;356;358;360;361;365;367;370;371;372;373;374;375;378;381;382;383;385;386;389;397;399;400;402;405;406;410;411;414;416;418;419;421;422;425;426;430;431;434;437;438;440;443;444;446;448;449;454;456;457;458;459;460;467;468;470;471;472;473;476;478;479;486;489;490;492;493;494;495;497;501;503;504;507;509;510;511;512;516;518;521;527;528;530;531;535;539;543;544;545;546;547;552;553;554;555;556;557;560;563;564;567;568;569;570;571;572;573;576;582;583;584;587;588;589;593;599;601;604;607;609;611;613;616;618;619;620;621;622;625;626;629;634;636;637;638;640;641;644;645;647;648;649;650;652;653;655;657;659;660;663;664;665;666;668;671;672;673;674;675;679;681;682;683;686;688;689;690;691;693;694;695;697;698;700;701;703;704;706;709;711;712;713;714;715;716;724;725;726;727;732;734;735;736;740;743;744;748;750;751;755;757;762;763;766;772;774;776;780;781;782;783;784;785;787;790;791;793;795;797;799;801;807;812;815;817;819;821;823;824;827;829;830;834;836;837;840;843;844;847;849;850;851;853;855;859;864;866;871;872;879;880;881;883;884;885;892;896;900;901;903;905;908;910;913;914;915;919;920;921;922;923;924;928;929;930;933;934;936;939;941;943;946;947;948;951;952;953;955;958;959;961;962;965;967;969;972;974;977;979;980;983;984;986;988;991;994;998
243;2;6;8;9;10;12;13;17;19;21;23;27;30;32;35;38;39;40;41;43;44;48;52;55;56;57;58;59;63;65;66;67;68;69;70;73;74;75;77;79;80;82;87;88;89;90;92;98;101;102;103;104;105;107;110;113;114;115;116;117;119;120;123;125;127;130;132;133;136;137;138;141;145;146;149;150;152;153;156;157;159;160;161;164;166;167;168;169;170;171;174;175;176;178;179;181;182;184;187;190;191;192;194;195;196;201;202;203;204;206;208;209;213;215;216;218;220;221;224;226;227;231;235;237;238;240;242;250;251;252;255;256;259;260;263;264;267;268;269;270;271;272;273;274;275;278;280;283;284;287;289;293;297;299;301;305;307;309;310;311;312;313;315;316;319;321;322;324;325;329;335;337;338;339;340;342;345;347;352;355;357;358;360;361;366;369;370;371;372;373;377;378;379;381;383;384;385;389;392;393;394;396;399;402;404;405;406;408;413;415;417;419;422;423;425;428;429;430;433;436;437;441;442;443;451;452;453;454;456;457;463;464;465;466;468;470;475;477;478;479;487;490;493;500;501;502;503;504;507;508;510;513;515;516;517;523;524;525;526;528;529;535;539;544;547;548;549;550;553;556;557;558;560;561;565;568;569;576;577;580;587;589;591;592;594;595;597;598;599;602;604;605;607;612;614;615;616;617;618;620;623;625;626;627;629;630;631;632;635;636;645;649;650;651;654;658;659;660;661;666;667;670;673;675;677;678;680;681;687;688;689;690;692;694;695;699;708;714;716;717;719;720;721;722;726;729;731;732;733;739;741;744;746;747;749;751;752;753;754;755;757;758;761;764;765;769;772;773;774;778;779;792;796;797;798;799;800;801;802;803;804;805;806;807;808;809;810;811;812;814;815;816;819;823;824;825;828;831;832;838;839;840;842;843;845;847;850;851;852;855;857;860;861;862;863;867;869;870;871;873;874;876;877;878;880;882;883;885;886;888;890;892;896;901;909;912;913;915;918;920;923;927;937;938;941;942;947;954;956;958;959;960;962;963;965;966;967;971;972;975;977;979;980;981;982;987;988;990;991;992;993;994;995;996;997;998;999;1000
244;3;6;8;9;10;12;16;18;19;21;23;24;26;28;35;36;39;40;44;45;47;49;51;53;54;55;58;59;61;62;63;64;65;67;68;69;70;72;73;78;79;80;84;85;87;88;89;93;95;96;100;101;102;103;104;105;107;108;111;114;115;116;117;120;121;122;123;126;129;131;132;136;138;139;140;141;142;145;146;147;149;150;153;155;157;160;163;164;165;166;167;173;174;176;179;180;181;183;185;189;193;194;196;198;199;200;201;203;209;213;214;216;217;220;221;225;234;237;238;239;242;247;248;249;250;251;255;256;257;258;263;264;265;267;268;269;270;272;275;278;279;280;282;283;285;286;287;288;291;293;294;296;298;301;310;313;314;315;316;319;322;323;324;327;328;329;330;333;335;336;338;339;340;341;342;343;348;349;350;352;354;355;356;358;359;360;362;366;368;371;372;374;375;376;377;378;379;380;381;382;383;386;390;391;396;397;398;399;403;407;408;409;410;411;416;420;423;424;425;426;430;435;437;438;441;442;445;446;448;449;450;451;457;458;461;466;467;468;469;472;473;475;476;477;478;479;484;487;488;491;492;494;496;498;502;507;508;509;512;513;514;517;518;522;524;525;532;534;536;537;540;542;543;544;546;547;550;551;552;555;556;557;558;561;563;566;567;568;570;571;572;573;576;577;578;579;580;582;589;592;593;594;595;598;605;609;612;614;615;617;618;621;623;625;626;629;630;631;633;635;638;639;644;645;648;649;650;652;654;655;658;659;660;661;663;664;668;670;671;675;676;681;684;685;686;687;690;692;695;696;697;698;703;705;711;712;714;715;717;718;719;727;730;732;734;735;736;738;739;740;741;744;745;746;747;748;750;752;753;755;756;757;759;760;761;762;764;765;767;768;769;770;771;772;775;777;778;779;780;783;785;790;791;794;799;800;802;804;805;808;810;813;814;819;821;823;825;826;827;828;831;832;834;835;840;841;842;845;847;851;853;855;856;857;860;863;865;867;870;873;875;877;879;881;887;890;893;895;897;898;899;900;903;909;911;915;920;921;922;924;930;937;938;941;945;948;950;951;957;958;959;961;963;964;965;967;970;975;976;978;979;980;981;982;983;984;988;989;990;992;993;995
245;5;6;12;13;14;15;16;17;19;21;22;23;25;26;29;31;32;33;35;36;37;41;43;48;49;50;51;52;54;55;60;62;65;67;72;75;76;77;86;88;91;95;96;97;102;110;111;115;119;122;123;124;125;126;127;132;133;134;135;137;138;139;140;142;143;145;146;151;155;156;157;158;159;160;161;164;166;169;170;171;172;173;175;177;178;180;181;182;183;185;187;188;189;192;196;197;198;199;200;202;203;204;205;209;210;212;215;216;220;221;222;228;229;231;233;234;235;238;239;246;247;248;251;252;255;257;260;262;264;266;269;280;282;286;287;290;294;300;301;302;305;306;307;308;312;313;314;315;316;317;318;319;320;321;322;323;324;329;334;335;337;339;340;341;343;346;348;349;351;354;355;357;358;362;363;366;368;369;371;372;374;376;377;378;379;380;382;384;388;389;390;395;400;401;403;405;407;408;409;410;411;413;416;417;429;433;434;439;440;443;444;446;449;450;451;452;453;454;455;457;459;463;464;469;470;474;475;477;478;479;481;482;486;487;488;489;492;493;494;496;497;498;499;500;501;502;503;504;506;508;511;514;515;516;517;522;524;526;527;531;533;535;537;538;539;541;545;549;550;559;560;561;562;564;565;566;567;570;572;573;575;576;578;579;580;581;582;583;584;585;586;589;590;593;594;595;596;600;605;611;613;614;616;619;620;621;622;623;625;626;629;630;631;632;633;636;638;639;640;641;643;645;646;647;651;654;662;663;665;666;669;671;674;676;677;680;681;683;685;686;692;693;696;702;704;707;708;709;710;711;712;714;715;719;721;722;723;724;725;726;728;737;739;741;746;748;749;750;751;752;753;756;757;758;760;761;762;769;771;774;777;779;782;785;788;789;791;793;796;800;805;808;812;814;819;820;822;823;826;828;831;832;833;834;835;837;839;840;842;845;847;848;853;854;855;857;858;859;860;862;866;867;868;874;878;879;886;890;896;899;902;905;908;910;912;913;915;917;920;922;923;926;927;928;931;934;935;940;942;943;945;946;947;948;951;955;956;958;960;963;967;969;970;972;973;979;980;981;982;983;984;985;988;989;993;998;1000
246;2;3;4;8;11;14;15;21;25;28;33;34;42;43;48;51;52;53;55;57;58;61;62;65;66;69;71;72;76;78;79;80;82;88;96;98;103;104;107;110;113;115;117;119;122;123;124;128;129;133;136;137;139;141;142;144;147;149;160;163;166;169;170;174;175;176;178;179;180;181;186;187;189;193;197;198;199;201;203;204;205;206;207;208;209;210;211;212;214;215;217;218;219;220;223;225;228;229;231;233;235;236;239;241;242;245;248;250;251;253;254;255;256;257;258;260;262;263;264;266;267;269;270;272;273;274;275;278;281;282;283;285;286;288;291;294;295;297;300;303;305;306;307;309;310;312;313;314;315;319;320;321;323;324;327;328;329;331;336;337;338;339;340;342;344;345;346;347;349;350;355;356;357;358;359;360;361;362;364;366;367;368;373;375;376;377;379;380;381;382;384;385;389;391;392;394;398;399;400;405;408;409;410;412;413;414;415;416;418;421;422;423;425;426;427;428;429;431;432;434;437;439;442;444;445;446;447;449;452;453;455;456;458;459;460;463;464;465;467;468;470;472;475;476;477;478;481;483;484;485;486;487;491;492;502;504;510;513;514;518;519;521;522;524;525;530;532;534;539;540;541;542;543;546;549;552;553;557;560;562;563;565;569;571;575;576;577;581;584;585;591;592;595;596;598;603;604;606;608;611;614;616;617;621;624;626;629;630;631;633;636;641;642;643;645;646;648;649;650;652;657;658;660;663;665;666;667;668;670;672;676;680;681;683;685;686;687;690;691;693;696;697;698;699;700;702;706;710;711;712;715;718;719;720;721;722;724;725;726;728;732;733;734;736;738;739;741;743;745;749;750;754;755;757;760;761;762;763;764;767;768;769;771;772;773;777;778;779;780;781;782;784;785;786;791;793;799;800;801;802;804;807;809;812;813;814;815;816;817;818;821;823;824;825;826;827;828;829;830;831;832;836;838;839;840;842;843;845;846;847;850;853;854;856;857;861;862;863;864;865;868;869;870;874;875;877;878;883;885;886;887;889;892;893;894;895;899;901;904;906;908;909;911;912;917;918;919;920;922;926;928;929;932;934;935;937;940;941;942;944;948;949;950;951;953;955;956;957;958;959;960;961;963;965;966;967;970;971;972;975;977;978;982;984;986;991;992;995;996;997;998;999
247;1;2;3;4;6;7;8;10;17;20;21;22;24;25;26;27;28;29;32;39;41;42;43;45;46;50;51;53;54;55;59;60;61;64;65;66;74;75;76;77;78;79;81;83;85;86;87;89;90;91;92;93;94;95;97;103;106;109;110;111;116;117;119;120;123;124;129;131;133;134;135;137;139;140;141;144;148;150;151;155;156;157;158;160;161;162;163;170;171;173;174;179;182;183;186;187;188;192;193;195;200;204;208;211;212;213;218;219;221;231;232;234;236;237;240;244;245;248;252;253;256;257;259;260;266;267;269;270;271;272;274;277;278;280;281;286;288;290;291;293;294;296;300;301;302;303;307;308;310;311;316;317;318;319;320;321;322;325;326;327;331;332;333;334;336;339;340;341;344;345;347;352;356;357;359;361;362;363;366;368;373;376;377;378;383;386;387;388;392;395;396;397;399;400;402;403;404;406;409;410;415;421;422;423;424;429;430;432;433;435;436;439;440;441;442;443;445;446;447;448;451;454;455;457;458;462;463;465;467;468;469;472;473;474;476;479;480;486;487;488;490;491;492;493;494;496;498;500;504;506;507;509;511;512;513;515;516;521;522;525;526;527;529;531;532;533;536;538;539;540;541;544;545;546;547;548;549;551;552;553;554;555;560;561;562;564;565;566;569;570;571;574;579;584;586;588;589;591;592;593;594;596;599;604;605;606;608;611;613;616;617;618;619;621;625;626;629;630;632;634;638;639;640;642;644;646;649;651;653;654;656;659;660;661;662;663;666;667;668;670;676;678;681;686;687;688;689;691;693;694;696;699;700;701;704;707;709;710;712;713;714;715;716;717;719;720;723;726;727;728;729;731;735;738;739;740;742;743;744;745;746;748;751;753;755;758;760;764;767;768;769;770;774;775;778;781;784;785;786;790;791;796;797;798;800;801;803;804;806;809;810;811;812;816;817;821;822;823;824;825;828;830;831;834;836;838;839;842;843;844;847;850;851;852;859;862;863;865;866;867;869;871;877;879;884;887;888;889;890;893;895;896;897;898;899;900;901;902;903;904;906;908;909;910;914;915;916;917;922;924;925;926;927;929;930;931;932;933;936;937;938;942;948;950;953;954;956;958;959;961;965;966;967;968;969;970;975;978;979;980;983;984;985;986;989;990;991;996;998;999;1000
248;4;5;9;10;11;15;18;19;21;22;25;28;29;30;31;32;33;36;40;41;45;48;50;51;52;54;55;56;58;59;66;70;74;75;78;79;80;81;83;85;86;87;88;89;90;95;96;99;103;106;108;109;113;114;115;119;123;124;128;130;131;133;135;136;138;141;143;144;145;146;152;153;154;155;158;161;162;163;164;166;167;168;170;172;177;180;181;182;183;186;187;190;191;193;194;195;196;197;198;200;204;209;215;219;220;222;223;225;226;228;232;233;235;236;237;240;244;245;246;247;254;255;257;260;263;265;266;267;268;270;272;273;274;276;277;278;282;283;285;287;290;295;296;300;301;302;304;306;307;310;311;315;318;320;322;323;324;325;326;328;329;331;333;334;338;341;343;344;345;346;347;349;353;355;356;358;359;360;362;365;366;367;368;369;370;373;375;376;377;380;385;388;389;390;391;392;395;396;397;398;401;404;406;407;408;409;410;411;413;414;418;421;422;424;426;427;428;431;432;435;438;443;444;447;448;450;452;453;454;455;456;457;458;459;460;462;463;464;466;469;470;474;475;476;477;479;480;481;482;484;485;486;488;490;491;492;494;495;498;500;501;504;506;507;508;510;512;516;517;518;519;520;521;524;527;529;531;532;534;536;537;543;545;546;549;550;552;555;558;564;566;568;569;572;573;575;576;578;579;580;582;584;585;586;590;591;592;593;594;601;606;610;611;614;615;616;619;620;622;623;624;625;629;634;636;642;644;647;648;649;650;651;653;655;656;658;660;661;663;664;665;666;667;673;674;676;679;681;682;684;685;686;688;690;691;693;694;696;699;700;702;703;704;706;710;711;715;718;719;720;722;726;728;729;731;732;733;734;737;738;739;740;741;742;745;747;748;751;752;753;756;757;758;761;762;763;765;766;768;769;770;771;772;773;775;776;777;779;782;783;784;789;791;793;794;795;796;797;801;802;810;811;813;814;815;816;817;819;821;824;827;828;831;835;836;844;845;846;847;848;850;851;853;854;855;861;863;864;865;866;867;869;870;872;873;879;881;883;884;885;887;888;890;891;895;897;899;901;902;906;912;913;914;918;919;920;921;925;926;927;928;929;935;937;938;939;941;944;946;947;950;953;955;958;961;962;963;964;966;967;968;971;975;979;988;991;992;993;996;998;999;1000
249;1;2;3;4;5;8;9;10;12;13;14;18;19;24;27;31;34;35;37;38;40;46;51;53;54;55;63;65;66;69;70;71;72;73;75;76;78;82;86;92;93;94;97;99;103;104;105;108;109;111;112;113;114;116;118;120;121;122;129;135;136;137;139;142;143;145;146;147;148;151;153;155;158;160;161;162;165;170;173;177;178;179;180;187;188;189;190;192;195;196;203;204;205;207;209;212;213;214;216;217;218;219;220;221;222;223;226;231;232;233;234;236;237;239;240;242;244;250;251;253;254;255;256;261;262;263;267;269;270;271;272;273;275;278;280;281;284;289;290;291;292;294;295;296;299;301;302;303;304;305;308;309;310;311;312;314;315;316;318;319;320;321;322;324;331;333;337;339;341;343;347;348;349;351;354;358;361;363;366;367;368;373;375;377;378;384;390;391;394;395;396;397;398;400;401;402;412;413;415;416;418;419;420;421;422;423;425;426;430;432;433;436;437;438;442;444;446;447;448;449;450;453;454;456;459;460;463;466;469;471;472;473;476;477;478;480;481;482;483;486;488;489;490;491;492;496;497;500;504;506;508;509;510;512;513;514;515;520;521;524;525;526;530;531;532;534;536;538;540;542;545;546;547;548;549;550;553;554;556;558;559;560;561;565;566;568;571;573;575;576;577;578;582;585;587;588;589;590;591;592;596;598;599;601;606;609;612;615;617;619;623;624;625;626;627;628;629;630;632;633;635;637;638;639;640;641;642;645;647;651;653;655;658;666;667;669;673;674;678;681;682;684;685;686;688;692;693;694;695;696;697;698;699;704;705;708;709;710;711;712;713;717;718;720;721;722;731;733;735;737;738;739;740;741;742;744;745;746;748;749;750;754;755;759;760;762;764;765;768;772;773;774;775;778;779;783;785;786;789;791;793;795;797;798;800;801;804;806;808;809;811;812;813;815;817;821;822;823;825;829;830;836;838;839;840;842;843;844;847;850;853;855;860;861;862;863;864;866;867;868;869;870;872;873;875;878;879;881;882;884;889;890;892;895;899;900;901;902;906;907;908;913;916;917;920;924;927;928;931;934;935;942;943;944;946;949;950;953;955;957;958;959;965;966;969;970;971;972;974;981;982;983;984;987;988;991;992;993;994;995;998;999;1000
250;2;3;4;5;7;8;9;11;16;19;20;22;23;24;25;26;28;31;35;38;39;41;43;44;46;47;48;52;53;58;59;60;61;62;64;65;67;70;75;77;78;81;83;84;86;88;90;91;92;93;94;95;96;97;98;100;101;104;105;107;108;109;112;115;120;121;122;123;124;125;126;127;128;129;132;133;134;136;137;139;140;143;148;149;152;153;154;157;158;160;161;163;165;166;169;170;173;176;180;183;184;186;191;193;194;195;197;198;201;202;204;205;206;214;217;219;220;221;226;227;230;234;238;239;240;241;243;244;246;249;252;257;258;262;263;265;266;268;271;272;273;275;276;277;278;281;282;283;286;287;288;289;290;291;293;295;296;297;299;302;303;304;307;308;309;310;313;314;315;317;321;327;330;331;332;334;336;338;339;343;347;356;357;358;365;367;369;370;373;375;378;381;382;390;393;395;398;399;400;401;402;404;405;406;407;408;409;414;416;417;419;422;425;426;428;432;434;436;437;438;440;446;447;453;454;456;458;459;460;461;464;468;469;471;473;474;475;476;478;481;483;487;489;492;495;496;500;502;503;505;509;511;513;515;516;518;519;520;523;525;527;528;529;535;536;539;542;546;547;549;550;551;553;556;557;561;562;563;564;565;566;568;569;576;577;581;584;587;589;593;595;597;600;601;603;604;605;607;608;612;613;614;616;620;622;624;625;626;629;630;631;632;633;635;636;638;641;642;643;646;651;655;657;661;662;663;665;666;667;668;670;671;672;673;674;675;678;679;680;681;682;683;686;687;688;689;691;694;696;697;698;699;700;702;705;708;709;711;712;715;716;717;719;722;724;725;726;729;731;732;734;736;737;740;741;747;748;749;750;754;756;758;759;760;761;762;764;765;767;768;769;770;772;774;781;782;785;786;787;789;790;792;793;794;795;798;799;802;805;806;808;809;810;811;815;816;817;818;820;823;824;827;829;830;835;836;837;840;842;843;844;846;847;848;849;857;858;860;861;865;869;873;876;877;879;880;881;882;884;887;888;893;894;896;897;898;899;903;905;908;913;917;919;922;923;925;930;932;934;938;939;940;941;943;944;945;947;949;953;954;955;956;959;961;964;965;966;969;971;973;976;983;984;985;986;987;989;990;991;993;994;999;1000
251;2;3;5;6;8;12;14;17;20;21;22;24;25;35;38;41;42;43;47;48;49;50;51;52;54;55;57;58;59;61;62;64;66;67;68;69;73;74;76;81;82;85;86;90;91;92;96;98;99;100;102;103;110;111;112;113;114;115;116;118;119;120;121;124;127;129;131;132;135;136;138;139;141;143;146;147;149;150;152;153;154;155;157;159;161;162;165;167;169;171;172;173;174;175;176;177;178;179;180;181;183;184;185;186;198;199;200;202;203;204;209;211;213;214;215;220;221;222;223;224;228;231;232;234;236;237;238;241;243;244;245;246;249;252;253;254;256;264;269;276;277;280;285;286;288;291;295;297;298;299;300;301;302;303;305;306;307;310;311;313;314;317;323;325;326;327;329;331;332;333;336;340;341;342;344;346;348;349;355;356;357;361;362;363;365;369;370;371;373;378;379;380;382;384;385;387;391;392;398;399;401;402;403;410;412;413;415;416;417;418;419;420;421;422;423;424;425;426;427;429;432;433;435;436;437;441;447;448;449;451;453;455;456;457;458;459;461;463;464;465;466;469;470;473;474;476;477;481;485;486;487;488;492;493;495;499;500;505;507;508;510;517;520;521;524;528;530;531;532;534;539;540;542;544;545;549;550;551;552;554;555;556;557;559;561;562;563;565;566;570;571;573;575;579;580;586;589;594;596;597;600;602;603;604;605;606;607;608;610;617;620;621;625;627;628;630;634;636;638;640;641;643;647;649;650;652;656;661;662;665;667;670;671;672;675;676;677;679;681;682;683;684;685;688;689;690;692;693;694;696;698;699;700;701;704;706;707;709;713;715;717;721;723;725;726;727;728;729;731;732;735;737;739;742;743;746;747;748;750;751;752;753;755;756;759;761;765;767;770;771;772;774;777;779;780;781;783;786;787;788;790;791;792;794;795;796;798;799;800;803;805;807;810;812;813;816;817;818;819;820;825;827;829;830;831;832;835;837;839;840;842;852;854;855;856;861;862;864;865;867;868;869;870;871;872;874;875;879;882;883;885;887;888;890;892;895;898;902;903;905;909;912;913;918;923;924;926;928;930;931;934;935;936;942;945;948;950;952;953;954;956;961;962;965;967;969;971;973;975;976;980;985;988;989;991;994;997;999
252;2;4;5;6;8;11;12;15;16;17;22;23;24;25;26;34;35;45;46;47;49;50;52;53;62;63;65;66;67;69;71;72;74;76;77;78;79;85;86;87;91;92;93;94;95;96;97;98;103;105;109;111;112;113;119;120;121;125;129;134;135;136;138;141;143;144;145;149;150;153;154;155;156;158;160;161;162;164;165;170;172;174;176;180;181;182;184;186;187;188;190;194;195;196;197;201;203;205;208;209;210;216;217;219;221;222;225;226;227;229;230;231;232;233;235;236;237;239;241;242;243;245;247;250;251;253;255;257;261;262;264;266;275;280;282;283;286;287;289;291;293;295;296;299;301;302;303;306;307;312;313;318;319;321;322;325;326;327;331;332;334;337;339;340;345;346;347;348;352;354;355;356;357;358;359;360;362;363;364;366;367;368;369;370;372;373;377;378;385;386;387;388;389;392;394;395;396;397;399;400;403;406;407;408;409;413;414;415;423;425;431;432;436;437;438;440;441;442;444;445;449;450;451;453;454;456;459;460;463;464;465;469;471;472;473;481;485;488;489;494;495;499;500;501;503;504;505;508;509;511;512;513;518;519;520;522;523;524;525;526;528;529;530;534;537;539;542;543;544;547;548;549;556;557;560;561;562;564;565;566;567;568;569;571;572;577;578;580;581;582;583;584;591;592;594;600;601;602;603;604;607;611;614;617;619;622;623;624;625;627;632;633;634;637;641;643;646;647;650;651;653;656;658;659;661;663;665;666;667;668;672;677;679;680;681;684;686;688;691;692;695;696;697;698;699;701;702;706;707;711;714;715;717;718;719;721;722;724;726;727;728;729;731;736;738;739;741;743;744;745;747;748;749;750;753;756;757;759;761;762;763;764;765;772;776;777;778;781;782;783;784;785;786;788;792;796;797;798;804;806;807;810;811;813;814;815;816;817;819;821;822;823;824;825;829;831;832;835;836;839;843;854;855;856;858;859;861;862;864;866;867;868;872;873;874;876;879;880;882;883;884;886;887;888;889;890;892;893;895;896;902;911;912;913;915;916;917;918;919;920;921;922;923;924;925;927;930;931;932;936;938;939;944;946;952;954;955;956;959;961;962;963;964;965;966;967;968;970;971;974;975;976;978;980;981;984;985;986;987;989;990;991;994;995;996;997;998
253;1;3;4;5;6;14;15;16;18;19;21;23;24;25;26;31;32;39;42;44;48;50;52;53;55;58;62;67;69;70;76;78;86;88;90;92;93;94;96;101;104;108;109;110;112;113;115;120;122;124;125;127;128;130;131;132;135;136;137;140;142;144;145;149;151;152;156;157;159;164;165;166;167;168;169;171;172;173;174;176;178;179;180;181;182;186;187;189;194;200;201;204;205;209;213;214;215;216;224;228;229;231;235;236;237;238;239;240;241;242;246;247;249;251;252;254;257;258;261;262;266;267;268;271;272;273;274;275;276;282;285;287;288;290;291;293;297;306;307;312;313;314;315;317;318;320;321;323;327;331;335;336;344;346;348;349;350;351;352;354;355;357;358;359;361;362;363;368;369;374;376;377;378;380;382;385;386;390;392;393;394;399;400;404;410;411;413;420;421;425;428;429;432;433;434;436;438;440;443;444;446;447;449;452;454;459;460;461;462;466;469;473;474;477;478;479;481;484;485;487;488;489;490;493;499;500;502;504;505;508;514;516;517;520;521;523;529;530;531;532;539;543;544;552;555;556;559;560;561;562;566;567;569;570;571;572;574;575;576;579;580;583;587;590;591;594;595;596;597;598;599;600;601;602;606;607;608;609;610;612;617;618;620;622;626;628;629;630;632;634;636;637;641;649;650;653;655;658;659;660;663;664;668;674;676;681;683;687;688;689;690;691;692;694;696;697;698;699;701;703;705;708;709;714;715;716;718;720;721;722;723;724;727;728;729;732;734;737;738;739;740;743;744;746;748;751;752;756;757;759;760;762;763;764;765;767;768;771;775;776;777;778;779;781;782;783;784;785;786;788;789;792;794;797;798;799;801;802;804;805;809;816;817;818;820;823;824;826;828;833;835;839;840;841;842;843;844;845;846;847;848;849;850;852;853;854;856;857;858;859;860;861;863;864;865;866;867;868;869;870;871;872;873;876;880;883;884;885;886;888;893;898;901;903;906;908;909;910;911;914;916;917;923;925;929;932;933;938;941;944;946;947;949;950;952;953;955;956;957;958;960;964;965;967;968;969;970;974;976;977;978;979;981;982;983;986;987;988;989;992;994;996;997;998;999;1000
254;1;5;7;8;9;10;12;14;15;16;17;18;19;20;22;23;24;26;27;28;33;39;40;41;42;47;49;50;54;55;57;60;64;65;69;70;71;72;76;77;80;81;82;84;91;92;95;96;97;100;101;102;103;104;105;107;110;112;116;117;118;120;124;125;126;127;131;132;133;136;138;140;141;143;144;145;146;147;148;149;152;153;155;158;161;162;163;164;165;168;172;173;174;175;176;177;179;181;184;186;189;192;194;195;197;198;200;201;203;204;205;206;207;208;209;210;212;214;215;216;217;218;219;223;224;226;228;230;232;234;236;237;246;248;249;251;253;255;257;258;260;261;264;265;267;268;271;273;274;275;277;278;279;280;282;283;284;285;289;290;291;292;296;298;302;303;304;308;309;316;317;319;323;325;326;328;329;330;332;335;337;341;342;344;348;350;352;353;355;360;361;362;365;366;368;369;370;371;372;373;374;376;377;378;380;381;382;385;386;387;388;392;393;394;396;397;399;401;403;406;411;412;414;415;416;417;418;425;426;427;428;430;431;432;433;435;436;437;438;441;442;444;447;451;453;454;455;459;460;461;466;469;470;471;474;475;478;479;480;483;484;487;488;491;492;493;495;496;497;498;500;501;508;509;510;511;513;515;516;519;520;522;523;525;531;532;534;535;536;538;540;544;545;552;553;555;556;557;558;560;562;563;564;566;568;571;572;573;574;577;578;580;583;585;588;589;592;595;597;598;600;601;602;603;604;606;608;609;610;611;614;616;619;621;622;623;626;628;629;630;632;634;638;640;647;649;650;651;654;655;656;659;661;663;664;666;667;669;670;676;677;679;680;681;682;685;688;689;691;695;697;699;700;703;707;708;710;712;713;715;717;718;722;725;728;730;733;734;736;737;740;745;747;748;751;755;756;760;762;763;764;765;766;769;773;774;779;782;786;792;796;798;801;802;808;809;811;813;814;817;818;820;821;824;826;832;833;835;837;840;841;843;844;846;851;852;853;857;858;859;863;865;867;868;872;873;874;875;876;879;880;881;882;885;887;889;891;892;893;899;900;901;902;912;915;917;918;919;922;925;926;927;928;929;932;933;935;936;938;940;942;943;944;945;948;950;951;953;957;958;960;962;964;965;966;968;970;975;976;979;980;981;982;983;984;985;989;991;992;994;998;999;1000
255;2;3;5;10;12;14;17;18;20;23;24;25;27;29;32;35;39;41;43;46;48;53;56;58;59;61;62;63;66;67;68;69;73;75;77;81;82;83;84;85;86;87;92;93;95;98;99;101;102;104;105;106;107;108;110;112;114;115;116;117;119;126;130;133;134;138;139;140;141;142;144;148;150;153;154;155;156;157;162;164;165;166;167;168;169;171;172;173;175;176;178;179;183;185;186;189;191;192;194;195;197;199;201;204;207;208;210;213;215;216;218;219;221;222;223;224;225;226;227;228;229;231;232;235;236;237;238;240;241;242;243;244;245;246;248;249;252;254;257;261;263;268;269;270;276;278;280;281;282;284;285;286;289;290;292;295;296;297;299;301;303;304;308;311;315;318;320;321;322;323;326;327;329;333;334;335;337;339;341;342;343;344;345;346;347;348;349;352;353;354;356;357;358;359;360;365;368;371;374;376;382;383;384;390;392;393;394;395;397;398;399;400;402;404;405;408;417;419;421;422;424;425;427;430;432;433;437;438;439;441;442;443;444;445;446;447;449;450;451;452;454;455;458;460;462;466;467;469;470;471;473;476;477;478;479;480;482;483;489;490;492;493;494;497;498;501;504;505;508;510;511;512;513;514;515;516;518;523;526;527;528;533;534;536;543;544;545;546;549;551;552;553;554;558;560;565;567;568;569;577;578;581;583;587;590;593;594;596;603;604;607;610;613;615;616;620;622;624;625;628;629;630;632;633;635;639;642;643;644;645;646;648;652;654;655;656;658;659;660;662;663;666;667;668;669;671;672;675;676;678;679;680;682;684;688;689;693;694;695;696;703;704;707;709;710;711;712;714;715;716;718;719;720;721;723;725;726;727;728;729;733;737;739;742;743;744;745;747;749;750;751;754;755;758;759;762;764;765;766;767;768;770;772;773;775;776;778;780;781;782;783;785;786;789;794;795;796;797;798;799;803;804;807;809;811;814;815;816;817;819;822;823;824;828;829;831;836;839;842;845;846;850;852;855;856;857;866;868;870;871;872;874;875;877;879;883;884;887;888;890;891;893;895;896;897;898;899;902;903;905;908;909;913;915;917;919;920;921;923;924;927;928;929;931;933;936;938;941;947;948;958;959;960;965;966;967;969;970;971;973;974;976;977;978;979;980;983;985;987;988;995;998;1000
256;1;3;4;6;9;14;15;18;23;25;30;31;32;35;37;41;45;46;49;50;51;54;57;59;61;62;65;69;71;73;79;84;88;89;100;101;102;103;106;108;112;113;114;115;117;122;124;125;127;128;130;131;132;134;135;136;141;143;145;147;154;157;161;164;165;166;168;170;172;173;175;179;180;188;190;191;192;196;197;198;199;200;203;205;211;212;214;215;217;219;220;222;223;224;225;227;229;231;233;236;237;238;240;243;244;246;247;249;251;257;259;260;261;263;265;266;267;269;272;273;274;275;277;278;279;280;281;285;286;287;288;289;290;292;293;294;297;298;299;300;301;303;304;307;308;316;323;326;328;329;332;333;334;337;338;339;341;343;344;347;348;349;350;351;352;358;360;361;364;365;366;367;369;371;382;385;386;387;388;393;394;397;400;402;403;410;412;415;416;417;419;420;421;424;427;428;429;430;434;436;440;442;445;447;448;452;453;454;457;460;461;464;469;470;471;472;474;475;477;478;480;481;483;484;486;488;491;494;500;501;509;510;511;513;514;517;519;521;527;528;529;531;535;539;544;545;547;549;550;554;555;557;558;559;561;564;565;569;570;571;574;578;579;580;585;589;590;592;595;597;598;600;603;604;606;607;608;611;615;616;617;618;619;621;622;623;624;627;628;629;630;631;633;635;636;637;638;639;642;643;649;650;651;657;661;662;663;664;665;666;667;668;672;673;675;676;677;680;685;686;688;689;690;692;693;694;695;696;699;700;701;702;703;704;706;708;710;711;718;719;720;723;724;726;728;729;730;731;735;740;741;743;745;746;747;748;750;754;756;757;768;769;770;773;776;777;779;780;781;782;783;784;785;786;787;791;793;794;796;797;798;799;802;804;805;806;808;811;813;814;815;816;817;818;820;823;825;826;827;831;832;836;837;843;844;845;847;848;849;850;851;853;854;855;856;858;861;862;864;866;867;868;869;870;871;874;876;877;880;881;882;884;885;888;890;891;892;896;897;899;901;902;906;907;908;910;911;912;914;923;930;931;932;933;935;936;940;943;944;945;946;947;948;949;953;954;956;957;959;960;962;963;967;968;969;970;971;972;974;976;977;984;986;987;988;989;990;991;992;993;994;998
257;1;2;5;6;7;9;11;12;14;15;16;18;19;21;29;30;32;33;34;35;39;40;41;45;48;49;52;54;58;59;60;61;62;63;66;69;70;72;73;76;78;79;80;82;84;86;87;91;92;94;95;98;99;101;102;103;104;105;106;108;110;112;117;118;119;120;121;122;123;124;125;129;131;133;134;135;137;138;139;140;142;146;147;148;149;152;154;156;157;159;161;164;165;166;169;171;172;176;180;183;185;186;187;188;189;190;192;195;196;197;199;200;201;204;205;206;207;208;209;212;213;214;215;217;218;219;222;223;224;228;229;232;233;235;236;237;241;242;244;245;246;247;248;250;252;253;254;255;256;258;262;264;265;268;269;270;273;274;275;280;281;282;283;284;285;286;287;288;289;291;293;298;299;300;302;304;306;310;311;312;313;315;316;317;318;319;320;321;322;325;327;329;331;332;334;335;337;338;341;343;344;346;350;351;352;356;357;358;360;362;363;365;366;369;370;373;374;375;376;378;379;380;381;384;388;389;390;391;392;394;396;398;399;402;407;408;409;411;412;415;416;417;418;419;422;423;424;429;432;434;435;440;441;443;449;452;455;458;459;460;463;464;467;468;469;470;471;472;476;477;482;483;484;487;488;489;490;492;493;494;495;499;501;502;503;504;506;509;510;511;512;513;515;516;518;519;521;524;525;526;527;530;531;533;536;537;538;539;541;542;543;544;546;548;551;552;554;556;559;560;561;564;566;571;573;574;576;579;584;587;588;589;597;598;606;607;610;612;613;615;617;620;623;626;627;629;630;632;635;636;637;643;645;646;650;653;655;659;661;663;664;669;670;671;672;673;674;677;679;680;682;683;684;688;690;693;694;697;700;701;703;704;705;709;711;712;713;715;717;720;723;727;729;732;734;735;737;738;741;743;744;745;749;750;751;752;756;758;761;764;765;769;772;776;778;779;783;784;787;789;790;792;794;796;797;798;799;800;802;803;804;805;807;808;810;811;812;813;814;815;817;821;822;825;826;827;828;831;833;834;836;837;840;841;842;843;846;849;852;853;854;857;858;859;862;867;872;873;876;877;879;883;884;889;890;891;892;893;895;897;898;899;901;903;904;905;907;908;909;917;919;921;922;923;927;930;933;937;938;940;941;943;944;949;951;954;955;958;959;962;965;969;970;971;973;977;978;979;989;990;991;993;994;997;998;999;1000
258;1;2;5;6;8;9;10;12;19;21;23;25;27;29;32;35;36;40;41;43;44;45;49;50;52;53;54;55;58;60;61;62;63;64;66;67;68;73;74;75;76;80;87;88;91;93;94;96;97;98;99;103;104;106;107;110;111;112;116;121;124;126;128;131;133;136;138;141;146;147;151;153;154;158;163;165;168;169;171;172;173;176;182;184;185;187;188;191;192;195;196;197;198;200;201;203;206;209;211;213;214;216;219;220;225;226;229;230;234;235;239;241;244;246;250;253;254;257;259;261;263;264;265;268;270;271;272;273;274;275;276;279;280;281;282;291;293;296;297;300;304;308;309;311;316;317;318;322;324;328;329;330;332;333;334;338;340;343;346;347;349;350;351;352;354;355;356;360;362;366;369;370;372;373;379;380;383;384;385;388;389;392;393;394;396;397;401;407;408;413;416;417;418;420;421;422;423;425;426;427;428;432;433;434;438;439;440;441;445;446;448;449;452;453;454;461;463;464;465;466;469;476;477;480;485;486;487;489;490;492;494;495;497;500;501;502;503;507;508;509;511;512;514;516;518;519;521;522;524;526;528;529;531;533;534;537;540;541;543;544;545;546;549;551;552;553;559;566;569;570;572;576;577;581;584;585;588;589;591;592;595;596;598;602;603;604;608;609;611;612;613;614;616;618;620;621;622;626;628;629;630;632;634;635;636;637;639;640;641;642;643;646;647;648;650;651;652;654;656;657;658;659;660;661;662;665;666;667;668;669;671;672;673;676;678;679;683;685;690;696;699;700;702;704;706;707;708;712;715;716;717;718;719;720;721;723;725;729;731;735;738;741;742;743;746;748;753;755;756;758;762;764;772;776;778;779;780;782;783;785;789;791;792;793;795;797;799;800;804;805;808;809;810;812;814;815;816;822;824;827;828;832;833;835;836;838;844;845;849;851;852;853;854;855;857;858;860;863;864;865;866;868;869;877;879;880;882;884;886;887;890;891;894;897;898;900;902;904;906;907;909;911;912;913;915;919;920;922;923;926;927;931;932;934;935;942;943;947;948;949;950;953;955;956;957;958;960;962;965;967;969;972;973;975;976;978;979;982;987;989;990;991;992;993;997;998
259;2;3;7;8;9;11;15;17;21;23;24;27;28;29;30;32;35;36;38;42;43;44;45;48;49;51;52;57;59;60;61;63;64;69;70;71;74;75;77;78;81;82;84;85;86;87;88;90;92;94;95;97;99;101;103;106;107;109;110;113;115;117;118;119;120;121;125;128;129;130;133;135;138;139;140;141;142;144;145;148;150;152;153;154;155;156;157;159;160;163;164;167;168;171;172;173;175;176;177;178;179;180;182;183;186;189;190;191;193;194;195;197;204;205;207;208;210;211;212;214;215;216;218;220;221;223;224;225;226;227;230;231;240;241;243;247;256;258;264;265;266;269;272;275;277;279;280;282;283;284;286;287;288;289;290;294;295;296;298;300;301;303;304;306;308;309;311;312;313;314;319;320;322;323;326;327;330;331;332;334;338;341;342;343;344;349;352;355;356;357;361;363;364;366;367;375;379;380;383;385;387;392;395;397;401;404;406;408;410;413;415;417;419;425;430;431;432;433;434;435;438;443;444;447;450;451;452;457;460;461;462;466;468;471;473;475;478;479;480;486;488;489;490;491;496;497;499;500;501;502;505;507;512;520;522;523;524;527;528;529;533;534;535;536;537;538;541;542;543;544;545;546;547;548;554;559;561;567;568;570;571;576;577;578;579;581;583;585;586;592;597;600;604;606;607;608;610;611;613;614;618;622;623;626;629;631;632;633;637;638;640;641;642;644;645;649;656;658;659;661;662;663;668;669;671;672;678;679;680;682;685;687;688;689;690;691;695;699;702;704;705;706;707;708;709;710;711;713;714;715;717;718;720;721;722;723;725;726;728;731;732;733;735;736;737;740;741;745;747;750;752;754;755;758;759;761;763;765;771;772;773;774;775;777;779;782;784;786;787;788;789;792;793;794;795;796;798;799;803;804;806;807;808;809;811;813;814;816;818;819;820;823;824;827;828;830;831;832;833;836;838;841;842;843;844;846;848;850;851;852;853;854;855;856;857;858;859;861;864;865;866;868;869;870;871;872;875;876;884;886;889;890;895;899;900;901;903;904;905;906;907;910;911;912;914;915;917;918;919;921;922;923;924;932;937;940;942;947;949;951;952;953;955;958;960;962;963;965;966;967;968;969;970;973;978;979;980;983;985;992;993;995;997;998;999;1000
260;1;3;4;5;6;7;12;14;19;24;28;29;31;32;33;34;35;36;37;38;40;41;43;44;45;46;48;49;50;52;54;55;56;57;59;60;61;62;64;67;69;75;76;77;78;79;80;81;82;84;85;94;96;97;99;101;104;105;108;110;111;112;113;114;115;116;121;122;124;125;127;130;132;133;135;136;144;145;146;149;150;158;160;161;162;163;167;170;172;175;176;177;179;182;183;188;189;190;192;194;195;196;197;198;202;204;205;207;209;210;211;212;214;216;217;222;223;225;231;232;233;234;235;237;240;242;243;245;246;247;248;254;256;262;266;267;268;269;271;274;275;276;278;280;282;283;285;286;287;288;289;290;291;292;302;304;307;308;312;315;316;319;322;324;325;326;328;330;336;338;340;341;342;345;347;351;352;353;355;356;361;362;364;369;370;373;376;378;379;380;381;382;383;385;386;387;390;391;392;395;398;399;400;402;403;405;408;409;411;412;416;419;421;422;424;425;427;429;433;435;437;438;439;441;443;444;445;448;449;450;452;454;455;460;462;464;466;468;469;475;476;479;483;484;485;489;492;493;497;498;499;502;504;505;507;509;511;513;514;515;517;519;523;524;526;527;528;529;530;531;535;538;539;541;542;544;548;549;553;554;555;561;563;564;565;566;567;570;573;574;576;577;581;582;583;587;589;590;593;594;598;599;606;607;610;612;616;617;618;619;620;623;630;634;636;637;639;640;642;644;646;647;650;652;653;656;657;660;662;663;665;666;668;669;671;673;675;678;682;683;686;688;689;690;692;693;694;695;696;697;699;701;702;704;708;709;710;711;712;713;714;715;716;718;720;722;724;726;727;730;731;732;733;734;735;736;739;740;741;743;744;745;746;749;750;751;755;756;758;759;760;761;763;764;766;768;769;770;771;774;777;778;779;780;783;786;787;789;790;794;796;801;803;810;813;814;815;820;822;823;824;827;829;830;831;832;834;835;836;837;840;841;847;848;851;852;854;855;856;858;859;861;863;864;865;866;872;874;877;879;881;884;885;888;889;890;891;896;899;901;903;908;909;910;911;912;914;915;918;919;922;928;929;930;931;933;934;935;938;942;945;947;948;950;953;955;957;958;960;961;963;964;966;969;970;974;978;979;981;982;983;988;989;990;991;992;993;994
261;1;2;4;11;14;15;17;19;20;21;22;23;29;30;31;34;35;37;38;40;41;42;46;48;49;50;52;59;62;63;65;67;71;73;77;79;80;86;87;88;90;91;96;97;98;99;102;105;106;107;108;109;113;116;117;120;124;125;126;129;131;133;134;136;137;139;144;147;148;149;151;152;153;156;157;158;159;160;162;175;176;179;180;181;182;183;184;185;186;188;189;190;191;193;197;199;200;202;203;204;206;207;208;209;212;213;215;217;220;222;223;226;229;230;231;233;234;236;242;249;252;253;254;255;256;258;266;271;272;273;274;275;276;279;281;282;283;284;285;289;290;292;294;295;297;298;299;300;301;302;309;310;313;317;319;320;323;326;327;330;331;333;334;336;337;338;339;340;342;343;345;349;350;351;353;354;355;357;361;362;367;368;369;370;372;374;377;378;379;382;384;395;397;398;399;401;403;404;405;409;410;412;413;415;416;417;418;419;422;426;427;428;429;431;436;437;438;444;446;448;449;450;451;454;456;457;459;461;462;464;465;466;467;470;473;476;478;479;481;482;483;485;488;489;490;492;497;498;500;501;502;503;506;509;510;516;519;520;526;528;529;530;534;537;541;542;544;545;546;555;558;559;565;566;570;571;572;574;575;577;579;580;581;582;583;585;586;593;594;597;601;606;607;610;612;613;615;616;618;619;620;621;622;623;625;626;629;632;635;636;637;639;640;645;646;648;651;654;655;657;658;659;663;664;665;666;668;670;671;672;673;674;676;677;678;680;682;684;687;690;694;695;698;700;703;704;707;708;709;710;712;713;717;722;726;728;730;733;741;743;745;747;748;750;751;754;756;757;759;761;764;765;766;767;769;770;771;780;786;788;789;793;794;795;796;797;798;799;801;802;806;809;810;811;813;816;818;824;825;826;829;831;832;833;836;837;840;841;846;847;848;849;851;853;854;855;857;863;864;865;867;868;869;870;874;876;878;879;883;885;887;888;895;896;897;900;901;902;904;905;906;909;912;913;915;916;917;918;919;922;926;929;932;933;934;935;940;942;945;946;947;950;952;955;956;957;958;959;961;962;965;967;968;969;972;974;977;979;981;982;983;984;985;986;992;994;996;997
262;1;2;3;12;15;20;22;24;27;28;29;30;31;33;34;36;38;42;43;44;47;50;53;54;55;60;63;65;66;67;71;72;73;76;77;84;86;87;88;89;91;92;93;94;96;98;101;103;105;106;109;110;111;113;114;121;123;124;125;126;127;129;130;133;134;137;138;142;145;151;153;154;155;156;157;158;159;160;161;162;165;167;168;169;171;172;173;174;177;178;181;182;186;188;191;192;197;203;204;205;206;211;213;214;217;221;222;223;225;226;229;230;231;233;235;237;238;240;242;245;246;249;250;252;253;257;260;263;264;266;267;269;271;273;275;278;279;287;289;290;293;294;295;296;302;305;308;311;312;313;314;316;317;319;320;321;323;325;329;332;333;335;339;340;345;346;348;349;350;352;356;357;358;359;362;363;366;368;369;370;371;373;375;377;378;379;384;386;387;388;390;392;393;398;399;400;402;403;404;405;406;407;409;415;416;417;418;420;421;422;425;426;427;428;430;433;434;435;436;439;446;447;448;449;452;453;454;456;457;458;463;464;465;466;468;469;470;471;475;477;478;481;483;485;486;487;492;494;495;496;498;500;501;502;505;506;507;508;511;512;513;514;515;516;520;521;523;525;526;527;529;530;533;537;539;543;544;545;548;549;550;552;554;555;556;559;560;564;566;569;570;573;575;578;580;584;585;591;592;594;596;597;606;610;611;612;614;616;617;621;623;624;625;628;630;631;632;635;639;640;641;644;649;650;651;654;657;658;660;668;669;670;672;675;676;677;679;682;686;687;690;692;693;694;696;697;701;702;706;710;711;712;713;717;719;720;721;723;724;725;727;729;731;737;738;739;741;742;745;747;753;754;760;762;763;765;766;767;769;775;776;777;778;779;782;785;786;787;788;790;791;794;795;797;799;801;806;810;812;813;814;816;819;820;824;825;827;829;830;832;833;834;835;836;838;839;841;842;843;844;847;849;852;855;856;857;858;859;860;861;862;865;866;871;872;873;874;875;876;878;879;881;882;884;888;889;891;892;893;895;896;897;898;901;907;909;910;911;912;914;915;916;917;919;920;923;924;925;926;927;929;930;931;933;936;937;939;940;942;943;944;945;950;952;953;955;958;959;960;961;962;963;964;965;969;970;973;975;976;977;978;980;981;982;984;988;990;991;992;994;997;998;999;1000
263;3;4;7;10;12;13;14;17;18;20;23;25;30;31;32;36;37;38;39;40;41;42;45;46;48;49;50;54;56;57;60;64;65;66;69;70;74;75;79;80;81;82;83;85;86;87;88;91;93;98;101;102;103;105;106;107;108;109;111;112;114;115;116;117;118;119;121;122;125;127;128;129;131;132;134;137;138;140;142;143;144;151;152;153;155;156;157;161;163;166;167;173;176;177;183;184;186;188;189;191;193;197;200;203;205;208;210;213;215;216;217;218;224;225;227;232;234;235;236;237;239;241;242;243;244;246;248;249;250;255;256;258;262;264;265;269;271;274;276;277;279;280;282;287;288;289;290;291;292;294;296;300;301;302;303;306;308;310;312;313;315;316;317;324;326;327;328;334;335;336;337;338;340;341;346;348;352;353;355;356;358;359;360;361;362;363;368;369;370;373;375;379;380;383;384;388;390;392;399;403;404;405;407;409;411;413;416;417;418;419;420;421;422;423;424;425;426;427;429;430;431;432;433;434;435;437;441;442;443;446;447;448;449;450;451;452;453;454;457;460;463;466;472;473;476;477;478;480;481;482;483;485;487;488;490;493;494;497;500;501;502;508;509;514;516;520;523;525;529;530;532;536;537;538;540;542;544;545;546;547;549;550;551;552;553;554;555;557;558;561;563;567;568;569;570;571;572;574;576;577;578;579;581;584;590;591;593;596;597;598;600;601;604;605;606;607;608;613;614;615;616;617;618;621;623;627;628;629;630;633;634;639;641;642;643;644;646;650;651;652;654;655;656;657;660;662;663;665;669;670;678;680;681;688;690;691;692;693;696;698;701;702;705;707;709;714;715;717;718;719;721;722;725;726;727;731;734;741;743;744;745;747;748;749;750;754;757;759;761;762;763;765;767;768;769;770;771;772;773;775;776;779;784;786;787;789;794;799;800;801;804;805;809;813;814;816;822;824;827;828;829;830;832;834;836;837;838;839;841;842;843;844;846;847;849;854;856;858;860;862;865;866;868;871;872;874;875;881;885;886;887;889;891;893;894;900;901;902;903;907;909;910;911;912;913;915;917;919;922;923;924;925;926;927;928;934;936;939;942;945;946;947;949;951;953;954;955;959;960;961;962;964;965;966;967;968;969;970;971;972;973;974;975;978;979;981;982;983;984;985;986;989;997;999
264;2;4;7;8;10;15;19;20;26;30;32;35;38;39;40;41;43;47;50;51;52;53;55;57;58;60;61;64;65;69;70;71;75;76;79;83;85;91;94;95;99;100;101;102;103;106;107;108;111;114;115;123;127;130;131;132;135;136;137;139;140;143;144;145;147;149;151;152;154;157;158;159;160;163;165;170;171;175;177;181;186;187;189;190;191;192;193;194;195;198;199;202;204;206;208;209;211;214;215;217;227;228;229;230;231;232;233;235;236;237;240;243;244;245;246;251;252;254;257;258;259;262;263;265;266;267;268;283;284;286;287;292;297;298;299;300;301;303;305;307;310;311;312;315;317;318;323;325;327;332;333;334;335;337;338;339;340;342;344;345;349;354;355;358;360;361;367;368;370;371;372;375;376;379;380;381;382;383;384;385;386;388;390;393;395;397;398;399;400;401;402;403;404;408;409;412;414;416;418;424;427;429;430;431;433;434;435;438;440;442;446;448;449;452;453;455;457;458;459;461;462;463;466;469;470;471;472;473;477;478;479;480;482;484;485;486;488;489;494;495;496;499;502;504;507;510;511;512;513;514;516;519;520;521;522;525;527;529;531;532;535;537;538;544;545;547;548;549;551;552;553;556;558;559;560;562;563;564;568;570;573;575;576;577;578;582;586;588;590;591;595;596;603;604;605;606;609;612;625;627;630;632;634;639;640;641;642;646;647;649;650;652;654;657;658;659;663;666;668;671;672;674;676;680;682;683;684;685;686;688;690;691;692;694;696;697;698;699;701;702;708;712;713;717;718;722;723;726;727;728;729;733;735;736;737;738;740;741;744;750;754;756;757;758;759;761;763;764;765;769;773;774;779;781;784;787;789;790;791;792;793;794;800;803;805;807;810;813;814;818;819;820;822;823;824;828;830;833;834;836;837;838;849;850;851;853;854;856;859;868;870;871;872;873;874;875;876;879;880;884;885;889;891;892;893;896;897;899;901;904;912;913;914;917;918;920;921;922;923;924;926;928;931;933;935;936;944;946;947;948;949;950;951;953;955;956;957;959;961;962;963;965;968;969;971;973;975;976;978;982;983;985;986;987;988;990;993;997;999
265;1;3;5;7;8;9;14;16;18;20;24;26;27;30;35;37;38;39;41;42;43;44;45;48;49;56;57;60;61;62;64;65;66;68;74;77;78;81;82;83;84;86;87;88;91;92;93;94;96;97;99;101;105;108;112;114;116;117;118;120;129;133;136;138;140;141;144;145;148;149;151;153;154;158;159;164;165;169;171;173;175;176;177;179;180;185;189;193;195;198;203;206;207;211;212;213;214;218;221;222;223;225;226;230;231;233;234;235;237;238;240;241;242;244;248;250;254;256;257;258;259;263;264;268;269;273;278;288;289;290;291;293;294;295;297;298;302;305;306;309;312;313;314;315;317;318;321;322;323;325;327;328;331;333;334;335;336;337;338;339;340;341;343;344;346;347;349;350;351;354;356;357;359;362;363;366;370;371;373;375;376;379;380;381;382;383;384;385;388;392;393;396;397;398;402;403;404;406;408;409;412;413;416;417;419;421;422;430;431;432;434;435;438;440;443;445;447;448;449;451;452;455;458;460;461;463;465;466;468;470;471;472;475;477;481;485;487;489;491;492;493;495;496;500;502;504;507;514;515;516;517;520;522;523;530;534;535;536;538;542;543;545;546;549;550;551;552;553;555;556;557;559;560;562;563;569;574;576;577;578;579;585;587;588;589;590;592;593;595;597;598;601;602;604;605;608;610;613;615;617;620;624;627;628;629;633;634;635;636;637;642;644;645;646;648;649;654;656;659;660;661;662;665;669;673;674;677;678;679;680;681;683;686;687;688;689;690;695;696;699;701;702;704;705;707;710;711;714;716;717;718;722;723;725;729;730;731;732;733;736;737;738;740;741;748;749;752;753;754;755;756;757;758;760;765;766;769;771;772;773;775;777;779;781;782;785;790;792;793;794;798;800;804;805;806;807;810;813;814;815;817;818;819;824;825;828;830;833;834;836;837;841;842;845;847;848;852;855;856;857;858;860;862;863;865;866;867;868;870;871;872;873;875;877;879;880;881;883;886;887;888;889;892;893;894;899;900;904;906;907;908;909;911;912;914;919;920;921;922;927;928;933;940;941;947;949;952;954;956;958;960;962;967;968;969;973;974;975;981;982;984;985;986;989;990;993;995;999
266;3;4;5;6;7;9;11;12;13;15;18;19;22;23;25;26;27;28;29;30;31;32;33;34;37;39;40;41;42;44;45;49;54;56;59;61;64;65;68;69;74;75;78;79;81;84;86;89;90;92;93;94;98;100;103;107;108;109;114;115;119;120;125;128;130;131;135;136;137;138;139;143;145;146;149;151;154;157;159;161;162;164;165;166;168;169;170;171;172;175;176;177;183;184;186;187;192;193;194;198;199;201;202;203;204;206;208;210;211;213;214;215;216;219;220;222;226;228;229;232;234;236;238;239;240;245;246;247;248;250;252;253;256;259;260;261;262;264;270;278;280;285;286;287;289;290;292;295;303;304;305;306;308;310;311;315;318;325;327;329;330;331;332;335;336;337;339;340;341;342;343;345;346;352;353;354;355;356;357;358;360;361;364;365;367;369;373;378;384;385;388;390;392;394;396;398;400;401;402;404;406;409;410;411;413;414;416;418;419;421;422;424;425;427;428;430;431;432;434;435;436;438;439;441;443;444;445;446;448;449;450;452;453;455;457;459;460;462;464;465;466;469;471;474;475;476;477;478;480;481;483;487;489;490;494;495;496;500;501;504;505;510;511;512;513;515;516;517;519;522;523;525;530;532;533;534;536;537;538;540;541;543;546;547;548;552;553;555;557;559;561;563;565;567;568;569;571;572;573;579;580;583;586;587;589;594;595;597;598;599;601;604;608;609;610;612;613;617;618;622;626;628;629;632;633;634;635;636;637;639;641;643;645;646;648;649;651;658;659;660;662;664;666;667;668;670;671;672;675;676;677;678;679;682;684;685;686;687;689;693;694;695;696;697;698;700;703;704;705;706;709;711;712;715;718;720;721;729;731;732;737;740;741;743;744;747;749;750;751;752;754;756;760;761;764;765;766;768;769;770;773;774;779;781;782;783;784;785;786;787;788;790;792;793;796;797;800;802;803;807;808;809;815;816;817;818;819;821;823;825;828;829;832;833;839;843;844;846;851;854;855;861;862;865;867;868;871;872;873;874;875;876;877;878;879;881;882;883;886;890;891;893;899;900;902;903;905;906;907;908;909;913;914;916;918;920;921;922;923;925;928;929;930;935;936;940;943;948;949;950;951;953;954;957;958;960;961;962;965;967;970;975;980;982;983;987;988;990;992;993;994;996;998;1000
267;1;7;8;11;13;15;18;20;24;25;27;30;31;33;34;38;39;40;42;43;44;45;46;51;53;54;56;58;60;62;63;68;71;72;73;74;75;78;79;83;85;87;89;90;91;95;98;99;102;106;109;111;112;114;119;120;121;123;125;126;127;128;133;140;142;143;144;145;152;157;159;161;162;164;166;167;169;171;173;175;176;178;179;180;185;187;189;190;196;199;201;202;203;208;216;219;220;221;225;228;229;230;231;232;233;234;235;237;238;239;242;243;244;246;247;248;249;253;254;256;260;262;264;268;269;271;272;276;278;279;281;283;285;286;287;289;290;291;292;295;296;297;298;299;300;305;307;308;309;311;314;320;321;325;329;333;335;336;337;338;339;340;341;343;344;345;346;347;348;349;354;357;359;360;365;367;368;371;378;379;380;381;383;384;393;394;396;398;400;401;403;406;410;413;416;418;422;423;424;426;428;429;430;431;433;435;436;438;439;440;441;444;446;447;450;451;452;455;457;458;460;464;468;469;471;472;474;475;477;478;482;485;490;492;495;497;499;502;505;506;508;509;510;513;514;520;524;525;526;527;528;533;535;537;538;539;540;541;544;545;547;551;552;557;558;560;561;562;564;566;568;578;579;582;583;584;587;588;591;593;600;606;610;613;615;617;622;623;626;627;628;633;636;639;640;642;647;648;649;651;652;656;657;660;661;662;664;665;671;672;674;675;677;680;681;682;683;685;686;687;689;691;694;696;697;698;699;700;701;702;707;710;713;717;719;721;723;724;727;729;732;735;736;737;738;741;745;747;748;750;753;754;757;758;762;764;765;766;767;769;771;772;775;776;777;778;780;783;784;785;790;791;793;794;796;798;799;800;801;802;803;804;806;807;808;809;811;814;815;817;818;820;822;823;826;828;829;833;834;837;839;840;841;842;844;846;848;849;850;852;854;855;860;861;865;866;867;868;869;871;873;874;876;878;879;880;881;883;884;887;888;889;891;895;897;898;901;902;903;904;905;907;913;915;916;917;921;922;924;925;928;929;930;931;933;935;937;938;941;945;958;960;962;963;964;965;967;970;972;973;974;976;977;978;980;981;983;984;987;990;996;999
268;2;3;5;7;8;9;10;11;17;19;22;24;25;27;29;30;31;33;36;39;40;41;42;43;45;48;49;51;53;56;59;62;64;66;68;69;71;72;74;75;76;78;83;84;86;88;91;93;96;100;101;103;104;105;106;108;111;114;118;119;120;122;124;125;126;129;130;132;133;136;139;140;141;142;145;147;152;154;155;156;157;159;160;161;162;163;164;165;167;168;169;171;172;173;175;176;178;179;181;182;184;187;190;193;195;196;199;200;204;205;207;209;210;213;214;216;218;219;220;221;222;223;224;227;228;229;230;231;232;236;237;239;240;241;242;243;244;248;250;253;254;255;257;258;260;264;265;267;270;274;275;276;277;279;281;282;286;287;289;290;291;294;295;296;298;300;301;302;303;309;313;314;315;318;320;323;328;331;332;333;336;341;342;345;346;347;348;349;350;351;352;353;355;356;358;359;363;365;366;367;368;369;370;372;373;375;377;379;380;381;385;387;391;392;393;396;397;400;402;405;410;411;413;414;415;416;418;422;423;428;432;433;434;435;437;438;441;446;447;450;452;458;462;464;465;466;467;468;472;476;477;482;488;489;494;495;496;497;499;500;505;506;511;512;513;514;516;519;521;523;524;525;527;531;532;533;536;539;540;541;543;545;547;549;551;554;556;557;558;559;564;566;567;573;574;575;578;579;580;581;582;585;586;588;590;591;594;595;598;601;602;606;608;609;610;613;614;617;618;620;623;624;626;628;631;632;634;635;639;641;643;644;645;646;650;655;656;657;661;662;664;665;667;669;671;673;675;676;678;679;680;682;684;689;690;691;693;694;695;696;698;700;701;703;704;706;707;708;709;711;713;715;718;719;722;726;727;728;731;734;736;738;739;740;742;743;744;746;747;748;749;752;758;760;762;763;765;766;768;769;771;772;773;777;778;779;780;783;784;785;786;787;793;794;800;801;804;805;807;809;815;818;820;822;823;824;825;826;827;830;831;832;833;834;837;838;842;843;844;845;846;847;849;851;852;853;857;858;862;863;865;867;868;869;870;873;874;878;879;880;882;885;887;889;891;893;896;898;902;903;909;910;912;913;915;923;924;925;926;928;929;932;936;939;940;942;943;944;948;951;952;954;958;961;962;963;964;965;969;971;973;975;979;982;984;989;990;992;995;996;997;998;999
269;5;6;8;13;14;15;16;19;20;24;27;28;30;31;32;36;37;40;41;42;43;44;45;46;51;52;54;57;58;59;62;63;64;65;67;69;71;75;77;78;83;84;85;87;90;92;93;96;97;99;100;104;106;107;110;114;115;117;120;121;127;128;131;132;135;137;138;141;144;147;151;153;154;155;156;157;158;159;163;167;168;170;172;175;176;178;179;182;183;185;186;187;188;189;190;193;194;197;204;206;207;208;214;218;219;221;222;223;226;227;228;232;233;234;235;236;237;240;242;243;244;245;246;247;249;251;255;256;257;259;260;262;263;265;267;271;272;273;274;276;277;280;281;284;288;294;295;301;303;305;306;307;308;310;311;312;314;316;318;319;320;322;323;326;328;329;330;331;332;335;337;339;341;344;346;349;352;354;355;356;357;360;361;363;367;369;372;378;379;381;383;386;387;389;391;398;400;401;403;406;409;410;414;415;416;417;418;419;421;427;428;430;431;434;435;437;438;439;440;445;446;450;452;454;455;458;459;462;468;473;474;475;476;477;481;482;483;486;487;488;493;495;497;498;501;506;508;513;515;516;519;520;521;522;523;525;526;527;528;532;534;535;536;537;540;542;543;544;545;549;551;554;556;560;561;562;563;565;566;572;573;574;575;577;580;581;583;584;585;591;592;597;598;602;604;605;608;611;615;616;617;618;619;621;622;623;624;625;627;629;631;634;635;637;639;640;641;644;647;648;649;653;654;655;656;657;658;659;669;670;671;676;678;679;682;684;686;687;688;689;693;695;697;699;703;704;705;706;707;711;712;717;719;720;721;722;723;725;727;729;733;735;737;738;739;741;750;752;754;756;757;759;760;763;764;770;774;775;777;782;783;785;787;791;793;795;797;799;800;802;804;806;808;810;815;816;819;821;822;826;827;831;832;833;834;835;836;837;840;842;844;845;846;848;851;852;855;857;859;861;863;866;867;868;871;872;876;880;881;885;890;892;894;895;899;902;903;904;907;908;912;913;914;915;919;920;921;922;924;926;927;928;929;932;934;938;940;941;943;944;947;948;950;951;952;953;955;956;957;960;961;962;964;965;966;971;972;973;974;975;976;977;979;980;982;983;984;986;991;993;995;996;1000
270;6;8;9;10;11;16;18;19;20;22;23;24;26;28;29;30;34;37;46;48;50;51;52;55;57;59;60;61;67;69;70;76;79;80;81;84;85;86;88;89;90;91;92;93;94;97;99;100;103;107;110;111;118;119;120;126;130;131;133;134;139;140;141;143;144;145;146;147;148;149;153;155;156;157;158;161;163;165;167;168;169;170;171;173;176;177;178;179;181;182;183;184;185;186;188;190;191;193;195;198;199;200;209;210;212;213;214;217;219;220;224;225;228;229;230;233;234;235;236;239;240;241;243;244;246;247;248;249;255;257;258;266;268;274;276;278;281;282;285;286;287;290;291;293;294;295;297;298;303;305;309;313;315;316;317;318;321;323;324;328;330;331;332;333;343;345;347;349;352;353;358;359;360;361;362;364;366;370;372;373;374;377;378;381;382;383;384;385;386;388;389;393;395;396;398;400;401;404;405;407;408;409;410;411;413;416;418;419;422;423;429;432;433;434;435;436;439;443;444;446;449;450;452;457;458;459;460;461;476;478;479;485;486;487;491;494;497;498;499;500;501;502;503;504;505;506;507;509;513;515;518;520;522;524;526;531;532;533;535;537;541;542;544;546;549;550;552;557;559;560;562;573;575;578;579;580;583;584;587;588;589;595;596;597;598;599;600;603;604;605;607;611;615;621;623;624;625;626;627;629;632;635;637;640;641;642;643;644;645;647;649;650;651;653;654;655;658;659;660;661;663;664;666;668;669;671;673;674;677;679;680;681;683;684;686;687;688;689;691;693;697;700;702;703;705;707;708;710;712;715;716;720;726;727;728;729;730;732;735;737;738;740;742;744;745;746;747;748;750;751;756;759;761;763;764;765;768;769;770;781;786;787;788;790;791;794;796;797;799;804;805;806;812;814;815;824;825;826;827;830;833;834;835;836;837;842;844;847;848;851;852;859;860;861;864;865;867;868;869;870;871;874;875;878;880;883;884;886;888;889;890;891;892;894;896;901;902;903;904;906;907;911;912;913;917;920;921;922;923;927;928;929;931;933;934;936;939;940;942;943;944;945;946;948;951;953;954;957;960;963;965;968;971;972;974;975;980;981;982;983;984;986;988;991;993;994;995;997;1000
271;2;5;7;9;18;19;20;21;23;25;26;30;31;32;33;36;37;39;40;42;46;52;54;57;61;64;67;68;71;72;73;74;76;78;79;81;84;85;87;90;95;96;100;101;106;107;109;110;111;112;113;114;116;117;119;120;121;122;123;124;126;128;129;130;131;133;134;135;136;137;141;142;144;145;146;148;151;152;153;154;155;160;161;163;165;166;167;168;169;171;173;174;175;178;179;181;182;184;187;188;195;199;200;201;204;205;207;209;210;214;215;216;221;222;223;225;227;230;231;236;238;241;242;243;247;249;250;253;254;258;260;261;262;263;267;269;273;274;275;278;279;280;281;282;283;284;285;286;287;288;290;292;293;294;295;296;297;299;300;302;304;306;308;309;310;311;312;313;314;322;323;325;328;329;331;332;333;334;337;338;340;342;343;344;346;349;353;355;356;360;362;364;365;367;370;371;372;375;378;379;380;381;383;385;389;390;391;394;395;397;400;402;403;405;409;410;411;412;414;415;418;419;420;422;423;424;429;430;431;434;436;437;439;441;444;449;450;455;456;458;459;460;465;470;471;473;475;478;479;481;482;486;487;488;493;495;496;500;503;504;505;507;509;514;515;518;519;521;522;524;526;528;529;532;534;535;537;540;542;543;544;545;547;549;550;553;554;558;559;563;570;572;573;576;581;582;584;586;588;592;598;599;604;605;606;608;609;610;613;617;618;619;622;623;624;627;629;631;633;635;636;638;639;640;641;642;645;646;648;649;650;654;657;660;661;663;664;665;666;667;669;670;674;679;686;688;691;694;698;699;700;702;704;705;707;708;711;712;715;716;717;720;722;724;726;728;729;731;733;734;736;738;740;745;746;748;749;753;754;756;757;761;762;765;766;767;768;769;771;772;774;775;776;777;778;781;784;785;788;789;791;795;796;797;800;802;804;805;806;811;812;815;816;817;819;820;823;824;827;829;831;832;835;842;843;844;846;849;850;856;861;862;864;865;866;867;868;873;874;877;879;880;881;885;886;890;893;895;896;897;898;899;902;904;907;908;909;910;912;914;915;916;917;918;920;921;922;928;929;930;932;933;935;936;939;941;942;943;945;947;948;949;950;953;954;955;956;957;958;959;960;962;966;967;968;971;973;975;979;981;982;983;984;985;987;989;990;992;993;995;996;997;998;999
272;1;2;5;12;15;16;17;21;22;24;26;28;31;33;34;35;41;42;44;45;46;51;52;59;60;62;65;66;69;70;71;72;73;77;78;79;80;81;84;86;89;90;92;93;94;95;98;99;100;102;103;104;105;106;108;109;110;111;112;113;114;121;122;126;129;130;131;132;135;136;138;139;143;147;148;151;152;161;163;164;166;170;181;184;187;188;189;191;192;194;197;198;205;208;209;210;211;212;214;215;216;217;219;223;224;227;229;232;235;236;237;238;242;243;244;246;247;248;249;250;253;256;258;259;261;267;269;273;275;277;280;282;284;287;288;290;291;293;294;297;303;304;305;307;308;310;311;312;313;316;318;319;321;322;323;325;326;328;331;333;334;335;339;340;341;342;344;345;346;352;353;354;358;361;363;365;366;371;372;373;374;380;381;383;387;388;390;392;393;394;399;400;401;406;407;411;415;416;419;420;422;424;425;430;431;432;433;434;435;437;442;445;450;451;452;453;454;458;459;461;462;463;466;467;470;473;476;477;479;482;484;487;490;491;493;495;496;497;499;500;501;503;504;507;508;509;510;511;514;518;519;521;525;526;529;531;533;534;536;538;540;541;544;545;546;547;549;550;552;554;555;559;560;561;562;563;565;568;569;570;573;574;576;577;578;579;580;581;583;584;585;588;589;591;592;593;598;599;601;602;603;608;610;613;615;616;618;619;621;624;625;626;627;629;630;632;633;636;638;639;640;646;647;651;653;656;658;660;661;662;672;673;676;677;679;680;682;683;687;688;689;691;695;697;698;699;702;703;704;706;707;710;713;715;717;719;722;728;729;731;734;736;737;738;740;741;743;745;746;747;748;750;751;754;755;757;762;764;765;766;769;770;771;773;774;776;778;784;787;788;790;791;797;798;799;801;802;805;806;807;808;809;810;811;812;813;815;816;817;818;819;822;823;824;825;829;830;831;838;839;841;842;843;845;847;849;852;853;856;857;859;863;866;868;869;872;873;874;877;880;882;883;885;888;890;891;893;895;896;900;901;907;911;912;913;915;919;921;923;927;929;930;931;933;936;937;940;945;947;951;952;953;955;959;961;963;965;969;972;973;978;981;984;985;989;990;992;995;996;997;1000
273;1;2;3;4;10;11;14;15;16;18;22;25;29;36;38;39;41;46;47;50;55;59;61;62;63;64;65;66;71;72;73;78;79;82;85;89;93;94;95;97;98;99;103;104;105;107;108;109;117;118;119;121;124;126;129;133;135;138;139;141;143;150;152;153;154;157;159;161;162;165;170;173;174;175;176;177;178;179;181;183;188;191;194;195;200;203;207;210;212;215;216;221;224;227;228;231;233;236;237;240;242;243;246;248;249;250;253;254;256;257;258;261;262;265;269;271;272;276;283;287;288;290;291;292;293;294;295;296;298;300;302;308;310;311;312;314;319;321;322;324;328;332;334;335;336;338;339;341;342;344;345;346;347;348;349;350;351;352;354;355;356;359;360;362;363;365;370;371;374;378;382;385;386;387;388;391;392;393;395;397;399;400;401;402;405;406;407;408;411;413;417;420;422;423;425;427;429;430;431;433;434;435;436;440;443;445;452;454;455;461;462;463;464;466;468;469;476;477;479;480;482;485;487;490;493;495;497;498;499;500;501;503;510;512;513;514;515;516;517;522;524;527;528;534;537;539;540;541;542;544;546;551;552;553;554;558;559;560;567;568;570;571;573;577;579;580;582;583;584;588;590;592;594;595;596;607;611;612;615;617;618;619;627;629;630;633;635;636;638;639;646;647;654;655;656;660;663;664;667;669;671;672;673;675;676;682;683;685;686;688;691;692;694;696;697;700;701;706;708;709;710;711;713;714;715;718;719;728;729;731;733;735;736;740;744;746;749;751;753;755;756;757;759;760;763;764;772;774;777;791;797;798;800;802;803;804;807;810;811;812;814;816;818;821;823;825;826;827;828;831;832;833;836;837;839;841;844;845;846;852;853;856;858;860;868;869;870;872;873;875;877;879;880;885;888;889;891;892;894;896;897;900;901;903;905;907;910;911;914;916;917;920;923;924;925;927;930;936;937;938;939;940;942;943;944;945;946;947;948;954;955;956;957;960;961;963;964;966;969;972;976;978;979;988;989;994;996;998;999
274;1;2;3;4;6;10;11;13;14;15;21;22;24;27;28;30;32;34;37;39;42;43;45;48;49;50;51;55;57;58;59;62;64;65;67;69;70;73;76;80;81;82;83;84;85;86;89;90;94;96;98;99;101;102;107;108;109;110;111;112;120;122;123;125;128;129;130;131;133;135;139;140;142;143;146;147;148;149;150;152;154;155;158;159;161;164;165;169;174;176;178;179;181;184;186;190;191;193;194;195;200;202;204;205;207;208;209;210;211;213;214;215;216;217;219;224;228;230;233;235;237;239;240;242;243;246;247;248;253;254;256;257;258;260;261;263;268;269;270;271;275;276;277;279;282;284;285;287;289;290;292;295;297;300;301;305;306;309;310;312;314;319;321;322;323;324;325;327;333;335;338;340;346;347;351;353;354;355;356;362;363;367;370;373;374;376;379;383;385;386;389;391;394;395;397;402;403;404;405;406;410;412;416;417;422;423;424;427;429;430;435;437;439;440;442;444;448;450;451;457;458;459;460;462;463;464;466;468;470;472;473;474;476;477;478;482;485;486;488;489;491;493;498;499;500;502;503;505;506;509;510;512;513;515;516;519;521;522;524;525;528;532;533;535;536;537;540;541;542;543;544;547;548;549;553;554;555;558;559;561;562;564;566;567;569;573;574;575;576;577;578;581;582;587;588;591;593;596;597;599;600;602;603;607;609;618;619;620;622;623;626;628;630;632;636;638;639;640;643;647;648;649;652;653;655;656;657;658;660;661;662;663;666;667;673;677;678;683;685;687;689;690;692;693;694;695;696;697;698;699;700;703;704;705;706;710;711;712;713;714;715;716;717;720;721;723;724;725;726;729;731;734;735;736;740;741;742;743;744;745;747;753;757;758;759;760;762;764;765;766;767;768;770;771;774;775;777;778;780;783;784;787;790;792;793;798;800;801;805;806;808;809;810;811;817;818;819;820;824;825;826;827;828;830;831;833;834;838;839;840;842;846;847;850;858;859;861;863;866;867;869;874;876;877;878;879;881;883;884;885;889;891;892;894;895;896;898;900;903;904;907;908;909;913;916;921;922;924;925;931;933;934;936;937;938;939;942;943;945;946;947;949;951;952;953;956;958;959;960;962;963;964;965;966;968;972;977;978;981;982;983;987;988;989;990;994;995;998
275;2;4;6;7;9;11;12;16;17;18;21;22;23;24;26;27;28;35;36;37;38;39;40;43;45;46;48;50;53;54;56;57;61;62;63;64;66;67;68;70;72;73;75;76;77;81;82;86;88;89;90;96;98;100;101;102;104;105;106;108;114;115;116;117;120;122;125;127;130;131;134;135;138;139;141;143;144;147;150;153;154;156;157;158;162;164;165;167;169;171;173;175;176;178;179;183;185;187;189;190;191;193;194;197;198;199;202;203;205;206;207;208;209;211;213;215;216;218;220;221;222;223;224;225;231;234;235;236;238;239;242;243;244;246;249;250;252;253;254;256;257;258;259;260;261;262;268;271;272;274;276;279;280;282;283;286;288;291;293;294;295;296;297;298;300;301;304;305;306;308;310;312;314;315;318;319;320;321;323;325;326;327;328;330;331;336;337;339;341;342;343;344;350;352;353;355;360;362;364;365;366;367;369;370;371;372;374;375;376;377;381;385;388;389;392;393;395;398;400;403;404;405;407;410;412;413;414;418;419;421;423;427;428;431;433;436;437;439;440;444;447;450;451;452;453;455;456;458;460;463;464;466;467;469;473;474;477;478;479;481;482;483;484;485;486;487;488;489;490;492;497;498;500;501;506;507;509;511;513;514;516;517;518;520;523;524;526;529;533;534;535;536;538;539;540;541;543;544;545;547;548;550;552;554;556;557;558;560;561;563;564;569;572;576;579;580;581;583;585;590;591;592;595;598;600;602;603;604;605;606;608;609;611;612;613;614;615;618;621;623;624;625;626;629;630;633;634;635;638;643;644;649;650;651;654;655;658;660;662;663;670;671;673;676;678;679;680;682;684;685;687;688;695;696;698;699;700;701;703;706;707;708;710;711;713;714;719;724;726;727;730;733;734;735;736;737;738;741;746;747;749;750;752;755;757;758;760;762;766;767;768;770;771;773;777;779;780;781;783;784;785;786;789;790;792;793;794;795;797;799;800;801;803;804;810;812;813;818;819;822;823;825;827;828;832;834;836;837;838;843;844;850;853;856;858;860;861;863;864;871;874;876;878;879;880;884;885;886;888;889;890;893;894;895;896;897;898;900;901;907;908;912;915;917;918;919;920;921;922;925;928;929;931;932;933;937;938;940;941;943;944;945;946;950;952;954;957;958;961;964;967;968;969;970;972;975;978;979;981;987;988;989;990;993;996;997;1000
276;2;4;6;7;9;10;12;15;17;18;20;22;24;25;27;29;30;32;33;35;36;37;41;43;44;45;50;52;55;58;59;61;62;63;64;65;66;69;70;71;72;73;74;79;81;83;84;86;88;92;93;94;95;97;100;101;102;103;104;109;113;114;115;116;118;119;121;122;125;126;129;130;131;134;135;136;139;140;143;144;146;148;153;157;160;162;165;166;167;169;170;171;172;173;176;179;185;186;188;191;193;195;196;198;199;202;206;207;209;210;212;213;214;215;218;219;220;221;225;226;227;230;231;232;235;236;237;238;242;248;250;251;253;255;258;260;261;263;267;268;269;270;273;274;275;277;286;288;290;291;294;295;297;298;299;300;303;305;308;309;313;314;316;317;318;322;323;324;325;328;329;330;333;338;340;344;346;347;348;350;351;353;354;359;360;364;365;368;369;370;374;376;377;378;379;380;382;387;392;393;394;396;399;401;404;406;408;411;415;418;419;420;421;423;424;426;427;429;432;435;438;439;442;447;449;450;452;453;456;458;459;460;461;462;463;464;468;470;473;475;476;477;481;482;489;494;495;496;499;501;502;503;505;507;509;510;511;513;514;517;518;520;521;524;529;530;531;534;535;536;538;542;544;545;548;551;552;553;555;556;558;560;564;567;569;571;576;578;579;580;581;583;584;587;590;592;594;595;596;600;601;602;603;605;608;610;611;612;613;614;616;619;620;623;625;626;630;631;632;634;636;637;639;640;645;647;648;650;655;656;657;659;663;664;665;667;668;670;677;678;679;681;682;683;684;685;688;690;691;692;694;695;700;701;702;704;705;707;708;710;711;712;713;714;715;716;717;718;719;722;723;724;725;728;734;738;740;741;742;743;744;745;747;750;751;752;753;755;757;759;761;763;770;773;775;779;780;781;782;783;784;785;786;790;791;795;796;798;812;815;816;817;818;822;823;826;832;833;834;837;838;840;841;842;843;844;845;846;850;854;855;857;863;865;866;870;871;872;874;875;876;881;882;883;884;885;887;891;892;893;897;898;903;908;910;913;914;915;916;919;921;924;927;931;934;935;936;940;942;943;945;947;951;955;956;959;963;964;965;967;969;973;975;977;979;980;981;982;984;986;988;989;990;991;992;993;996;997;998;999;1000
277;3;5;6;7;9;11;13;14;15;19;21;22;23;25;27;31;35;39;42;45;46;47;50;51;52;53;56;60;61;65;76;77;78;80;81;83;90;95;98;100;102;104;106;107;113;114;115;116;119;121;122;124;125;126;130;132;135;136;137;138;139;141;144;145;146;147;148;149;150;151;154;162;164;169;171;173;174;175;176;179;181;185;186;188;190;191;192;194;195;196;200;202;205;207;208;209;212;214;215;216;220;222;225;227;228;229;230;232;233;235;236;238;239;241;247;248;250;251;254;256;259;263;268;269;272;274;276;278;279;285;287;289;290;291;292;294;295;296;298;302;303;307;308;309;313;314;317;318;321;323;324;325;326;328;329;330;331;333;334;335;336;337;339;341;344;345;346;348;349;352;355;357;363;364;365;367;368;369;370;371;372;375;376;379;381;384;385;386;390;393;395;396;397;399;400;401;403;405;407;409;411;412;416;417;420;424;428;436;437;442;444;445;447;449;452;453;455;459;462;465;466;468;469;473;474;476;477;478;480;483;486;489;490;495;496;502;503;504;506;507;510;512;514;516;517;519;520;522;523;524;529;532;533;535;539;540;542;544;545;548;549;551;553;556;560;562;563;564;567;568;570;571;573;575;577;578;579;580;586;591;592;594;596;599;600;601;602;603;606;609;610;612;614;617;619;621;624;627;628;629;630;634;635;636;637;639;640;642;643;645;647;649;650;651;652;654;656;657;658;659;662;663;666;669;670;671;673;674;675;677;678;683;687;688;689;691;693;694;695;696;698;699;702;704;706;708;710;711;712;714;715;717;725;728;729;730;731;732;734;736;737;740;741;742;743;749;750;751;754;755;759;763;764;765;766;769;773;774;777;779;781;782;786;789;791;792;797;799;802;805;807;813;817;819;820;821;822;823;827;828;831;832;834;835;836;837;838;839;840;841;843;844;847;851;854;855;856;857;859;861;862;865;866;867;868;872;874;876;881;882;884;888;889;892;893;896;897;898;903;905;906;907;912;913;915;921;922;925;928;930;931;932;933;934;941;944;948;951;952;954;955;957;958;959;961;962;963;968;969;971;976;979;982;984;985;987;988;990;991;992;993;998;1000
278;1;2;4;5;9;10;14;15;17;19;21;23;24;25;26;27;32;33;34;37;38;39;40;45;46;47;50;52;53;55;57;61;62;66;68;70;72;73;74;75;78;80;81;82;83;87;92;94;100;103;104;114;116;123;124;126;129;131;132;134;135;139;142;143;144;145;147;152;154;155;156;157;158;159;161;163;164;170;171;172;173;177;180;181;182;183;184;185;187;188;189;194;195;198;201;203;206;209;210;212;213;218;220;221;222;224;225;227;228;229;230;231;232;233;237;238;239;242;243;244;246;247;248;249;250;254;255;256;260;262;265;266;267;270;271;277;279;282;283;284;286;289;290;291;293;294;295;296;298;299;300;301;302;303;305;306;307;310;312;313;314;316;317;320;321;324;325;327;328;329;330;332;337;338;340;343;346;348;349;351;353;355;357;358;359;360;362;363;364;365;366;371;372;374;385;387;388;390;391;393;396;397;398;399;401;403;408;409;416;417;418;419;420;421;422;424;426;427;428;429;431;433;435;436;438;439;440;442;443;446;447;448;454;455;456;457;458;459;461;465;467;468;469;471;472;476;477;478;479;481;482;484;487;488;491;492;493;494;495;497;498;499;507;509;511;516;517;519;520;523;527;529;530;531;532;534;535;538;543;545;552;556;558;559;563;565;566;567;571;572;573;576;577;580;581;583;585;587;588;590;591;592;593;594;595;596;597;598;599;600;601;602;605;608;609;611;612;613;615;616;618;619;620;621;622;623;625;626;629;630;632;633;634;636;639;640;642;644;645;646;647;648;649;651;652;653;654;655;658;659;661;662;663;665;666;667;669;670;673;674;676;677;678;679;680;681;682;686;687;689;691;692;696;698;699;704;705;706;710;712;715;717;718;720;721;725;727;728;730;731;736;737;744;746;747;748;750;751;752;753;754;756;758;759;764;767;769;770;771;780;787;788;789;790;791;794;795;797;800;803;804;805;807;808;810;814;816;820;823;825;827;828;831;832;833;836;837;838;839;841;843;845;847;848;852;853;856;859;861;863;865;866;867;869;870;871;875;878;881;883;886;889;890;891;895;899;902;907;908;911;912;915;916;920;922;923;924;926;927;929;931;933;934;936;937;938;945;946;949;953;954;957;958;959;960;963;970;971;972;974;975;976;977;979;983;984;986;987;989;991;992;993;996
279;3;6;7;8;9;10;11;13;14;15;16;17;18;22;24;30;32;33;38;40;43;44;51;54;57;59;61;62;63;64;65;66;67;69;70;71;72;73;74;75;79;82;87;89;90;91;93;99;100;106;107;108;110;111;112;114;115;122;124;125;126;129;130;134;135;136;137;138;142;143;144;145;146;148;149;151;157;158;159;160;161;164;165;167;168;170;171;172;173;176;178;179;180;183;187;188;189;191;194;195;196;197;200;201;203;204;206;207;211;213;216;217;218;220;226;229;230;231;233;234;235;236;238;239;244;254;256;258;259;261;262;263;267;268;271;274;275;277;278;282;284;286;287;290;291;293;294;301;306;308;309;315;316;318;320;321;322;325;327;329;330;333;335;337;340;341;342;344;345;347;348;350;351;352;353;354;356;358;361;362;363;366;367;368;369;370;377;378;381;386;387;388;390;391;395;398;401;402;403;405;407;409;410;413;414;416;417;418;419;420;425;426;427;432;433;435;439;440;442;443;446;447;448;453;454;455;456;458;459;460;461;462;463;464;465;466;467;468;469;470;472;473;474;479;484;486;487;489;490;492;494;496;498;499;501;502;503;504;506;507;509;511;512;515;517;519;520;523;525;526;528;529;530;534;535;537;538;542;543;544;545;546;548;549;551;554;556;558;559;561;562;567;568;572;574;575;576;578;579;581;582;583;584;587;589;590;593;596;598;600;607;608;609;611;613;614;615;617;620;622;623;625;626;630;634;637;640;641;642;643;644;648;650;653;654;656;657;661;664;665;666;669;673;676;678;679;680;682;683;685;687;691;693;694;695;696;698;699;702;703;707;708;710;711;712;715;719;725;728;729;732;734;735;738;739;742;743;744;745;746;748;751;752;753;757;759;762;765;768;769;771;772;773;774;775;776;777;778;780;783;784;788;791;792;793;794;795;796;801;802;805;806;807;809;810;811;813;814;815;816;818;821;822;825;827;828;829;834;835;839;841;843;847;848;850;852;854;855;857;858;860;862;866;869;873;874;875;877;881;882;883;887;888;890;894;897;898;900;901;905;906;907;908;909;910;912;913;914;918;920;922;925;926;928;933;934;935;936;938;940;945;947;949;951;954;955;957;959;960;961;962;966;968;969;973;975;976;980;981;982;984;985;986;990;991;995;996;998;1000
280;2;4;5;6;7;8;10;13;14;15;17;22;23;25;26;27;29;30;31;33;34;36;39;41;42;43;46;48;50;52;53;57;59;62;63;64;65;66;68;72;76;80;81;83;88;91;92;93;94;95;96;97;100;102;103;104;105;106;110;112;114;116;117;118;121;126;127;128;131;134;136;140;141;144;146;149;156;158;163;165;167;168;173;176;179;181;184;188;189;190;192;194;195;197;199;200;201;205;207;211;214;216;219;220;221;222;229;232;234;237;238;241;243;244;245;247;249;251;252;254;255;256;257;258;259;260;263;266;269;271;272;275;281;284;285;289;290;295;296;297;298;300;303;306;313;314;315;317;318;320;321;324;325;326;327;328;329;331;335;336;340;341;343;344;346;347;348;351;353;354;356;357;358;360;361;362;367;368;372;373;374;375;376;377;378;379;381;383;386;388;390;394;395;396;399;400;401;403;404;405;408;409;410;412;413;414;416;419;420;426;429;430;432;433;435;436;438;439;443;444;445;447;450;452;454;457;460;462;463;464;465;466;467;473;476;477;479;484;487;489;490;491;492;493;495;496;498;500;501;502;503;505;506;508;510;513;516;517;518;520;522;524;525;526;527;528;529;530;533;536;537;538;539;541;543;544;545;546;553;554;558;560;561;563;565;566;567;570;572;576;577;579;580;583;584;585;587;588;589;590;596;601;603;604;605;606;608;612;614;615;617;623;625;627;628;630;631;632;633;634;635;637;638;640;642;644;645;646;647;648;651;652;654;657;658;659;662;665;666;668;669;671;675;676;677;679;680;681;683;684;688;689;690;692;694;695;698;699;700;702;703;710;711;719;720;722;723;726;729;735;736;737;741;742;743;745;746;747;748;751;753;756;757;758;759;763;766;767;768;773;774;775;779;781;785;786;791;793;794;795;796;798;799;800;804;813;820;821;822;824;825;826;833;837;838;839;840;841;845;846;850;853;854;855;856;857;860;864;868;870;872;874;876;877;879;881;885;889;893;895;896;900;901;908;909;915;916;917;922;926;929;930;935;938;939;941;945;946;950;953;954;955;959;960;963;964;965;966;978;984;985;986;991;993;994;997;1000
281;3;6;9;10;11;18;21;22;25;26;28;30;31;32;33;38;40;41;44;48;50;52;58;63;64;68;69;70;71;72;74;75;76;77;78;79;84;85;86;87;89;91;94;95;98;99;105;106;109;110;111;113;114;116;117;119;122;123;125;126;127;128;129;132;133;134;136;137;139;141;143;144;149;152;154;157;162;164;165;168;173;174;177;181;185;186;187;188;190;191;192;194;197;198;199;201;203;204;205;206;210;212;213;215;216;219;220;221;222;224;225;227;228;229;234;235;236;238;241;242;246;247;249;250;255;256;257;258;261;267;268;269;270;271;280;282;284;285;286;287;288;290;293;299;302;303;304;307;308;311;312;313;314;315;317;318;319;321;322;323;325;326;328;329;330;331;334;336;338;346;348;349;358;359;360;363;364;366;367;368;372;373;375;376;378;379;380;381;386;387;388;390;394;395;396;397;401;404;405;407;408;411;412;415;416;418;419;420;422;424;426;431;433;435;436;437;441;443;446;447;454;455;456;457;465;467;469;472;473;474;475;476;479;481;482;485;486;491;493;495;497;498;500;504;507;509;513;515;517;522;523;529;531;532;535;536;542;543;545;549;551;552;554;557;558;559;564;568;569;571;572;573;574;576;579;580;582;583;584;586;588;590;594;597;598;599;600;610;611;613;614;615;617;618;620;622;623;624;626;627;629;631;634;638;642;643;645;647;648;649;651;653;654;655;658;664;671;672;673;675;679;681;682;685;686;688;691;692;693;694;695;696;698;703;705;713;716;717;721;723;724;728;730;734;735;736;738;739;740;743;748;750;751;753;755;756;758;760;763;766;768;769;770;771;772;774;775;776;777;779;780;782;783;784;787;789;790;792;796;798;799;803;806;807;809;811;815;816;820;827;829;832;835;836;837;838;840;842;843;845;846;847;850;852;854;855;856;860;861;862;863;864;865;866;867;868;873;875;876;880;882;884;887;888;889;890;891;894;896;897;898;901;902;904;905;906;907;909;913;914;916;917;921;923;925;927;928;933;936;940;941;942;944;947;949;950;953;955;957;959;960;962;963;966;969;970;971;975;977;980;981;982;983;986;988;989;991;994;997;1000
282;1;2;4;7;9;10;13;14;15;17;18;19;21;23;25;27;28;30;32;33;35;36;37;40;41;44;48;49;52;53;58;61;63;64;66;67;68;69;71;72;76;78;79;84;86;87;89;99;100;105;107;108;110;112;113;116;118;121;124;126;130;132;133;135;141;142;143;144;147;148;149;150;158;160;162;163;165;168;169;172;177;178;181;184;187;188;189;190;192;193;194;197;199;200;201;202;203;206;208;209;210;211;213;215;216;219;224;226;228;230;232;237;238;239;242;244;245;246;248;250;252;253;254;255;257;258;259;260;261;263;268;270;271;272;274;275;278;279;281;285;286;294;295;297;301;304;309;314;319;321;324;328;329;333;334;339;340;342;351;355;356;360;361;363;365;366;367;369;371;372;373;377;378;380;381;382;383;384;387;390;395;396;397;398;400;401;402;405;409;411;412;414;415;417;419;420;421;422;424;426;428;431;432;433;437;440;441;442;443;445;446;449;450;452;455;457;458;459;462;463;464;466;470;473;474;475;477;478;480;481;483;484;486;488;491;492;494;495;496;497;499;500;503;506;510;513;514;515;516;519;520;521;523;524;525;528;532;533;534;535;539;540;544;547;548;549;552;554;558;559;560;562;565;568;569;570;575;577;579;581;582;583;586;588;591;592;593;594;595;596;597;599;600;601;603;604;609;612;613;615;618;620;622;627;628;629;631;633;634;639;643;648;651;652;653;654;655;659;660;661;662;667;670;672;673;674;677;681;682;683;684;687;689;690;694;696;697;698;699;700;705;707;708;710;711;712;713;718;719;720;721;725;726;732;733;734;737;741;742;744;749;751;753;754;756;758;759;761;762;764;765;772;773;777;778;781;782;787;789;790;791;792;796;797;798;799;802;803;804;805;809;811;812;814;817;819;825;829;831;834;837;838;839;843;844;845;846;849;850;855;858;859;860;862;863;868;871;872;876;877;882;886;889;890;893;896;899;900;901;902;903;904;906;907;909;911;913;914;915;918;919;920;922;926;934;936;939;942;945;952;955;957;965;966;967;968;969;970;973;974;976;978;981;984;987;989;991;992;995;996;997;999;1000
283;2;3;5;6;7;8;12;13;14;15;23;24;26;30;32;33;34;35;39;41;45;46;48;50;54;55;57;59;62;64;65;66;67;72;74;77;79;83;85;90;92;93;95;96;97;100;101;104;106;107;108;110;113;114;115;118;120;123;124;125;126;127;131;133;135;137;140;141;143;144;145;146;147;148;150;151;152;156;163;166;168;170;176;178;179;181;182;183;184;185;187;188;189;190;191;192;193;195;196;198;199;201;204;205;206;207;208;210;211;212;214;215;216;223;227;228;229;230;234;238;241;243;244;246;248;250;252;254;257;259;260;261;264;267;271;273;275;278;286;287;288;290;295;296;301;303;305;306;309;312;316;323;326;327;328;334;337;340;341;343;347;349;351;353;355;356;357;358;359;360;363;364;365;366;367;370;371;372;373;374;375;378;379;380;381;383;384;385;386;387;389;390;393;399;402;405;408;410;411;413;414;416;419;420;422;423;426;430;431;433;434;438;440;441;442;444;446;449;451;453;454;456;458;459;462;464;465;473;474;476;479;480;481;482;483;484;486;488;490;492;494;498;502;504;508;510;512;514;515;518;519;520;521;522;524;525;526;528;529;530;532;536;537;539;541;542;543;544;545;547;549;550;551;552;559;560;564;566;567;571;572;573;576;577;579;583;587;590;592;593;594;601;602;608;611;613;619;620;625;628;632;633;635;638;641;642;646;649;650;651;652;653;654;655;656;661;662;664;667;670;673;675;676;677;678;682;685;687;688;690;693;698;708;709;715;718;719;720;722;723;724;726;727;729;731;739;741;743;746;749;754;757;759;761;763;764;766;770;772;773;774;775;780;782;783;787;789;790;791;796;797;798;799;800;802;804;806;808;809;810;812;813;815;819;820;825;829;830;832;838;841;842;843;846;847;848;852;854;855;856;857;858;859;861;863;864;865;867;868;870;871;875;878;880;884;885;891;895;896;898;901;903;907;908;911;913;914;919;920;921;922;925;932;933;935;937;938;939;942;943;944;945;946;947;950;951;952;953;956;957;958;959;961;962;963;964;965;967;969;972;973;975;977;978;979;980;982;983;986;988;990;991;993;995;996;997
284;1;2;6;7;8;11;13;14;15;19;21;22;23;24;27;30;31;36;37;38;41;42;44;48;51;52;54;56;57;58;59;60;61;62;63;64;66;68;70;71;75;76;82;83;84;85;87;88;89;90;91;93;95;96;97;99;102;104;105;106;109;113;114;117;123;124;125;129;130;131;134;135;137;139;140;141;150;152;153;154;156;157;159;161;163;164;165;166;167;168;170;172;173;177;180;192;195;196;197;198;201;202;204;206;215;216;217;218;221;222;223;226;227;228;233;234;237;238;242;243;249;254;255;257;259;261;264;269;271;272;274;278;279;280;281;285;288;289;290;291;292;293;294;295;296;298;299;302;304;305;307;308;311;312;315;316;317;321;327;328;334;335;336;337;340;343;349;351;352;356;357;358;361;362;365;368;371;373;375;376;377;378;379;380;382;385;388;389;390;393;396;397;401;404;410;412;414;416;419;421;423;424;427;429;430;432;433;434;435;436;439;443;444;447;448;449;450;453;454;455;456;457;458;459;461;463;465;466;467;468;469;472;477;478;482;485;486;488;490;491;493;494;495;496;498;500;502;503;506;507;508;510;512;513;515;518;519;520;521;522;524;526;527;528;529;530;531;536;538;540;541;543;544;549;551;552;553;554;555;556;557;558;559;566;568;570;573;574;576;578;580;585;586;587;589;591;592;593;597;598;599;600;603;606;607;609;611;616;617;618;620;623;624;625;627;629;630;631;632;633;636;638;639;640;642;644;646;648;651;652;653;655;658;660;661;662;664;666;671;672;673;674;676;679;680;681;683;688;689;691;692;693;694;697;700;701;702;703;704;705;710;711;712;713;716;719;722;723;725;727;729;730;731;732;733;736;737;738;739;741;743;744;748;752;754;757;759;761;762;764;771;776;778;779;780;781;782;783;785;791;796;797;798;799;800;801;803;805;807;808;811;812;814;818;819;823;824;825;829;835;838;843;844;853;857;860;861;862;863;864;867;868;870;872;875;876;877;878;880;885;886;887;888;891;892;893;894;897;898;899;900;901;902;906;909;910;911;914;917;918;919;922;929;932;934;937;939;941;942;943;944;945;947;949;950;954;955;956;957;960;962;963;964;967;969;972;973;974;975;977;980;981;982;984;986;989;991;992;993;994;995;999;1000
285;5;6;10;12;13;14;15;16;17;18;21;26;28;35;37;41;44;45;46;48;49;50;51;53;54;55;57;59;60;65;66;67;71;72;73;75;78;79;80;83;84;88;92;93;97;100;102;107;108;109;111;112;113;115;120;122;123;124;127;128;132;133;134;136;143;146;147;149;151;153;157;159;161;163;166;167;170;172;173;177;179;180;181;183;184;185;186;189;191;193;194;197;199;203;206;209;210;214;215;217;220;221;223;230;232;236;237;238;240;244;246;248;251;253;254;255;256;257;260;261;266;267;270;271;274;277;280;281;282;284;286;291;292;294;295;296;299;302;303;304;305;308;311;312;313;316;317;321;325;327;330;331;337;338;343;344;345;347;355;357;367;369;370;373;375;378;382;383;384;385;391;393;395;397;400;403;404;405;406;408;409;411;412;413;415;416;417;418;420;421;422;423;424;427;429;432;433;436;437;438;439;444;445;446;447;448;449;450;453;454;456;458;463;464;466;470;471;472;473;475;477;479;483;485;486;492;493;495;496;497;498;502;504;506;507;509;510;514;515;516;517;519;521;525;526;527;528;529;530;534;535;537;539;542;544;545;548;556;557;558;559;561;564;566;567;568;570;571;572;574;575;577;578;581;583;587;592;593;595;597;600;601;602;604;605;612;613;619;620;621;622;625;626;627;628;630;631;633;634;636;638;639;644;645;649;650;653;655;656;658;659;660;661;662;664;665;666;667;669;671;675;677;678;681;682;683;684;686;687;689;693;696;698;700;702;703;704;705;706;708;709;712;714;717;718;719;721;722;723;724;726;727;728;735;736;739;742;746;748;749;750;754;756;757;759;760;761;762;765;766;767;768;769;771;774;778;779;780;781;782;783;786;787;788;789;790;791;792;794;795;796;797;798;800;803;808;809;810;811;812;813;816;820;821;826;828;830;831;832;837;838;839;840;845;846;847;848;850;851;854;855;856;857;859;860;862;863;867;868;871;873;874;875;878;882;884;891;892;895;896;897;898;899;900;903;905;908;909;911;913;915;917;919;920;921;922;925;927;933;936;938;939;940;941;942;944;945;946;947;949;951;952;955;956;959;960;961;962;963;965;966;967;973;974;975;982;984;989;992;994;996;997;999;1000
286;2;3;4;5;8;9;11;18;19;22;23;24;25;26;27;28;29;31;34;35;37;40;41;44;50;53;56;57;59;61;62;67;71;74;75;76;79;80;81;85;86;88;90;91;96;99;100;101;102;103;105;106;107;108;110;111;113;115;116;117;121;125;131;133;134;137;138;139;140;141;143;146;147;149;150;153;154;155;158;159;160;161;164;166;167;168;170;171;172;173;175;177;179;180;181;186;188;190;191;192;193;194;198;199;201;202;203;205;206;212;213;215;217;222;225;226;228;229;230;231;232;237;238;239;244;245;246;247;250;251;252;255;256;257;259;260;264;266;267;268;270;271;275;276;278;279;281;282;283;285;288;290;293;296;297;298;299;302;304;305;309;311;312;313;316;318;320;321;323;324;325;326;329;333;336;337;338;340;341;342;343;344;346;347;348;349;352;355;357;360;361;365;368;372;375;376;377;378;381;384;385;386;387;390;391;393;395;397;400;402;405;406;410;412;415;420;423;424;434;435;436;437;438;440;443;444;447;448;454;459;460;468;473;474;475;479;481;483;488;490;495;496;499;502;506;507;508;510;511;515;521;524;526;528;529;530;531;534;535;537;541;543;545;550;553;554;555;557;558;562;565;568;569;571;572;578;582;584;585;587;589;590;592;595;597;598;603;608;609;610;612;613;614;618;620;624;626;629;633;634;636;638;639;640;642;643;644;647;648;649;651;653;654;655;658;660;661;664;665;669;671;672;673;676;677;678;679;682;683;684;685;691;693;694;697;699;700;701;704;707;709;711;712;714;716;718;721;723;724;726;727;729;730;731;734;736;737;738;739;742;746;747;748;750;751;752;753;754;756;759;766;769;772;774;775;776;777;778;780;781;782;783;784;787;788;789;791;795;797;798;802;803;805;806;807;808;814;819;820;821;822;823;826;827;832;833;834;835;838;839;843;844;846;847;850;851;853;856;857;860;864;866;868;869;871;872;873;874;875;879;881;882;885;886;888;889;891;892;896;899;901;902;913;914;916;919;922;924;928;929;930;934;941;943;944;945;946;947;949;951;952;953;956;959;960;962;966;968;969;972;974;975;977;978;979;981;983;986;988;989;991;993;996;997;999;1000
287;3;4;5;6;7;12;13;15;16;20;21;22;24;26;28;31;32;33;34;41;45;47;48;49;51;53;57;59;61;63;64;65;66;67;68;70;72;73;75;76;78;79;84;85;87;88;91;92;97;98;100;104;107;108;111;113;117;118;119;121;122;123;124;125;126;129;130;133;134;135;137;138;139;140;141;142;143;144;145;146;147;148;149;151;152;154;158;159;160;161;165;168;169;173;174;176;177;179;181;185;186;187;188;189;190;193;194;195;196;200;202;206;208;211;212;214;217;218;220;225;227;229;230;231;232;234;235;239;241;243;244;245;248;250;252;253;256;257;259;260;262;263;264;266;267;268;270;271;272;273;274;277;279;281;283;289;290;292;293;294;295;296;297;298;299;300;303;304;307;309;310;311;312;313;314;321;323;329;331;332;333;334;337;338;339;340;342;343;347;348;349;350;352;353;354;355;358;360;361;362;364;367;370;371;372;374;375;376;378;383;384;388;397;399;400;401;402;403;407;408;410;411;413;416;417;418;419;420;425;426;428;429;435;436;437;439;442;443;446;447;448;449;451;455;456;457;459;460;461;462;463;466;469;472;474;476;477;482;483;484;488;489;490;491;493;497;498;499;501;509;512;515;518;521;526;527;528;530;535;536;542;546;547;548;555;556;557;558;562;563;565;566;569;570;572;575;576;578;580;582;583;585;587;589;590;591;593;594;595;596;597;598;600;601;607;613;615;619;620;621;623;625;629;630;632;634;636;638;639;641;642;643;644;649;650;652;653;655;656;657;659;660;662;663;665;666;667;669;671;676;677;680;681;683;685;686;687;689;691;694;696;698;700;703;704;705;706;709;710;715;717;718;722;726;727;728;731;732;733;735;736;738;742;743;745;750;751;755;757;758;760;761;762;763;766;767;769;770;771;772;776;779;784;785;788;791;792;793;795;798;801;802;803;804;806;807;808;812;819;820;821;826;827;829;830;831;832;834;835;844;846;848;849;850;851;852;853;854;855;858;860;861;862;863;869;870;876;877;879;880;881;884;890;893;897;898;900;903;904;905;906;907;909;911;912;913;915;916;918;920;921;924;925;926;930;931;933;934;937;939;941;942;943;945;946;947;950;951;952;962;965;968;972;973;975;976;979;985;987;988;989;994;995;998;1000
288;2;3;6;7;8;9;10;12;17;19;22;23;24;28;31;33;34;35;37;40;45;46;48;52;53;54;55;58;59;60;66;67;69;70;71;75;77;78;84;88;93;95;96;108;110;112;113;115;116;117;118;120;122;123;127;128;129;132;135;138;139;141;142;143;144;145;146;147;148;149;150;151;153;154;155;158;161;162;163;164;168;174;175;176;177;179;180;181;184;185;187;191;198;199;200;206;209;212;213;215;216;220;221;224;227;232;233;235;237;238;241;242;244;246;247;250;251;253;256;257;259;260;263;265;269;271;272;273;275;276;281;283;284;286;291;294;295;297;300;301;303;305;307;308;309;310;311;314;315;316;317;319;320;321;322;324;325;332;333;336;338;340;344;345;346;348;349;351;352;353;354;355;359;360;362;363;364;366;367;369;370;371;372;374;376;377;379;382;384;385;387;389;392;394;395;396;397;398;399;400;402;405;407;408;409;414;415;417;418;420;423;424;425;429;430;433;436;438;440;442;446;447;450;452;454;455;457;460;465;470;471;474;478;480;481;483;485;486;487;489;490;498;502;504;506;507;512;513;514;515;516;518;524;525;526;527;531;532;539;543;545;546;547;549;550;554;559;560;564;565;566;569;570;574;577;580;582;586;587;590;593;595;597;599;605;606;609;610;613;615;616;618;621;623;625;628;629;631;632;633;634;637;641;642;643;644;645;647;648;649;651;652;653;654;656;657;658;660;662;663;666;667;668;670;671;675;676;678;681;683;686;687;691;696;697;698;699;701;703;704;707;708;710;712;714;715;716;720;724;725;726;729;732;733;734;736;737;743;744;745;746;747;750;752;753;755;758;764;766;767;768;770;774;776;780;781;782;783;784;790;793;799;801;802;803;807;809;810;811;813;814;818;820;821;822;823;824;826;827;828;830;831;832;833;834;835;836;837;843;845;847;849;852;853;854;856;857;859;860;861;862;865;867;868;870;871;872;873;874;877;878;879;880;882;884;886;887;889;890;892;893;903;904;905;910;911;912;913;917;918;919;920;923;926;930;931;932;933;936;937;938;939;941;942;943;945;946;947;948;949;950;952;953;954;955;957;959;961;967;972;973;974;976;978;979;981;982;984;985;986;988;989;992;993;995;996;997;998;1000
289;1;3;6;8;9;10;11;18;19;21;24;27;29;30;31;33;35;36;39;41;42;43;46;47;53;57;58;59;60;61;62;64;66;72;77;78;80;82;83;85;87;89;90;93;98;99;100;102;103;104;107;108;109;110;112;114;115;118;119;121;122;123;124;125;126;127;131;140;141;143;145;148;150;151;152;154;157;158;160;162;163;166;168;170;173;177;178;179;181;182;183;185;187;188;190;191;192;193;197;199;204;206;207;210;212;217;218;219;220;221;222;223;225;227;230;231;234;235;237;238;241;243;249;250;252;254;255;256;257;259;260;261;262;263;265;266;267;268;274;277;278;280;284;287;297;299;307;311;312;313;316;317;319;320;329;333;335;338;339;340;341;342;348;349;350;353;355;356;363;364;366;367;368;369;370;372;375;376;377;379;380;382;385;386;387;388;389;390;393;394;395;397;398;399;402;405;407;408;409;417;420;421;425;427;431;433;439;441;442;444;448;450;451;452;455;459;469;472;475;478;479;482;483;484;485;491;494;496;497;499;500;501;504;508;510;515;516;517;519;520;522;532;533;542;544;545;548;550;553;555;557;563;564;566;569;571;573;574;576;577;579;581;582;584;585;586;588;589;592;593;598;601;603;605;606;607;610;611;612;613;614;615;618;619;621;622;623;625;627;629;630;631;634;637;639;640;641;643;644;645;646;648;649;651;652;655;656;660;664;665;667;670;672;674;676;682;683;685;686;687;689;690;691;692;694;696;698;700;702;703;704;705;706;708;709;710;711;712;713;716;720;725;727;728;731;733;735;739;741;742;744;745;746;750;752;753;756;758;759;760;761;763;764;766;767;768;773;775;778;781;782;784;785;787;788;789;790;791;792;793;796;797;799;802;804;806;807;808;810;811;812;815;816;818;822;825;827;829;830;831;834;837;838;840;846;847;848;850;851;856;859;860;862;863;864;867;868;870;872;874;875;877;879;881;884;887;890;891;892;896;903;904;905;906;907;908;914;915;917;919;920;924;925;927;928;930;932;935;936;938;943;944;946;948;951;954;957;958;959;960;962;967;971;973;974;975;976;977;979;980;983;984;985;987;988;989;990;991;992;994;995;998;999
290;4;7;10;11;12;13;14;15;16;17;19;22;23;24;27;28;30;31;33;36;37;38;39;43;44;46;48;50;51;52;54;55;56;59;62;65;71;73;74;77;78;79;83;84;86;87;92;93;96;98;99;102;103;105;107;108;110;111;113;114;115;116;117;119;120;121;123;128;129;131;134;135;136;140;142;144;146;147;148;150;153;155;156;157;158;160;162;168;169;170;171;172;173;174;175;176;181;182;187;189;190;193;195;197;198;199;201;202;203;204;209;215;216;217;218;220;221;223;224;225;228;229;230;231;233;234;238;239;240;241;245;247;248;249;250;253;254;255;256;259;260;261;262;263;265;266;267;268;270;271;272;273;274;276;277;278;279;280;281;283;284;286;287;292;298;299;300;301;303;305;307;308;310;312;313;314;316;317;318;321;323;328;330;332;336;338;339;340;341;342;347;348;350;351;354;358;359;362;365;366;367;368;373;374;375;377;380;381;382;386;388;389;391;395;403;406;407;408;409;410;411;414;415;416;418;420;421;422;433;437;441;442;444;445;446;447;449;450;451;452;455;456;459;460;461;463;464;465;467;469;471;474;475;476;478;481;484;491;493;496;497;502;507;508;512;514;517;518;519;521;524;525;528;529;530;531;533;534;536;542;543;546;547;548;554;555;556;558;559;560;561;565;566;567;568;569;575;576;577;578;579;580;582;587;589;590;591;592;593;594;595;597;600;605;609;612;616;618;621;622;627;629;631;633;634;635;637;638;639;645;646;647;648;649;650;651;652;653;654;655;661;662;663;664;666;667;670;672;674;676;677;678;682;683;686;687;690;691;694;697;698;704;705;708;712;713;714;715;716;720;721;722;723;725;726;728;730;732;735;736;737;738;739;740;742;743;745;746;747;748;749;750;751;752;753;756;757;758;759;762;765;766;770;771;774;776;779;780;783;788;791;793;794;795;800;801;803;805;806;807;809;810;814;816;817;819;820;821;826;827;828;831;832;834;837;838;839;842;844;847;848;849;851;852;853;854;855;856;857;859;862;864;869;872;875;876;877;878;881;883;884;885;889;891;894;896;897;898;899;901;902;904;907;908;909;910;911;912;917;918;920;921;922;923;926;927;931;932;937;941;944;946;948;951;952;955;957;959;961;964;967;969;970;971;974;976;979;983;985;986;990;991;992;993;996
291;1;3;5;6;7;8;9;13;15;16;22;23;26;29;30;31;33;34;35;36;37;38;41;44;46;47;48;49;51;53;54;57;60;64;66;69;70;72;73;75;76;79;81;82;85;86;87;88;90;91;93;94;95;96;98;101;102;103;104;105;109;113;118;120;122;124;125;126;129;135;136;140;143;144;145;146;153;154;155;156;162;165;171;173;174;175;176;178;182;187;189;190;191;192;194;195;196;198;200;202;207;209;210;212;213;215;216;218;220;224;226;227;229;230;231;233;237;240;244;246;247;249;250;251;252;253;254;257;258;260;263;265;267;268;270;272;273;275;276;277;278;279;284;285;288;292;294;295;296;301;303;305;306;310;311;313;314;315;317;318;322;323;324;327;330;332;333;334;336;341;345;346;351;354;355;356;360;361;365;367;368;369;370;377;378;379;382;384;385;386;387;391;392;395;396;397;398;400;401;404;408;411;413;414;416;418;420;421;422;426;430;431;433;434;435;436;439;443;446;451;456;457;458;462;466;470;476;478;480;482;483;484;485;486;488;490;491;492;493;494;495;496;497;498;499;501;504;505;507;509;514;515;516;517;520;521;527;530;533;537;538;543;547;548;551;555;556;562;565;568;570;571;572;573;577;580;587;589;590;593;594;595;596;597;599;601;602;603;604;605;607;614;618;619;621;626;628;630;632;635;636;638;639;640;645;647;649;651;653;655;656;657;659;660;663;666;667;668;669;672;674;677;679;681;682;685;690;691;692;694;695;696;699;701;703;705;706;709;711;712;713;714;715;716;719;721;726;727;729;730;732;735;736;739;741;745;746;747;748;751;752;754;757;758;759;761;765;767;768;770;771;772;773;776;777;778;781;782;783;784;785;786;787;794;796;797;799;801;812;813;814;818;819;820;821;823;824;827;829;832;836;838;840;841;842;843;846;849;852;853;854;856;858;859;860;862;864;865;867;868;869;870;871;875;876;877;881;882;883;886;887;888;889;895;897;898;899;902;912;913;916;918;919;920;922;923;925;926;928;930;932;937;938;939;940;941;942;945;949;950;951;952;957;959;961;962;963;966;967;968;972;973;977;981;982;983;985;987;988;990;991;993;995;997;999;1000
292;2;3;12;16;17;20;22;23;25;26;28;29;30;33;35;36;40;41;44;45;46;48;49;53;54;58;59;60;61;62;64;65;67;69;70;71;76;77;79;81;83;87;89;90;92;93;96;100;101;102;103;107;108;109;111;114;115;116;119;121;124;125;126;127;129;130;134;136;137;138;139;141;142;143;145;146;154;159;160;161;162;163;164;165;166;170;172;173;176;177;178;180;182;183;184;185;186;187;190;192;193;194;195;199;200;201;203;204;206;207;208;209;210;211;212;214;215;216;217;220;226;227;228;231;233;234;236;239;240;242;249;254;255;256;260;261;263;264;266;267;271;273;274;277;284;285;287;290;291;295;297;298;299;300;301;304;307;308;312;314;317;320;322;326;329;331;333;336;337;340;341;342;343;344;345;347;349;350;353;355;356;359;363;364;365;367;368;369;371;373;374;376;380;383;386;388;389;393;395;397;398;399;402;406;408;409;411;412;414;415;418;423;427;429;433;441;443;445;446;447;448;449;454;455;458;460;463;469;473;475;476;478;483;484;485;488;489;492;494;496;497;498;499;501;503;504;506;507;509;512;514;515;516;517;518;524;526;529;531;534;535;540;542;547;551;554;555;556;558;559;560;561;562;565;566;568;569;572;573;577;581;583;584;585;588;589;594;596;597;601;603;604;607;608;609;611;614;615;619;621;625;626;628;629;630;631;634;636;639;641;642;645;651;653;655;656;658;659;662;664;665;668;669;670;672;676;678;682;685;686;689;691;692;694;695;697;700;707;708;709;711;712;713;714;718;719;720;721;722;724;725;726;727;729;730;731;732;734;735;736;738;741;744;745;748;750;753;757;759;764;768;770;771;772;775;776;777;779;781;783;785;787;789;790;792;797;798;799;800;802;803;807;808;813;814;816;817;818;819;820;822;823;824;825;828;829;830;832;833;837;840;841;844;849;851;853;856;858;860;862;864;866;867;868;871;874;875;878;880;887;888;893;897;899;900;904;906;909;912;914;916;919;920;921;923;925;928;931;933;935;937;939;940;943;945;949;950;951;952;955;956;957;959;960;963;965;966;967;970;974;975;977;978;980;984;985;990;992;993;994;995;996;997;998;999
293;8;9;10;12;13;14;15;16;18;20;21;23;25;26;27;28;29;31;32;33;38;43;45;46;49;50;51;52;55;56;57;58;61;62;68;71;72;73;76;79;80;82;83;85;87;89;90;91;92;93;95;99;100;101;107;108;109;113;114;118;121;122;123;127;130;131;134;137;138;141;143;144;145;148;149;153;157;159;160;162;165;173;177;178;180;182;183;184;185;190;194;196;199;201;203;204;206;211;213;215;216;220;226;227;231;232;235;238;240;241;242;243;244;247;250;252;253;256;257;258;262;265;270;271;272;273;275;278;279;281;284;286;287;294;295;296;297;300;302;303;305;307;311;313;314;316;317;318;319;323;326;327;328;338;339;340;341;343;346;349;350;351;353;354;355;357;358;359;362;363;370;371;374;376;377;378;380;384;386;387;388;389;390;392;394;397;399;402;403;404;405;408;409;411;413;415;419;420;425;426;427;428;429;431;432;433;435;436;438;440;441;442;443;446;455;456;459;464;467;468;474;478;479;480;481;483;484;486;487;490;491;492;494;497;498;500;503;504;506;507;509;510;511;512;516;518;519;520;524;525;526;528;531;536;538;539;540;541;543;544;546;550;551;553;554;555;556;558;559;562;566;567;568;570;573;577;578;581;583;584;585;586;587;589;592;594;597;598;600;602;603;609;613;615;616;617;620;621;622;623;624;625;631;632;634;635;636;641;644;645;650;651;655;666;668;670;671;675;677;678;679;680;681;686;688;689;691;693;694;696;697;698;700;703;705;706;708;710;711;712;713;715;716;717;718;721;722;724;725;726;728;729;731;732;733;735;736;737;739;740;742;743;744;745;749;751;752;753;757;758;759;760;764;766;767;769;771;775;777;779;784;786;787;788;789;791;792;793;797;798;804;808;811;812;813;816;818;819;820;822;825;826;829;835;838;839;843;845;847;849;850;851;853;854;855;856;857;858;859;861;863;866;867;869;870;874;881;888;891;892;894;896;897;899;900;903;904;908;912;916;918;919;920;921;925;927;928;933;934;936;937;940;942;943;944;946;947;949;951;954;956;957;962;964;969;970;971;972;975;976;978;979;983;986;987;988;990;991;992;996;1000
294;1;3;4;6;10;12;13;14;15;19;20;23;24;25;26;27;28;29;30;31;32;36;37;39;41;42;43;51;55;56;60;61;62;63;64;65;66;70;71;72;73;74;75;83;84;85;87;89;90;94;98;102;106;108;110;112;113;114;115;116;119;121;123;126;127;129;132;137;138;143;145;146;147;150;151;152;153;154;155;156;157;161;163;165;166;167;168;170;171;172;177;182;183;184;186;187;188;193;195;196;199;200;201;203;204;207;208;209;210;214;215;218;219;222;226;229;233;236;237;238;241;244;245;246;247;249;256;259;261;262;263;265;268;269;270;271;272;273;275;276;277;278;279;282;284;285;287;288;291;293;295;296;297;299;300;309;310;312;314;315;316;317;318;319;320;323;324;327;329;330;331;333;337;339;340;342;343;345;346;348;349;352;354;355;356;358;361;362;364;366;367;369;370;373;375;376;378;382;385;386;387;388;392;394;395;409;411;413;415;418;419;424;428;431;433;434;435;437;440;441;442;443;448;450;454;455;457;458;459;460;461;462;464;465;470;472;473;475;476;477;478;480;483;484;485;488;494;496;498;499;502;504;505;506;507;509;510;512;515;517;526;529;531;532;533;534;535;538;539;540;541;543;544;545;546;547;548;554;555;556;557;559;560;562;564;574;575;577;578;579;580;582;583;584;585;586;588;589;590;591;593;594;597;600;602;603;604;605;606;607;608;609;610;611;612;613;617;619;620;621;623;624;625;626;629;631;634;635;636;637;638;641;642;643;645;648;652;653;654;657;659;664;668;669;670;672;673;674;680;685;687;690;691;697;700;704;705;710;711;712;713;714;716;718;719;721;722;726;727;729;731;732;733;734;738;739;741;742;743;744;746;753;754;756;757;760;761;762;763;765;767;768;770;771;772;774;775;776;778;782;783;784;785;786;787;788;789;790;791;792;795;796;797;798;801;803;805;806;808;809;811;813;814;815;817;818;819;820;821;825;828;829;831;832;833;835;837;841;842;845;846;849;850;851;853;855;856;858;859;861;864;865;871;873;876;877;878;879;882;885;886;888;892;893;894;897;898;899;900;901;902;905;908;911;912;916;917;918;919;920;923;925;926;927;928;929;932;938;939;941;944;945;946;948;950;952;953;954;955;958;960;962;963;965;966;972;973;975;977;979;981;982;983;986;987;991;992;994;995;996;997
295;1;2;4;6;7;8;11;16;17;22;24;26;27;28;29;30;31;33;34;36;38;39;44;45;46;48;49;55;58;61;63;65;66;67;69;70;71;74;75;77;78;80;81;82;87;88;90;91;92;93;94;95;97;101;102;105;106;108;109;110;111;113;114;118;119;124;125;126;127;128;134;135;140;141;143;145;148;151;152;154;157;164;165;166;175;176;180;181;182;183;184;185;187;188;191;192;193;197;198;201;202;203;204;206;207;208;210;211;213;217;223;224;226;227;230;232;235;236;238;242;246;248;249;250;251;252;255;259;261;262;265;266;267;268;269;270;271;273;274;275;276;277;278;280;282;283;284;285;287;288;291;292;293;294;297;302;303;310;312;315;316;317;319;322;323;324;325;327;328;329;336;339;341;342;344;346;348;349;353;358;359;360;363;364;365;367;369;370;371;375;376;377;378;379;381;383;386;387;388;389;390;391;392;394;397;398;399;402;404;406;407;412;413;418;419;424;429;430;433;434;436;439;440;448;451;452;456;457;461;464;465;466;470;474;475;476;477;478;479;480;481;482;483;484;485;489;491;492;493;494;496;498;499;500;501;504;507;508;509;511;513;514;517;518;521;524;525;529;531;536;537;542;544;545;546;550;551;555;560;562;564;569;570;571;573;579;580;582;587;588;589;590;591;593;594;595;596;597;598;599;600;604;605;606;607;610;613;615;617;618;619;623;624;625;626;631;634;637;638;639;642;643;644;645;649;650;652;653;654;655;662;663;667;668;669;670;672;673;674;675;677;678;681;682;683;685;687;688;689;690;691;693;694;696;700;701;702;704;705;706;707;709;710;712;714;716;719;720;722;723;724;727;729;731;733;734;735;737;740;741;742;744;745;747;748;749;750;752;753;756;758;761;764;765;767;768;774;776;777;778;780;781;782;786;789;791;792;793;794;798;804;807;808;810;811;812;813;814;815;816;817;818;820;821;823;827;831;832;834;837;838;839;846;850;851;855;856;857;858;859;862;863;865;870;875;878;881;882;884;885;887;888;894;896;898;899;900;901;908;910;912;913;917;918;922;924;927;930;931;932;933;941;942;944;945;946;949;950;954;957;959;960;963;965;967;968;970;972;974;975;976;978;980;981;983;984;985;986;988;991;993;994;995;997
296;1;2;3;10;11;12;13;14;15;16;18;19;20;21;22;23;24;27;31;33;34;35;38;40;42;49;51;52;53;54;56;59;60;61;63;65;66;67;68;69;70;71;72;74;75;76;77;80;81;83;88;90;91;92;93;94;98;100;102;103;105;109;110;113;117;119;121;122;123;124;125;128;130;131;134;139;141;142;143;149;152;153;154;155;157;160;162;163;164;168;169;170;173;174;179;181;182;183;185;187;188;190;193;194;195;196;197;200;202;204;208;210;211;212;213;216;220;221;224;225;226;227;230;238;241;244;247;248;249;250;252;254;255;258;259;262;263;267;268;271;273;275;277;278;280;283;284;285;286;287;291;293;294;304;306;313;319;321;323;325;327;328;333;337;343;346;347;348;350;351;353;355;357;360;362;368;370;371;372;373;374;376;377;378;379;380;381;385;387;392;393;394;395;398;399;400;402;405;408;409;410;411;413;415;416;418;419;420;424;425;426;427;433;435;436;437;439;440;443;444;446;447;450;452;455;456;457;458;459;461;462;464;466;467;470;471;472;476;477;482;484;485;487;490;491;494;495;496;497;498;500;506;508;509;511;512;513;515;518;519;520;524;525;527;528;529;530;531;533;534;535;536;539;542;545;546;549;550;552;553;554;556;557;558;562;563;565;566;567;568;569;571;572;574;575;576;577;579;581;582;584;585;587;595;598;600;601;602;610;611;612;616;617;621;622;623;624;625;626;627;628;633;634;636;637;640;641;643;644;645;647;651;653;656;659;663;664;666;667;669;670;671;672;673;675;681;682;683;685;686;687;688;689;694;695;698;700;701;702;707;708;709;710;711;712;715;718;719;720;721;722;723;725;726;728;730;732;733;734;736;737;739;740;741;743;744;748;753;754;756;757;759;761;762;763;765;768;769;770;771;774;777;779;782;785;789;790;792;793;794;796;798;799;800;803;804;805;808;815;818;819;823;824;828;836;839;840;841;842;843;844;845;846;847;858;859;860;864;867;868;870;871;873;874;875;876;877;879;881;882;886;888;890;891;892;893;896;899;900;907;908;913;914;916;917;918;919;920;923;925;927;929;930;933;937;939;943;945;946;948;949;951;954;955;956;957;958;961;963;966;968;969;970;971;972;973;976;978;979;983;985;988;991;993;994;1000
297;2;3;6;7;8;9;14;21;22;24;26;27;28;30;33;36;39;42;43;46;51;52;54;56;57;58;61;63;64;67;68;69;70;73;75;76;80;81;83;84;86;91;95;96;102;104;105;110;111;112;114;115;119;120;121;126;129;130;131;133;135;136;141;142;145;147;151;152;153;154;160;161;162;163;165;168;169;170;174;175;176;177;179;186;187;193;194;196;201;202;203;204;205;206;207;208;211;212;214;215;218;220;222;223;227;229;231;233;234;235;237;239;241;242;243;246;250;251;253;255;256;258;261;264;265;267;270;271;272;274;275;276;280;282;286;287;288;289;292;293;294;295;299;304;305;306;308;310;311;313;316;318;319;320;322;326;328;331;334;338;340;343;344;347;349;351;354;356;358;360;361;369;370;371;372;373;374;375;377;378;379;380;381;391;392;393;394;397;400;403;405;408;411;412;414;417;418;419;421;422;425;426;427;428;435;439;443;445;446;447;448;450;455;458;460;463;464;469;472;473;474;476;477;478;479;481;482;484;486;492;493;494;504;505;506;509;512;513;514;519;520;521;523;524;527;529;530;533;534;536;537;547;548;549;550;551;554;558;563;564;566;567;569;573;574;576;577;579;580;582;585;586;589;590;591;593;596;597;598;599;600;601;605;607;610;612;613;614;617;620;627;630;633;634;635;637;639;640;644;645;647;648;649;652;656;658;659;669;671;672;676;677;683;685;688;692;694;695;697;698;702;705;707;709;711;713;714;719;721;722;723;725;728;729;731;732;733;734;736;737;738;739;741;743;745;746;747;750;751;753;754;755;756;757;758;761;762;764;766;767;769;771;772;782;783;784;785;786;788;789;791;792;799;800;801;803;806;808;809;812;813;815;816;818;821;822;824;828;829;830;831;832;833;835;838;839;841;844;845;846;849;852;853;854;856;859;862;863;864;866;868;869;871;872;874;876;877;879;884;886;887;892;895;896;897;898;899;900;901;903;905;909;910;912;916;917;918;919;920;921;924;925;927;929;931;936;937;938;940;941;943;944;945;946;947;948;949;950;951;952;953;954;959;962;965;966;967;968;970;973;974;976;977;979;980;985;987;990;991;993;994;995;996;997;998
298;2;3;6;7;8;9;12;13;14;15;17;19;21;24;30;32;33;34;37;39;40;42;43;46;48;50;53;55;59;60;61;62;65;69;71;72;74;76;77;78;79;84;85;86;90;92;99;100;101;102;104;106;108;110;112;114;115;116;118;120;121;122;123;124;127;128;129;133;134;137;144;145;146;147;148;149;151;152;155;156;157;160;165;166;167;168;180;181;182;185;189;190;191;193;195;197;198;200;201;205;206;208;209;210;211;214;220;221;222;225;226;228;229;230;234;235;236;237;240;244;251;254;256;257;259;261;264;265;267;268;270;273;275;276;277;278;280;284;286;287;290;292;299;301;303;306;309;310;312;316;317;319;320;322;323;326;327;328;329;331;335;336;337;338;343;345;347;351;352;353;355;356;357;359;361;362;364;365;366;367;368;369;371;372;373;375;376;379;380;383;388;389;390;392;394;396;397;398;399;400;401;402;403;406;407;408;410;411;412;414;416;417;421;422;427;428;429;430;434;435;440;443;444;447;448;454;455;456;461;462;465;467;469;472;473;474;475;480;481;484;485;486;487;489;490;494;498;499;503;504;505;506;507;508;510;511;512;518;522;523;525;527;528;529;532;536;539;540;544;545;548;549;550;551;552;553;554;558;560;561;562;564;565;567;573;575;579;582;583;585;587;591;596;598;599;603;604;605;609;610;614;619;620;621;622;623;624;632;637;638;639;640;641;642;648;649;650;651;652;653;655;658;659;660;662;663;664;665;668;669;671;673;674;675;681;683;685;686;687;689;691;692;693;695;697;699;700;702;703;706;708;709;711;713;714;717;718;722;723;727;731;739;741;742;743;747;749;751;752;753;754;756;757;758;759;762;766;769;772;773;774;778;781;782;784;786;787;788;791;792;793;800;801;805;810;811;812;814;818;819;823;825;826;828;830;832;834;838;839;841;843;845;846;847;849;850;851;853;854;856;857;858;859;860;863;866;871;872;874;875;877;882;883;884;887;888;892;895;896;897;898;900;901;904;907;912;913;914;915;916;919;920;922;924;926;927;928;930;931;933;938;939;940;941;942;944;946;948;949;950;956;957;960;961;962;964;966;969;972;976;979;980;981;983;984;985;986;992;994;1000
299;3;4;6;9;10;11;12;13;17;18;19;22;28;32;33;34;37;39;41;42;43;44;48;50;52;54;56;60;63;64;67;68;70;71;72;74;75;76;79;80;83;84;85;86;87;88;89;90;92;93;94;95;101;102;103;105;106;110;112;113;114;115;116;117;119;120;121;123;125;129;132;134;136;137;138;143;146;147;149;153;154;156;159;160;161;163;164;165;166;168;172;174;180;181;183;186;187;190;192;193;194;195;198;199;206;207;208;210;211;214;216;218;219;222;225;226;227;228;229;230;231;232;233;234;235;236;237;243;249;250;251;252;255;256;257;261;264;267;271;276;278;281;284;285;286;287;289;290;292;294;297;298;304;306;307;308;309;310;312;313;314;317;320;323;324;325;326;327;329;331;335;338;339;340;341;345;348;350;351;354;360;361;365;372;373;376;380;381;384;386;389;392;393;395;397;400;402;403;404;406;407;408;409;411;412;414;415;416;417;419;420;422;423;425;427;428;430;431;433;435;436;437;438;439;441;442;447;450;451;452;453;456;458;460;466;470;472;473;474;475;476;477;480;482;484;486;487;488;490;494;496;497;498;504;507;508;510;511;512;514;518;520;525;528;530;531;532;533;536;543;544;545;546;550;551;557;560;561;562;563;564;566;572;573;576;577;579;580;584;587;588;593;595;597;598;602;604;605;606;607;612;615;618;621;624;626;627;628;630;631;632;634;635;637;639;641;642;644;645;646;647;649;651;653;656;657;658;661;662;663;664;665;667;668;669;671;673;676;678;680;682;684;686;688;691;692;695;696;697;698;700;702;703;704;706;707;708;710;711;712;715;716;717;721;722;723;724;725;726;728;729;732;734;736;740;742;745;746;752;753;755;756;758;759;760;763;764;765;767;769;771;774;775;777;780;783;785;786;787;790;792;793;794;798;800;801;804;806;807;808;811;812;813;814;815;819;821;822;824;827;832;833;836;839;840;841;842;844;845;851;854;855;856;857;858;859;860;861;862;864;866;871;872;880;881;884;885;886;887;888;890;891;892;893;894;895;896;897;898;899;900;902;903;905;906;907;909;911;913;915;916;920;922;924;926;931;933;934;937;943;944;946;947;949;950;952;953;954;955;957;960;961;965;966;967;968;969;970;973;974;975;976;977;978;979;980;984;985;986;989;990;994;997
300;5;6;7;8;13;14;15;18;19;26;27;28;29;30;32;33;35;37;38;41;44;45;49;51;57;58;59;62;63;67;68;70;71;74;78;79;80;81;84;85;87;88;93;94;98;101;105;106;109;117;118;119;121;125;128;130;132;136;137;138;140;141;144;145;150;153;156;159;160;161;163;164;167;168;170;172;173;177;179;181;183;184;185;186;187;188;189;191;193;194;198;199;203;204;208;210;212;215;217;219;220;222;225;226;228;230;231;232;236;237;239;242;245;246;247;248;251;256;257;258;259;261;263;264;267;268;271;273;274;275;276;278;280;287;288;290;292;293;294;301;309;311;313;316;318;320;322;323;325;326;329;333;334;335;337;338;340;343;358;360;362;364;366;370;371;374;375;376;377;378;380;387;388;389;392;394;398;399;400;406;408;413;417;418;419;420;422;423;425;426;427;428;430;431;433;434;436;441;443;444;446;449;450;451;452;454;455;456;457;458;464;465;466;467;468;469;471;472;474;475;476;479;481;482;483;484;485;489;492;496;497;499;503;504;507;511;512;513;514;517;523;524;525;526;528;530;532;534;537;540;542;543;544;548;553;554;555;557;558;559;560;561;562;565;566;569;571;572;575;578;579;580;581;583;584;587;589;593;595;597;599;602;604;607;610;612;615;619;623;625;627;630;632;633;640;642;648;649;653;654;656;657;658;660;661;662;663;667;669;671;673;674;681;683;685;686;688;689;691;694;697;699;700;702;703;704;709;710;711;713;714;715;716;719;720;723;724;725;728;729;731;732;734;735;738;744;746;748;751;752;753;755;756;757;758;759;760;761;762;763;766;767;778;780;781;784;785;786;787;789;790;791;792;794;797;800;807;809;818;820;823;824;825;830;832;834;836;838;844;846;848;849;851;852;854;855;858;859;860;861;862;864;867;868;869;870;872;875;876;878;880;881;883;885;888;889;893;895;900;903;904;905;907;908;909;911;912;914;916;917;918;919;922;924;925;926;928;932;934;935;936;937;938;940;941;942;947;948;951;952;955;959;960;963;964;967;968;970;971;972;975;977;979;981;982;985;986;989;990;992;993;994;996;997;998;1000
301;1;3;4;5;6;8;9;10;11;16;17;18;20;22;25;26;29;31;32;33;36;37;38;39;40;43;45;46;49;50;51;54;55;58;61;64;68;74;75;78;80;81;82;84;86;88;91;92;93;94;95;97;100;103;106;108;109;110;111;112;113;114;116;117;118;119;120;122;124;127;128;130;131;132;133;135;137;140;141;142;143;144;151;152;154;159;162;165;166;167;168;169;172;173;176;177;178;179;180;181;185;186;193;197;198;199;208;210;211;214;216;217;219;221;224;225;227;228;229;230;231;232;235;240;243;244;245;247;248;249;251;252;255;256;259;261;263;264;268;269;274;275;278;279;282;283;288;290;291;292;298;300;303;304;306;308;313;315;316;318;320;321;326;333;335;336;337;338;340;341;343;344;346;348;349;351;353;354;356;361;362;363;366;371;376;377;379;382;384;385;387;390;391;392;394;398;399;405;409;410;411;413;415;416;422;423;425;426;428;430;432;433;434;435;436;438;440;442;444;445;446;448;449;450;451;455;457;459;462;467;469;470;471;473;476;477;478;479;480;482;484;486;487;488;490;491;493;495;496;497;500;503;507;510;512;514;515;518;519;520;522;523;525;526;529;530;531;533;536;539;540;541;545;546;547;549;550;551;554;558;559;561;562;563;564;568;571;572;573;574;575;576;577;579;583;584;586;587;588;592;594;595;596;597;598;599;601;602;603;605;607;609;610;612;613;614;615;616;617;618;620;622;627;629;631;635;636;641;642;644;647;649;654;655;660;663;667;668;669;670;671;673;674;675;679;680;681;682;683;685;692;693;694;696;697;698;701;702;703;704;705;706;708;711;716;718;720;721;724;726;727;731;733;735;738;744;750;752;753;754;755;756;757;758;759;760;762;763;764;766;767;769;770;772;774;776;777;782;785;786;795;797;799;800;801;805;810;812;813;815;816;817;821;822;823;824;825;827;829;831;832;833;834;838;839;841;843;850;852;856;858;862;863;864;865;867;868;869;870;871;872;875;876;877;878;881;882;885;886;890;891;895;896;897;898;899;901;902;904;907;910;911;912;913;915;916;917;918;919;920;923;925;926;930;934;935;940;943;946;947;948;950;951;952;954;955;957;958;959;960;962;963;965;966;968;970;971;973;980;981;982;984;987;988;992;994;999;1000
302;1;2;4;5;6;7;8;9;10;12;14;18;19;20;21;25;27;38;42;45;47;50;51;52;57;60;64;66;67;68;69;70;75;76;77;78;79;80;81;84;86;88;89;90;91;92;93;94;96;99;102;104;105;106;108;111;117;119;122;124;125;127;128;130;132;134;136;137;138;141;142;143;146;147;148;151;155;160;161;163;164;165;167;168;171;174;178;179;181;183;187;189;190;191;192;193;194;197;204;206;208;209;210;211;213;215;217;218;219;222;223;224;225;226;227;232;233;234;237;239;240;241;245;247;248;249;250;251;252;254;257;260;261;262;263;265;268;271;273;277;278;281;284;285;286;293;295;303;304;306;308;309;310;311;313;314;318;319;320;322;323;326;328;330;331;333;336;337;338;339;340;341;343;346;350;351;352;354;355;358;359;362;363;368;371;372;376;379;380;381;382;385;388;394;397;398;401;403;404;405;406;407;410;411;414;415;416;417;418;420;422;423;424;428;429;432;433;436;437;438;441;442;443;447;448;452;456;457;458;461;462;463;464;467;468;472;475;476;477;479;480;481;482;492;493;494;499;501;502;503;504;505;506;511;517;518;519;520;521;522;523;528;529;532;536;538;539;540;541;543;544;545;546;549;550;552;556;557;559;561;564;565;566;567;568;569;575;578;580;581;582;583;584;586;587;589;591;597;599;600;604;605;606;608;609;613;614;615;616;621;626;627;631;634;636;638;639;640;643;644;646;647;653;654;658;661;662;663;664;666;670;673;677;679;681;683;684;687;691;692;694;696;699;700;702;703;704;705;707;711;712;713;716;719;720;722;724;726;728;729;730;733;734;735;736;739;741;743;745;747;748;752;754;756;758;759;761;764;765;769;771;773;774;776;777;781;784;789;798;804;805;806;807;808;811;812;814;816;818;821;822;823;824;825;826;827;828;832;833;834;837;839;840;844;845;846;850;854;855;856;858;863;867;870;871;873;876;880;882;883;885;886;887;888;891;896;897;900;907;908;909;913;916;919;920;923;924;925;928;931;933;934;935;937;938;940;945;946;953;954;955;956;960;963;965;966;968;972;973;974;975;976;979;980;981;984;987;990;992;993;995;997;1000
303;6;10;11;13;14;15;16;19;20;21;22;23;24;25;27;29;30;32;33;34;35;37;38;41;42;46;47;49;50;51;52;53;57;58;62;63;66;70;71;72;73;74;78;79;80;81;84;86;87;91;92;93;94;96;97;99;100;108;114;115;116;121;122;125;127;129;130;131;133;134;137;138;139;141;144;149;151;154;159;161;163;165;166;167;168;170;173;174;175;177;178;180;181;182;183;185;186;187;188;189;192;194;196;199;203;204;205;209;210;211;213;216;219;221;223;224;228;230;238;239;241;242;246;247;249;250;251;252;254;255;256;259;263;264;266;268;269;270;272;276;277;278;280;281;283;285;287;288;290;291;293;295;298;301;302;304;306;308;311;312;313;317;318;319;321;322;323;326;327;329;330;333;337;341;345;347;349;352;353;356;357;360;362;364;365;367;368;369;370;372;376;379;381;382;383;384;385;386;388;390;391;392;393;394;395;397;400;402;404;406;407;408;410;411;413;415;416;417;418;421;423;429;430;431;432;433;434;438;440;441;443;445;448;449;450;451;453;455;456;458;459;463;464;468;471;472;474;477;479;482;484;486;491;492;493;495;496;498;499;500;501;502;503;505;507;508;509;510;511;512;513;515;518;520;524;525;526;528;530;533;537;541;544;545;549;554;555;557;559;561;562;564;566;568;569;570;572;573;575;580;583;584;585;587;592;596;603;604;607;611;612;614;615;617;618;620;621;624;625;626;627;630;631;632;633;636;637;640;641;642;643;645;646;650;651;652;653;654;656;659;665;666;667;668;674;675;680;683;684;685;687;688;689;690;691;692;693;696;698;699;701;705;707;708;710;712;715;716;717;718;719;720;724;725;726;728;733;735;736;737;739;741;744;745;746;747;748;749;751;755;761;763;764;766;767;768;770;771;773;774;775;776;778;780;782;784;785;786;787;789;793;797;798;799;801;802;803;807;810;811;813;814;816;817;818;819;820;821;822;823;824;829;830;834;836;840;842;844;847;848;849;851;852;853;854;855;857;858;859;860;861;865;868;869;870;873;875;876;878;879;884;885;888;890;891;892;896;898;900;902;903;904;905;906;907;908;910;911;913;916;917;918;919;921;924;927;930;933;936;937;938;946;947;948;949;950;951;952;955;956;957;959;960;961;963;964;966;969;970;976;977;978;982;983;985;987;988;992;995;999
304;1;3;4;5;6;7;8;9;14;15;16;19;23;24;25;26;27;30;31;33;38;39;44;46;47;48;51;52;57;58;59;60;61;62;63;64;65;68;71;72;73;75;78;80;81;82;84;85;86;87;88;89;92;93;95;96;98;99;102;103;108;109;110;111;112;113;114;116;117;119;122;123;125;127;130;131;132;133;134;136;139;140;141;144;148;149;150;156;157;158;159;161;163;166;167;169;170;173;175;178;179;180;181;182;184;186;189;190;191;192;193;195;196;197;198;201;206;207;211;212;213;217;218;224;225;226;228;230;234;235;236;237;239;240;242;248;249;250;254;255;256;257;258;259;260;266;271;272;275;281;282;284;285;286;287;292;296;297;299;301;302;303;306;310;313;314;315;316;318;322;324;327;329;330;331;332;333;334;336;340;341;342;344;347;350;352;353;356;358;359;360;361;366;368;369;370;371;375;377;378;380;381;383;384;385;386;387;388;391;393;394;398;399;400;402;407;408;409;410;411;412;413;414;416;417;418;420;424;426;428;429;432;433;434;435;436;439;443;447;449;454;455;456;457;458;463;464;467;468;471;473;474;475;476;482;483;484;485;487;492;494;495;497;499;501;502;503;504;506;516;517;518;520;525;526;527;529;530;531;532;534;535;536;537;538;544;545;547;548;552;556;557;558;559;566;569;571;572;573;578;579;581;583;588;590;592;597;598;605;606;609;610;612;613;614;616;620;622;623;625;629;631;633;634;636;638;639;640;641;643;644;648;650;651;652;653;654;655;656;658;660;664;665;667;669;670;671;673;674;675;677;678;683;685;687;689;690;691;692;693;695;696;697;698;701;705;706;707;708;710;711;713;714;718;722;723;725;731;734;735;736;739;740;742;743;745;746;749;750;753;757;761;765;766;769;770;772;774;776;777;778;779;781;785;789;791;792;794;795;798;799;801;802;805;809;812;816;817;818;819;820;821;824;825;827;828;829;830;833;834;835;836;839;841;844;850;852;854;855;856;860;861;863;864;866;867;870;872;874;879;881;882;884;885;888;891;892;893;896;899;900;903;905;907;908;909;912;913;914;916;918;920;925;927;930;932;933;934;935;936;938;939;942;943;945;947;950;952;953;955;957;959;961;963;964;965;967;968;971;973;974;977;979;982;987;988;992;995;997;998;999;1000
305;2;5;10;11;13;14;17;18;19;23;24;25;26;27;29;30;31;32;36;37;38;39;41;42;46;47;49;51;52;53;55;56;57;58;60;61;63;64;66;67;69;71;77;79;80;82;85;86;87;88;89;90;94;95;96;97;99;100;101;102;104;106;108;115;119;122;123;125;126;131;137;138;139;140;141;142;143;144;145;146;148;150;152;156;158;160;161;165;167;168;169;170;174;175;176;177;179;180;181;183;184;185;186;187;188;190;193;197;198;200;201;203;204;205;206;207;208;210;212;215;218;219;221;222;225;226;231;232;235;239;240;243;245;246;249;251;262;264;265;266;267;269;270;272;274;275;276;278;283;284;285;286;288;290;291;293;297;307;310;311;312;313;314;315;317;322;323;326;328;331;332;334;338;339;340;343;346;348;350;351;352;353;354;355;356;358;359;360;361;363;364;368;369;370;373;374;377;380;381;382;395;396;398;399;400;404;405;406;409;410;413;417;419;420;421;422;423;424;427;429;431;433;436;439;443;444;445;446;447;450;451;453;457;460;462;463;464;465;466;467;469;473;474;475;478;486;493;494;495;500;502;503;505;506;507;508;511;516;522;525;526;531;532;533;534;537;538;539;540;542;545;548;549;551;552;553;555;556;558;560;561;563;566;569;572;573;574;576;578;582;583;585;586;588;594;595;596;602;605;608;609;610;611;613;614;615;616;618;619;621;626;628;629;630;633;634;635;636;637;638;639;640;647;649;650;651;652;654;655;657;662;663;664;667;668;669;672;673;674;675;676;684;686;688;689;691;693;694;695;696;699;701;702;703;704;706;709;711;715;716;718;720;721;725;731;732;733;734;736;737;739;742;747;749;751;754;755;757;761;762;764;765;767;768;769;770;772;773;775;776;777;779;780;782;784;785;786;790;791;793;797;799;802;807;809;810;812;816;818;820;821;822;823;825;827;829;830;834;835;837;838;840;844;845;849;853;855;859;861;862;863;865;869;871;872;874;875;876;879;880;885;887;890;891;893;894;895;896;899;901;902;903;904;907;909;913;916;919;923;924;929;930;931;933;934;935;938;940;941;945;946;949;950;951;954;955;960;963;965;973;977;978;979;982;984;987;989;990;992;997;1000
306;1;2;5;7;8;9;10;11;13;15;22;25;26;27;31;33;35;39;40;42;43;48;49;50;51;54;56;58;62;63;65;67;68;70;74;76;77;79;81;84;90;92;97;100;101;102;103;109;110;111;113;115;116;117;119;120;121;124;128;129;130;131;132;135;136;138;144;146;147;149;150;151;153;154;155;156;158;159;161;162;164;168;169;173;174;175;177;178;180;181;184;188;190;194;199;201;202;204;206;208;209;210;212;213;217;219;225;230;231;232;233;234;235;238;239;240;245;246;248;251;252;253;257;259;263;265;266;269;271;274;275;278;279;280;283;291;296;297;298;299;301;302;303;304;307;308;310;315;317;319;320;323;324;328;331;332;335;337;339;341;342;343;344;345;346;347;350;354;355;356;357;359;360;362;363;364;366;367;370;372;373;376;377;379;381;385;386;387;390;391;392;394;395;396;397;406;407;410;411;414;416;419;420;423;424;426;428;429;434;436;439;440;442;443;445;447;450;451;452;453;457;459;461;462;463;464;465;468;469;471;472;475;476;477;479;480;482;484;485;486;488;489;492;493;494;495;503;504;505;510;511;515;516;517;522;523;526;531;536;542;543;545;546;547;548;551;552;553;554;556;557;558;560;561;562;563;571;573;574;575;576;577;578;579;581;582;583;584;590;595;596;598;601;603;605;608;614;615;616;617;618;620;622;623;624;625;627;628;629;630;631;633;638;639;640;642;643;646;647;648;649;650;651;652;654;658;659;660;661;662;665;669;673;674;675;676;679;680;682;683;686;688;689;692;693;694;695;696;698;700;702;703;706;707;708;709;710;716;720;721;725;727;728;732;736;737;738;739;740;741;743;744;745;746;748;749;750;751;753;754;755;757;758;761;764;767;768;769;770;774;776;778;780;781;784;790;791;794;796;798;802;805;807;809;810;813;815;816;817;818;819;820;822;825;826;831;833;836;839;840;841;842;844;845;846;848;849;853;854;856;858;859;862;863;868;870;871;872;874;877;880;881;882;884;886;889;890;892;895;896;897;899;902;903;904;905;906;907;911;913;914;916;920;923;925;929;934;936;937;938;940;942;945;946;949;951;952;954;955;959;961;962;963;966;967;969;970;973;975;976;979;981;983;985;986;988;990;993;998
307;1;4;5;9;10;13;14;18;19;22;23;24;26;28;31;33;37;38;41;42;43;44;46;47;50;54;55;58;61;62;69;71;72;73;74;76;77;78;80;81;83;85;89;90;91;93;103;104;105;106;107;108;109;111;113;115;116;119;125;127;130;131;132;134;136;141;142;143;144;146;149;150;151;152;154;155;156;157;158;159;161;162;163;166;167;169;170;177;179;181;183;186;187;188;189;192;193;194;197;198;201;202;204;208;209;218;219;220;221;222;223;224;226;227;228;229;231;233;234;235;236;237;239;240;241;243;245;246;247;248;250;251;252;253;256;260;264;267;269;272;277;278;281;284;287;288;289;290;292;293;299;305;306;308;311;312;316;318;320;321;322;323;324;325;327;329;331;334;336;338;342;345;346;347;348;349;354;355;356;358;360;361;362;363;364;365;366;367;368;369;370;371;373;376;383;385;388;390;392;393;394;396;397;398;401;404;405;408;411;416;417;418;419;424;425;428;429;430;432;436;437;438;439;440;442;445;446;448;450;451;455;456;457;463;464;465;469;471;472;473;475;476;479;481;491;492;493;494;497;500;502;503;505;506;507;509;510;512;513;514;518;519;520;521;524;525;526;527;529;530;533;534;536;537;539;542;544;545;552;554;555;556;557;558;561;562;563;564;568;569;570;574;575;576;577;579;580;584;585;587;589;591;593;595;597;599;600;601;604;606;607;608;609;610;611;612;614;618;619;620;621;630;633;634;637;641;643;646;647;653;656;661;662;663;664;665;667;670;671;672;674;675;676;678;679;682;685;686;687;688;690;691;693;695;696;697;698;700;705;706;708;710;711;712;715;717;722;723;724;726;727;728;729;731;732;733;734;735;736;737;739;742;743;745;750;751;752;753;754;756;757;760;761;764;765;768;770;775;777;778;780;781;782;784;786;787;789;790;792;794;797;800;801;802;803;804;806;810;812;821;823;824;829;831;832;834;837;840;841;842;843;844;845;846;848;852;853;854;855;856;857;859;863;864;869;874;878;879;880;882;883;885;887;888;889;890;893;894;895;896;899;901;902;905;907;912;913;919;920;921;923;927;928;929;930;933;934;936;939;940;941;942;943;944;946;948;949;950;951;956;958;959;960;961;963;964;966;969;970;971;972;973;974;975;978;981;983;985;986;987;988;989;990;991;992;993;994;995;998;999;1000
308;1;2;5;6;9;10;11;13;14;16;17;18;19;22;24;25;30;31;34;37;38;39;41;42;44;46;48;51;53;54;56;60;61;63;65;67;68;70;73;74;75;76;77;78;79;80;82;83;84;88;89;90;91;92;94;97;100;105;109;110;111;112;114;115;120;121;122;123;124;125;128;130;131;132;134;136;137;138;139;142;143;145;146;150;152;153;156;157;158;159;163;164;165;166;167;168;169;171;175;176;177;180;183;185;186;187;188;192;193;196;198;199;200;201;202;204;209;210;211;214;215;216;218;221;225;226;227;228;229;232;236;238;240;241;245;247;249;250;254;255;256;258;259;260;262;263;266;267;269;271;272;273;275;276;277;279;281;284;285;288;290;292;297;299;301;302;303;306;307;310;314;316;317;318;319;320;322;327;328;329;337;341;342;348;350;351;352;355;357;358;361;365;367;368;373;376;379;381;382;385;387;388;389;390;392;397;399;403;405;406;410;411;415;417;418;424;425;427;428;430;432;439;440;443;445;446;447;449;452;453;456;458;460;462;466;475;477;479;480;483;488;490;491;492;493;495;496;498;499;500;502;503;504;505;506;510;514;517;518;520;521;524;525;527;530;531;533;534;537;538;539;542;543;544;545;547;548;549;551;552;554;555;556;558;560;563;567;568;569;570;572;573;576;579;580;581;582;585;586;587;588;590;594;595;596;598;599;600;601;606;609;610;612;614;615;618;620;621;622;623;624;627;628;629;632;634;635;636;637;639;645;646;649;652;653;654;655;659;660;662;665;668;669;670;672;673;676;682;683;686;689;692;693;694;696;698;700;704;708;709;710;714;715;718;720;722;723;724;725;727;728;730;731;732;733;735;736;738;739;742;744;745;746;750;751;757;760;761;764;767;768;769;770;772;773;776;777;778;779;783;786;787;788;789;793;795;799;801;804;805;806;810;814;815;816;817;821;822;823;824;825;826;828;829;832;834;835;836;838;839;846;847;850;851;855;856;857;858;863;864;865;867;870;871;873;877;880;882;883;884;886;888;891;892;893;894;896;900;905;906;908;909;911;913;914;915;917;918;919;921;925;928;929;933;934;935;936;942;947;950;953;954;955;958;961;962;967;968;973;974;975;982;983;989;990;992;999;1000
309;1;2;3;4;6;7;9;10;11;16;17;20;21;23;27;32;33;35;37;38;40;41;42;45;46;47;54;56;57;58;59;62;64;65;66;69;71;73;75;76;78;80;83;85;87;91;93;97;100;101;102;105;109;113;116;120;121;122;125;126;128;131;132;134;136;137;138;140;144;147;149;151;153;154;155;157;158;159;160;161;167;172;173;175;176;180;184;189;192;194;195;197;198;199;203;204;205;207;209;210;212;213;214;216;217;221;222;223;224;225;226;228;229;232;235;238;240;241;242;243;246;249;250;254;258;259;261;265;267;268;270;271;274;276;277;279;282;283;286;287;288;294;298;299;300;302;310;313;314;317;320;322;323;324;325;328;329;331;333;337;338;340;344;345;346;347;349;351;354;357;360;364;366;368;372;374;376;381;386;388;389;390;391;393;396;399;401;402;403;404;407;408;410;413;414;415;416;419;420;421;423;425;427;428;429;433;437;438;445;446;447;450;452;456;457;458;459;460;461;462;464;467;469;472;475;476;480;481;483;485;492;493;494;496;499;500;503;505;507;510;511;512;514;517;518;520;522;523;524;527;533;534;535;536;537;541;542;543;545;546;549;550;553;555;557;558;559;560;561;562;563;566;568;569;572;574;577;578;581;585;587;588;590;594;595;597;601;602;603;604;605;609;615;619;620;627;630;633;635;637;639;640;642;643;648;652;653;658;661;662;663;664;666;669;673;674;676;678;680;682;685;686;690;691;693;696;699;700;703;704;705;708;712;713;714;716;720;722;723;724;725;726;729;730;732;734;736;739;742;745;746;747;748;749;751;752;755;767;768;770;773;775;777;778;781;782;784;786;788;789;793;794;797;802;803;805;806;807;808;809;810;812;814;815;816;818;819;820;822;824;828;829;831;833;836;837;839;840;841;845;847;848;849;851;856;859;862;865;867;868;869;870;874;875;876;878;879;881;885;886;889;891;892;894;896;897;899;900;901;903;905;906;907;908;913;915;918;920;921;922;924;926;927;928;931;933;934;935;942;943;944;945;947;948;951;952;953;954;957;958;959;963;965;967;969;972;973;974;975;976;977;978;984;986;989;991;994;997;998;999;1000
310;2;4;12;13;14;18;19;20;21;23;24;26;28;31;32;33;34;35;37;38;39;40;43;45;53;55;56;58;60;61;65;68;75;78;81;83;84;86;87;88;90;94;95;96;98;102;104;105;106;108;111;112;114;119;120;122;125;126;128;130;133;135;137;138;139;140;141;142;143;147;148;149;151;152;153;155;156;159;161;163;166;168;175;179;180;182;184;186;188;189;190;191;193;195;197;198;199;200;201;202;205;207;208;209;210;213;215;217;218;219;220;224;225;227;231;232;234;236;237;241;242;243;244;246;247;248;249;250;251;257;261;263;264;266;269;271;272;273;274;275;278;287;288;290;291;294;295;297;298;299;302;304;305;306;308;309;311;314;317;318;319;320;325;327;328;329;330;333;334;337;338;339;342;347;348;349;350;352;357;360;361;363;364;368;369;372;380;382;386;387;389;391;393;394;395;398;399;403;405;407;408;409;411;413;419;422;425;427;428;429;431;432;433;438;440;441;443;444;446;447;449;450;451;452;453;454;455;456;457;459;460;461;463;466;467;468;471;472;477;478;479;480;481;482;483;484;488;489;490;491;496;497;499;500;501;502;503;507;509;510;511;513;514;516;518;520;521;522;523;525;528;529;530;531;532;533;537;538;541;542;548;549;552;553;556;558;559;563;564;566;568;572;575;576;581;583;584;585;591;594;595;596;598;605;607;609;611;617;618;619;620;621;623;624;625;626;628;630;634;635;637;638;641;642;645;646;647;649;650;655;656;658;659;661;670;671;672;675;677;679;683;684;685;686;689;693;696;697;698;699;700;701;702;704;705;706;707;708;715;717;719;720;721;722;724;725;726;727;728;729;730;733;735;738;739;740;741;742;743;745;747;749;752;753;755;756;757;762;764;768;770;771;776;777;780;784;785;786;787;788;789;791;794;795;796;797;800;801;802;803;805;806;809;812;814;815;819;821;823;826;827;832;833;834;836;840;841;843;844;846;849;850;852;856;857;861;863;865;872;877;880;883;885;892;894;896;900;902;904;905;908;909;912;915;918;920;925;926;928;932;934;935;937;938;939;941;943;945;949;950;952;953;957;960;962;964;965;967;968;969;970;971;973;974;976;977;978;979;982;983;987;989;990;992;993;994;996;997;998;999
311;2;3;6;10;11;12;13;15;17;18;19;22;23;24;25;27;29;30;31;32;33;36;38;40;41;42;44;45;47;49;50;51;52;54;55;59;60;61;62;63;71;72;74;76;78;81;83;84;88;89;90;91;92;94;95;100;101;104;105;108;109;111;112;116;117;121;123;124;126;129;132;133;135;139;143;145;146;147;148;149;151;152;155;158;160;161;163;164;166;167;171;172;174;176;178;180;181;182;183;184;186;187;189;190;191;194;195;196;199;201;203;205;206;208;212;216;217;218;220;222;224;228;233;234;235;236;237;241;242;243;247;248;249;251;255;257;258;259;262;264;266;267;269;271;272;273;281;284;285;286;287;288;289;291;293;297;300;302;303;305;307;310;315;316;317;318;320;323;324;326;329;332;334;335;336;337;338;339;341;342;345;346;349;350;351;352;353;354;355;356;358;360;361;363;365;367;369;371;372;373;375;377;381;382;385;386;388;389;391;392;393;395;398;399;401;403;406;408;409;411;412;413;415;416;417;418;419;421;422;425;427;429;433;435;436;438;441;443;444;445;446;448;450;452;453;455;456;457;459;462;464;473;474;475;476;478;479;480;482;484;485;486;488;489;492;493;494;496;498;499;504;506;510;513;515;520;522;523;526;529;530;531;532;533;538;540;546;547;552;553;554;555;556;558;559;563;564;565;566;567;570;571;573;578;579;580;581;582;583;584;588;591;594;595;600;603;604;608;611;612;614;615;616;622;623;625;626;629;631;633;635;636;638;643;645;646;647;648;649;650;652;653;654;655;656;658;659;660;661;666;668;670;672;673;674;675;676;677;679;680;681;684;685;687;689;690;692;693;694;701;704;713;714;715;719;720;721;723;729;730;731;732;733;735;736;738;744;746;748;749;753;755;762;763;765;767;768;770;771;774;778;779;782;783;784;786;787;788;792;794;799;800;802;804;805;808;809;811;812;813;815;816;817;819;821;826;828;829;830;833;835;836;837;838;841;842;843;844;845;846;847;848;852;853;854;855;856;857;859;861;866;867;868;870;871;872;876;878;879;880;881;885;887;889;890;891;892;893;894;895;896;900;905;906;907;911;914;915;921;922;923;925;929;930;933;934;936;937;938;939;940;945;949;953;954;958;959;961;962;963;964;967;971;972;973;976;977;978;980;983;988;993;994;1000
312;1;2;4;7;9;11;13;14;15;17;22;27;31;32;33;36;37;42;43;44;45;46;47;48;51;53;54;58;60;61;62;63;66;67;68;69;74;78;80;81;84;86;88;89;92;93;95;96;99;105;107;108;109;110;112;115;120;121;122;123;128;129;131;133;134;136;137;138;139;140;144;146;147;148;150;152;163;167;169;170;171;172;173;179;181;183;185;186;187;188;190;192;194;195;196;197;199;200;202;203;205;207;211;213;214;216;220;223;229;230;231;233;234;241;242;243;245;246;249;252;253;257;259;260;262;263;264;265;269;271;272;273;274;275;278;281;283;284;285;286;287;289;290;292;294;295;298;299;303;305;307;313;315;318;322;323;325;326;327;329;331;332;334;336;339;343;346;351;352;353;354;355;357;365;366;367;368;370;372;373;374;378;379;380;383;384;385;387;390;391;395;396;397;399;400;401;402;405;406;408;412;413;414;421;424;428;429;430;431;432;433;435;436;437;438;439;440;441;446;447;448;451;453;454;456;458;459;460;461;464;465;468;470;471;474;475;476;478;479;481;482;486;490;491;492;493;495;496;497;498;500;501;502;504;508;509;512;513;515;516;518;519;522;527;530;532;534;535;536;539;540;541;542;543;544;546;547;548;550;553;556;557;558;563;564;565;566;567;568;569;575;576;578;580;582;583;587;591;592;593;594;597;602;603;607;609;612;613;614;615;616;617;618;621;622;623;624;625;629;631;632;633;634;636;637;639;641;643;644;645;646;649;650;651;652;653;654;655;659;660;661;663;665;667;668;669;670;672;674;679;680;682;684;685;686;687;689;690;693;695;697;698;702;703;705;706;707;709;710;711;712;713;716;717;718;723;727;728;730;732;736;739;740;741;743;744;746;747;749;750;751;753;758;759;760;763;765;767;768;770;775;776;777;778;782;783;784;785;787;788;794;798;801;803;805;807;808;813;816;819;822;824;826;827;829;831;833;837;842;843;844;846;849;850;851;854;856;858;861;862;863;864;868;872;874;876;878;879;880;881;883;884;885;888;889;893;894;895;897;900;903;906;909;911;912;915;919;921;923;928;931;933;941;942;943;944;945;948;949;950;951;952;953;955;956;958;959;961;963;965;970;974;975;977;978;979;981;987;988;989;996;998
313;1;3;5;6;7;9;11;14;17;19;20;24;29;31;32;33;34;38;39;40;43;44;45;47;48;50;52;53;54;55;56;57;58;59;65;66;69;70;72;74;75;79;82;83;84;85;87;90;93;97;99;102;104;106;112;114;115;117;120;122;123;125;126;127;128;129;132;134;135;136;139;140;143;146;147;148;149;150;151;153;156;161;162;163;164;167;171;173;175;177;179;181;183;184;185;186;190;191;193;196;197;199;202;210;211;212;215;220;221;222;226;229;230;234;236;237;238;239;243;244;245;246;250;251;252;253;257;259;261;262;263;265;268;270;271;272;276;277;278;280;281;285;286;287;289;290;291;293;296;297;299;300;301;302;303;304;305;309;312;315;317;319;321;323;324;325;326;328;330;331;332;333;334;336;337;338;342;343;347;348;352;354;355;356;358;363;364;365;368;371;372;375;378;379;381;384;385;386;387;388;391;393;396;399;401;402;403;405;406;408;409;411;412;413;415;416;418;419;420;423;424;429;430;434;437;438;439;442;447;449;450;455;458;460;461;463;465;468;469;476;485;488;489;491;493;494;495;496;497;498;499;501;503;504;505;506;508;515;518;520;523;524;525;527;528;530;531;538;539;541;542;544;547;548;549;550;552;555;558;560;561;564;565;566;570;572;573;574;576;577;580;588;589;590;591;592;593;595;598;601;602;603;604;606;607;609;610;611;612;613;614;619;621;623;624;628;630;633;636;641;642;643;644;645;648;649;651;652;653;655;656;659;660;663;665;670;671;672;673;676;677;678;679;680;681;682;685;686;688;690;692;694;696;698;699;700;701;704;707;708;710;713;714;715;716;717;719;720;727;728;729;733;734;735;738;741;742;743;745;754;755;756;761;764;765;766;767;772;776;777;778;779;780;782;789;790;791;794;801;802;807;813;815;817;819;820;821;822;824;825;830;832;834;835;836;837;840;841;843;847;849;852;853;854;856;857;858;860;861;863;864;866;867;871;875;877;878;882;883;886;891;892;895;897;899;902;904;905;907;908;909;910;913;914;916;918;919;920;927;928;930;931;933;934;936;937;939;940;942;943;944;947;950;957;958;961;962;964;966;967;968;969;970;978;981;983;984;987;990;991;994;995;997;998;999;1000
314;1;5;6;9;10;11;12;20;21;22;23;26;27;29;31;32;35;43;46;47;48;49;50;51;52;54;55;56;58;61;62;64;67;68;70;75;77;80;82;83;84;85;88;93;96;98;99;100;101;102;103;104;105;106;111;112;116;118;119;122;123;124;125;126;127;128;130;132;133;134;135;136;139;140;141;143;145;146;148;151;152;153;154;158;159;161;162;163;167;168;171;172;176;177;179;183;184;187;188;189;194;196;198;199;200;202;203;204;210;211;215;216;217;218;219;220;221;222;228;230;235;236;237;240;241;244;245;246;249;250;251;253;259;262;265;267;268;269;271;273;274;275;276;277;278;280;281;282;287;288;290;291;292;293;294;299;302;304;305;308;309;310;317;318;319;320;321;326;328;330;332;333;338;341;343;344;345;347;351;355;358;359;360;362;371;374;375;376;378;381;384;386;387;389;390;391;400;404;409;410;411;415;417;423;424;425;426;427;430;431;432;433;435;438;439;440;443;445;447;448;449;451;453;455;456;458;461;463;464;465;466;467;469;470;472;473;479;480;482;486;488;489;491;492;494;495;498;500;504;505;509;510;512;513;514;515;517;518;523;525;527;528;530;533;535;537;540;544;548;552;554;555;556;557;558;559;561;562;564;565;567;570;572;573;575;577;583;584;587;588;590;591;592;593;594;595;597;598;599;601;605;607;608;610;614;615;617;620;621;622;624;625;626;627;628;631;635;642;643;644;646;648;649;650;651;652;653;654;657;658;660;662;664;669;670;672;673;675;679;681;684;688;692;693;695;697;702;705;706;708;710;715;716;717;721;722;723;725;727;728;733;735;736;737;739;740;741;745;746;747;750;752;753;754;755;757;758;761;763;764;765;766;767;772;773;774;775;776;778;784;787;790;791;796;801;802;804;806;807;811;812;813;814;816;817;818;819;821;825;827;828;829;833;835;838;842;843;846;850;852;854;855;860;861;863;864;866;867;868;869;874;876;877;879;884;890;891;892;894;895;901;902;903;905;906;911;914;915;916;917;920;921;927;928;929;931;935;936;939;941;942;944;947;950;951;952;953;956;957;961;964;967;968;970;972;974;975;976;979;980;981;985;987;988;989;993;994;995;996;997;1000
315;1;2;3;4;6;7;8;9;11;12;13;16;21;27;28;29;32;33;34;35;36;38;40;41;43;48;52;53;54;55;57;58;59;60;62;63;65;66;68;72;73;76;77;78;82;86;87;88;89;90;92;93;96;98;100;102;103;105;107;110;113;116;122;126;129;131;132;133;135;137;138;139;140;141;144;145;149;151;152;153;157;158;160;163;166;168;169;172;177;178;180;181;182;183;184;190;194;196;197;198;199;200;201;205;207;208;209;213;214;215;218;221;222;225;226;227;230;233;235;237;238;239;240;241;242;243;244;245;246;248;249;250;253;255;257;260;263;264;265;266;268;270;275;279;280;281;284;288;291;294;295;301;304;305;306;311;312;313;317;318;321;322;326;327;329;332;337;339;340;342;343;344;346;349;353;354;355;357;361;362;365;369;372;373;378;380;382;385;386;390;394;395;396;401;402;403;406;410;412;415;417;419;420;421;423;429;430;432;434;435;438;439;442;443;444;446;448;449;450;451;452;454;455;457;459;460;462;464;465;466;468;473;474;476;477;479;481;482;485;486;487;489;493;495;497;498;500;501;502;504;505;507;510;512;514;515;516;518;523;524;527;529;532;535;538;541;545;547;548;549;553;554;555;556;558;559;560;563;566;567;569;570;571;572;573;574;577;584;585;586;588;591;592;593;595;599;600;607;609;610;612;613;619;620;622;623;624;627;628;631;632;633;635;636;638;639;644;648;650;652;654;656;657;659;660;662;665;670;671;672;673;675;679;680;682;686;689;692;695;698;699;700;701;706;710;712;714;719;720;722;724;725;726;727;734;735;736;737;738;740;741;742;743;745;746;748;755;756;758;759;760;761;762;763;765;767;768;771;772;779;782;783;784;786;787;791;792;793;794;795;796;799;800;802;803;804;812;815;817;819;820;821;822;824;825;826;827;832;834;835;836;837;838;839;843;845;848;850;853;855;856;857;859;861;864;869;871;872;873;876;877;878;879;880;881;882;884;885;886;890;891;894;895;899;901;903;904;905;909;910;911;912;916;924;925;926;931;935;936;938;943;944;945;949;950;952;955;956;957;959;960;962;964;966;969;971;973;974;979;980;982;983;989;990;991;992;993;994;999;1000
316;1;2;3;4;6;8;11;12;13;17;19;20;22;25;26;27;29;30;31;32;34;35;37;38;39;40;41;44;46;48;49;50;53;57;58;60;61;63;64;66;67;68;71;74;76;77;78;79;82;83;84;89;90;91;92;94;95;96;97;100;101;102;106;108;109;111;112;114;116;118;120;121;125;126;127;129;130;132;140;141;152;157;158;160;161;165;170;171;173;175;177;178;179;180;182;187;190;191;193;195;196;198;203;204;207;208;213;214;215;216;217;219;220;221;222;223;225;226;229;230;235;237;238;239;240;241;243;244;245;247;249;254;256;257;258;260;262;263;269;270;272;276;278;279;283;284;285;286;288;289;290;293;294;295;297;298;300;301;304;307;308;311;317;319;320;327;328;329;331;334;336;337;339;340;341;343;347;350;351;352;353;356;357;362;364;365;366;367;368;370;373;375;376;382;383;385;387;388;390;392;394;395;396;398;399;400;401;402;406;407;408;410;411;414;415;416;417;419;423;424;438;443;445;446;447;448;452;453;456;457;461;462;463;465;467;469;471;474;477;479;480;481;482;483;484;485;486;488;490;491;493;494;495;498;501;502;505;506;507;510;512;518;519;520;521;522;523;525;526;528;529;530;532;533;534;536;537;539;540;541;544;547;548;549;550;551;552;555;556;558;559;564;565;567;569;575;576;578;579;581;583;584;588;589;590;591;592;594;595;596;597;599;600;603;605;606;607;608;609;610;611;612;613;615;617;618;619;622;624;626;627;628;629;631;632;634;635;637;643;645;647;648;650;653;657;658;661;664;669;670;672;673;674;676;679;681;687;689;691;692;697;698;699;701;706;707;708;712;714;715;716;717;721;722;724;727;729;730;731;732;734;736;737;741;743;748;749;750;751;752;754;755;756;761;762;765;766;767;768;771;772;775;776;778;779;780;781;783;785;786;789;791;792;794;799;800;802;804;806;808;811;812;813;815;816;817;819;825;826;828;829;830;832;833;835;837;838;841;842;844;845;848;849;850;851;853;856;857;858;859;861;863;864;865;866;868;871;872;873;875;877;878;879;883;886;888;890;891;894;896;898;900;902;906;908;909;910;912;913;915;916;917;919;920;924;925;926;927;930;935;937;938;939;943;945;946;948;950;951;952;954;955;956;957;960;962;966;967;969;970;971;978;983;985;986;989;994;995;996;997;999
317;3;5;8;9;10;11;12;13;14;21;22;25;27;30;31;32;33;35;37;38;39;40;41;42;43;45;46;47;48;49;51;57;58;59;60;62;65;66;67;69;72;73;74;75;76;78;79;80;81;84;86;87;89;90;91;92;93;95;97;99;101;102;103;104;106;107;108;110;111;112;115;116;117;118;121;124;126;129;131;132;133;134;135;137;138;144;148;150;153;155;159;160;163;166;168;169;170;171;173;175;178;181;182;183;189;190;193;194;195;196;197;198;200;202;203;204;205;206;207;208;212;214;215;217;223;226;227;228;229;230;232;233;235;242;245;247;250;251;253;254;257;258;261;262;263;264;265;270;276;277;278;280;281;284;285;288;289;290;291;292;293;294;295;298;299;303;305;306;308;309;310;311;313;314;315;316;318;319;320;324;325;327;328;329;330;331;332;334;335;337;339;341;342;343;344;346;347;348;349;354;356;357;360;371;374;377;378;379;380;384;387;388;390;391;395;396;400;409;412;414;417;419;420;421;424;425;427;428;430;431;432;433;434;436;438;439;442;443;445;448;450;453;457;458;459;461;463;467;469;470;473;478;481;483;484;486;489;491;493;494;495;496;498;500;501;503;504;505;506;508;509;510;511;512;513;514;515;516;517;518;519;521;522;523;525;527;528;530;533;536;538;540;541;542;544;545;546;547;549;550;553;555;556;558;562;565;567;571;572;573;575;576;578;583;586;587;590;591;592;595;596;598;602;606;607;608;609;610;611;613;614;616;618;619;620;621;622;625;626;627;629;634;636;637;638;640;643;644;645;646;647;648;649;651;652;656;658;659;660;664;665;667;668;669;670;671;675;677;679;682;683;684;685;686;687;688;696;703;707;708;709;711;712;713;715;716;717;718;719;720;721;727;728;729;732;736;737;739;741;742;743;744;745;747;748;749;750;751;752;755;756;757;758;760;761;767;768;769;770;771;772;779;781;784;785;786;787;788;793;796;803;805;810;811;816;820;824;826;827;828;832;833;834;835;837;838;843;844;845;846;847;849;850;851;857;858;861;862;863;866;868;869;871;873;875;877;882;883;885;887;888;890;891;892;895;896;898;899;900;901;902;906;908;909;910;912;915;916;917;921;924;926;927;928;929;931;932;933;935;939;940;943;944;945;948;949;950;956;957;958;959;961;964;966;968;974;981;984;988;989;992;995;996;1000
318;1;2;6;7;9;11;12;14;15;17;18;19;24;25;26;27;29;30;31;36;37;40;42;43;47;48;50;51;52;53;54;55;58;60;62;63;64;67;68;71;72;76;78;79;80;84;85;87;88;90;91;97;98;101;104;107;108;109;116;118;120;123;124;125;126;127;132;135;138;140;141;142;143;146;150;151;158;161;162;166;167;169;170;171;172;173;175;178;179;180;181;187;189;192;195;197;198;199;200;201;202;204;205;206;207;214;216;221;226;227;228;229;230;233;234;235;236;239;245;247;248;249;252;253;255;257;258;264;265;266;268;269;270;272;275;276;277;279;280;281;286;290;291;293;294;297;300;301;302;303;304;307;308;310;311;312;314;315;317;321;322;324;325;328;329;330;333;335;336;338;339;342;343;347;348;349;351;352;353;354;355;359;363;364;365;367;369;371;373;375;376;377;386;387;388;390;393;395;396;400;404;405;406;409;410;411;415;416;417;418;419;422;425;427;430;435;437;438;440;441;442;448;449;451;453;454;455;458;459;461;462;463;464;466;468;470;471;475;478;480;484;491;492;493;498;499;500;501;502;505;506;508;509;511;513;516;520;521;523;524;526;528;529;531;533;539;540;544;547;550;554;562;563;566;567;568;569;571;572;573;576;577;578;579;581;583;584;585;586;587;588;590;591;593;594;597;599;600;602;603;604;605;607;609;610;614;615;616;617;620;621;622;623;624;625;626;628;629;632;634;636;639;640;641;642;643;645;646;649;650;651;652;656;662;663;666;667;668;671;672;674;675;676;677;678;684;685;688;689;691;692;693;694;695;697;705;706;707;708;710;713;715;716;717;718;720;724;725;726;727;732;735;736;739;741;742;745;746;752;753;754;755;759;763;764;765;770;771;772;775;780;781;782;783;784;785;787;789;791;793;797;800;802;805;808;810;811;812;813;814;817;818;820;821;824;825;827;828;830;831;832;833;834;835;837;839;840;841;842;843;844;845;847;849;850;851;853;854;856;857;858;859;860;862;863;869;870;873;874;877;878;881;882;883;884;885;886;888;889;891;894;895;898;899;900;901;903;905;906;907;909;916;917;918;921;923;924;925;926;929;930;931;932;935;938;939;942;943;945;947;952;953;954;955;957;959;962;963;964;966;967;968;970;980;981;986;988;991;993;995;997;998;999
319;5;6;8;11;15;20;28;30;35;41;46;49;57;58;59;64;65;66;67;69;71;72;79;81;82;83;86;88;91;98;100;101;104;105;106;107;108;110;113;114;118;119;121;123;125;131;132;133;134;135;137;138;140;141;144;149;151;152;153;154;159;164;165;170;171;172;173;174;175;177;180;181;184;188;189;196;197;198;202;203;210;214;215;218;219;220;222;224;228;231;234;235;238;239;240;241;243;244;245;246;247;249;252;254;257;259;260;261;262;269;272;273;274;275;281;282;288;289;293;294;295;296;297;298;302;303;306;308;310;313;314;316;317;322;323;324;326;330;331;336;337;338;340;343;345;346;347;348;349;351;353;359;363;364;366;371;372;373;376;377;379;380;381;382;383;386;388;389;390;392;394;395;397;400;403;404;408;411;412;413;416;419;421;422;424;426;428;431;432;435;437;439;440;442;444;445;449;450;452;456;457;458;460;461;462;463;466;467;468;469;470;471;472;473;474;475;476;481;482;484;487;491;493;494;495;499;502;503;504;505;506;509;511;512;513;515;517;518;519;521;524;526;528;529;531;539;542;544;547;548;551;552;553;555;556;558;559;562;563;564;566;568;573;574;576;577;578;580;581;583;584;585;588;589;596;597;598;599;600;601;602;604;607;609;612;617;618;620;621;622;623;625;626;630;631;632;633;634;638;639;642;643;645;646;647;649;650;651;652;654;655;656;657;659;661;663;664;666;667;669;670;671;672;673;674;675;676;684;685;687;688;689;690;691;692;693;696;699;701;704;708;710;713;715;717;719;720;721;723;726;728;730;732;733;735;736;737;739;740;741;742;748;750;753;755;756;758;759;760;761;764;765;766;767;772;775;778;779;780;782;783;785;786;790;792;793;796;799;800;801;802;809;810;811;813;814;816;820;821;822;824;825;826;828;834;835;836;837;840;841;844;845;846;847;848;849;851;853;854;855;860;861;863;864;867;869;872;873;876;878;879;882;883;885;886;888;889;894;895;896;897;899;900;903;904;906;907;909;911;914;915;916;917;918;921;922;925;926;927;929;930;933;934;937;939;940;945;946;947;948;951;952;953;955;956;957;959;962;966;968;970;971;972;973;977;979;981;983;984;985;989;990;995;996;998
320;1;2;3;5;14;15;16;19;20;21;23;25;26;31;32;33;34;36;37;41;42;43;45;51;54;55;56;57;59;64;66;68;69;72;75;77;78;79;81;82;87;89;90;91;92;95;97;98;100;102;103;109;110;112;115;116;118;120;125;128;129;136;137;138;139;143;144;145;146;147;149;156;157;159;160;165;166;168;170;171;172;177;180;181;185;190;192;193;194;197;198;199;201;202;204;206;207;208;214;215;219;221;226;227;230;231;232;236;237;239;240;241;242;245;246;247;248;249;253;255;257;259;261;262;267;268;269;275;278;279;280;286;288;289;292;294;297;298;299;300;301;302;306;307;308;309;310;311;314;316;317;322;328;329;330;333;337;340;342;344;345;346;347;348;349;350;352;356;360;363;364;365;367;368;370;371;373;374;375;376;378;379;385;387;388;389;392;394;395;396;398;399;400;401;403;404;405;406;407;410;411;412;413;415;417;419;420;421;423;427;428;429;430;432;437;438;439;443;444;445;446;450;453;454;456;457;458;459;460;461;462;464;467;470;471;472;474;475;476;477;478;481;483;487;489;492;493;496;497;499;500;503;505;507;510;511;515;516;519;521;523;524;525;526;528;529;533;534;536;539;540;541;542;544;547;550;551;553;554;556;559;560;561;562;563;567;569;570;572;573;575;577;578;580;583;584;585;587;588;589;591;592;594;597;599;603;604;606;607;608;609;611;614;616;618;621;622;623;625;629;630;631;635;636;637;639;642;644;645;646;648;649;650;651;655;660;661;662;664;665;666;668;669;673;674;677;680;681;682;684;685;688;690;695;698;700;705;706;708;710;714;718;720;725;726;729;730;732;733;737;738;740;744;745;746;747;749;750;751;752;753;755;756;757;758;759;761;763;766;769;770;772;776;780;781;782;784;786;789;790;793;794;795;796;800;802;803;804;806;807;811;813;815;816;818;820;823;824;826;827;831;833;835;837;840;842;844;848;850;856;858;859;860;861;863;865;866;872;873;874;875;876;878;880;882;884;886;890;894;897;898;899;900;902;904;905;908;909;910;911;916;917;919;923;924;925;926;929;930;934;935;937;938;940;941;942;945;947;950;952;955;956;957;958;959;961;962;964;968;972;973;976;978;979;981;984;986;987;988;990;994;997;1000
321;2;3;4;5;6;7;8;9;10;12;13;18;19;20;23;25;26;29;30;31;33;34;35;36;37;39;41;43;44;47;48;51;53;54;59;61;62;63;64;65;66;67;68;70;72;74;75;76;77;78;81;86;87;88;90;91;92;93;94;96;98;99;100;101;106;109;112;113;114;115;116;118;119;122;123;125;126;128;129;132;133;134;136;137;138;140;141;142;143;144;145;148;151;152;155;157;158;160;164;165;168;170;172;174;176;179;180;182;183;185;186;188;189;191;195;196;197;198;199;200;201;202;204;205;206;207;210;211;213;215;216;217;218;224;225;226;228;230;234;235;237;239;242;243;245;246;247;249;250;252;253;255;257;262;265;267;270;272;273;274;275;277;278;279;280;281;282;284;285;286;287;288;290;296;301;303;307;313;314;315;318;323;327;331;332;333;334;335;338;343;344;345;350;355;356;358;359;361;363;364;365;369;370;371;372;378;380;382;384;386;388;389;392;394;395;397;398;399;403;405;407;408;409;412;416;418;419;421;423;424;425;426;431;432;433;434;435;437;441;445;446;449;450;451;452;454;455;459;460;461;463;464;465;468;473;475;476;477;480;481;482;483;485;491;494;496;497;499;500;501;502;504;505;510;515;516;517;520;522;524;526;527;529;530;531;532;540;545;546;549;550;552;553;556;557;558;559;560;564;566;568;569;570;573;574;577;580;582;584;585;586;587;588;589;592;593;596;599;600;603;604;606;607;608;609;610;611;613;615;616;617;619;620;624;625;627;629;630;631;635;636;637;642;645;653;655;661;665;666;667;668;669;671;674;675;676;678;679;680;682;683;684;686;689;690;692;694;697;698;700;701;703;704;705;707;708;711;713;714;716;717;719;720;721;724;725;727;728;729;731;732;733;735;736;737;738;739;740;743;747;749;755;756;757;760;761;763;764;765;766;768;770;771;775;776;778;779;780;781;782;785;787;793;798;799;800;802;803;804;805;808;815;816;817;818;819;820;826;828;829;833;836;837;838;840;841;846;851;853;859;860;864;865;867;868;871;873;875;877;879;880;882;884;886;887;889;893;895;896;897;900;904;905;907;908;911;915;918;919;921;922;924;927;928;932;933;942;943;944;945;946;947;948;949;950;951;952;955;958;959;965;966;967;968;975;976;977;978;982;983;989;991;992;995;1000
322;2;5;9;12;13;15;16;20;23;24;25;26;27;30;31;33;35;37;38;39;40;41;44;51;55;57;61;62;66;67;69;72;73;74;75;78;81;84;86;87;89;91;99;100;103;105;110;111;112;113;114;116;117;118;119;120;121;123;124;126;127;129;130;131;134;135;136;137;138;140;141;144;145;149;151;152;155;156;158;161;163;164;166;168;170;171;172;174;175;177;178;180;181;182;183;184;185;186;189;192;193;195;200;201;202;206;207;208;209;212;213;214;218;219;222;223;224;225;226;227;233;234;235;236;238;239;242;243;244;245;247;248;249;252;255;257;258;259;260;265;269;271;272;273;274;276;279;281;288;291;292;295;297;298;300;302;303;304;305;307;308;309;312;315;318;319;320;323;328;329;330;334;338;342;343;346;347;348;349;352;355;359;362;363;364;367;369;370;371;372;373;374;377;380;381;382;386;387;388;390;391;393;397;398;399;403;405;406;407;410;411;413;414;417;422;423;425;426;428;430;431;432;433;434;440;441;442;443;445;446;447;448;449;450;452;453;454;455;457;458;460;461;462;463;465;471;474;475;476;478;479;482;483;485;487;489;490;494;495;496;498;499;500;504;505;506;509;510;512;513;514;515;517;519;523;525;527;535;538;541;542;544;546;551;552;555;556;558;560;561;563;564;565;566;567;568;572;577;578;580;582;585;587;588;592;593;595;596;598;602;603;604;605;607;611;619;620;623;627;628;629;631;635;637;639;643;644;648;651;652;653;655;657;658;663;664;666;668;671;680;681;683;689;690;691;694;695;696;697;699;700;701;702;703;707;709;711;712;713;714;716;717;721;724;725;726;729;733;740;743;748;755;758;761;762;763;764;767;769;772;776;779;780;781;783;787;788;790;794;795;799;800;801;803;804;806;808;809;812;813;815;816;817;819;821;822;825;826;827;828;829;830;831;833;836;837;839;840;841;842;849;851;858;859;860;861;862;866;869;871;872;874;875;877;878;885;887;888;890;891;893;896;897;898;900;901;904;906;908;909;911;912;915;919;922;923;924;925;926;927;932;933;934;936;937;938;939;940;942;944;946;948;949;952;953;956;957;958;963;965;971;972;976;977;979;982;983;985;987;988;991;997;998;999;1000
323;2;5;9;11;14;15;19;20;27;29;31;32;33;34;36;40;41;44;45;49;56;61;62;64;65;66;69;75;78;79;84;87;97;98;99;101;104;111;113;114;118;119;122;123;124;128;133;135;137;138;141;143;148;149;153;155;158;162;163;164;167;168;171;172;180;185;187;188;189;193;196;199;200;201;202;203;205;208;209;212;216;221;222;223;225;226;227;228;230;231;233;234;235;237;239;240;241;242;244;245;246;248;251;253;254;255;256;259;261;262;264;265;268;269;270;271;272;274;275;276;277;281;283;286;287;290;291;293;294;295;296;298;299;300;302;303;305;306;307;309;311;312;313;319;321;322;325;326;327;330;331;334;335;337;339;340;342;345;347;348;350;352;357;358;360;362;364;366;367;369;371;372;373;374;375;377;380;382;384;386;389;390;394;395;398;399;400;401;402;404;405;408;409;410;411;412;413;416;417;420;425;430;431;432;433;436;437;438;439;440;442;443;444;446;447;450;452;453;454;458;459;462;464;465;467;469;471;474;475;476;480;485;489;492;493;494;497;501;503;504;505;506;507;508;513;514;518;519;520;521;522;524;528;531;536;538;539;540;542;543;547;548;549;551;552;554;555;559;560;562;564;565;567;569;570;571;575;576;577;578;579;583;586;587;588;589;593;596;598;603;604;607;608;609;610;612;615;618;620;621;622;623;624;629;630;636;637;640;642;645;647;648;652;653;654;659;661;662;663;666;667;669;670;673;674;678;679;681;684;685;686;687;689;690;691;693;694;697;698;699;703;705;706;707;710;711;712;714;720;721;723;725;727;728;732;733;734;735;736;737;738;739;742;743;744;750;755;757;760;761;762;765;766;769;770;771;774;775;777;779;780;784;785;787;788;791;795;797;798;799;800;801;805;806;807;812;813;815;817;818;820;824;826;827;829;830;831;833;834;835;836;841;843;844;845;846;847;853;854;855;857;858;860;864;865;867;871;872;873;874;878;880;881;882;887;890;891;893;894;896;902;904;905;906;908;909;911;912;917;919;921;923;924;928;930;931;932;935;936;939;942;944;945;947;949;952;953;954;956;959;960;961;962;964;965;967;968;969;971;976;983;986;988;989;990;991;993;994;995;998
324;3;12;14;15;23;27;28;33;34;35;40;41;42;44;45;49;53;54;55;58;59;60;61;62;64;66;67;68;70;71;73;75;76;78;81;85;86;89;90;91;96;102;103;106;108;109;110;112;113;115;116;117;118;119;120;123;124;130;131;132;133;136;140;143;145;150;152;153;155;158;159;160;161;164;165;166;167;168;169;170;171;174;175;177;180;184;185;189;190;192;193;194;198;199;200;203;204;205;208;211;212;213;214;215;218;219;220;221;223;224;228;229;231;232;234;235;236;237;238;239;243;244;245;246;248;249;258;260;263;270;273;274;276;277;278;280;282;286;288;291;294;295;299;304;306;307;309;311;313;317;318;319;326;329;330;332;333;334;337;340;342;343;344;346;347;349;351;352;353;354;356;357;360;361;362;370;372;373;374;375;377;380;382;386;388;392;393;394;396;397;405;406;407;409;410;416;419;421;422;423;425;426;428;429;432;433;434;436;438;440;443;444;445;450;452;454;456;457;458;461;462;466;467;469;470;471;472;475;476;477;489;490;491;493;494;498;500;501;506;512;518;519;520;522;524;526;527;529;531;533;535;539;542;544;545;547;548;550;551;552;553;558;559;561;563;565;567;568;569;571;574;578;579;580;581;583;584;587;590;591;594;598;599;600;602;605;606;607;608;610;611;612;613;616;617;618;622;623;626;627;628;631;632;633;635;637;638;639;643;644;645;646;647;648;649;650;651;652;657;663;664;665;669;670;673;674;676;677;682;683;684;686;687;690;691;695;696;699;700;701;702;704;706;707;710;712;713;715;719;721;723;724;726;727;729;733;738;741;742;743;745;746;747;750;752;753;754;755;759;762;763;765;768;769;770;772;773;775;777;778;780;781;782;784;785;786;788;790;791;792;793;794;800;801;802;803;805;808;812;814;817;818;819;825;830;832;834;836;838;840;842;843;845;850;854;855;857;859;860;864;865;868;869;874;876;877;880;882;884;885;886;887;889;890;891;892;893;895;897;898;899;900;902;903;904;905;906;908;909;910;912;913;915;917;919;923;926;927;928;933;934;935;938;940;941;944;948;949;950;951;952;953;957;958;960;962;966;968;969;971;974;976;981;982;985;988;992;997
325;2;3;4;5;7;8;9;11;13;14;15;17;18;20;22;24;27;28;31;32;33;34;37;38;39;40;45;46;48;49;51;52;53;54;55;57;58;60;63;66;67;69;70;73;75;76;77;78;79;80;83;86;87;92;95;97;100;101;108;109;110;111;112;113;114;115;116;119;121;122;126;127;129;130;132;134;135;136;139;140;143;147;149;154;155;158;162;164;166;169;170;171;172;173;174;177;181;185;186;187;188;189;193;196;198;199;201;203;204;207;208;215;216;218;219;229;234;236;237;243;247;248;251;252;254;257;260;262;264;265;266;267;271;272;274;275;276;277;278;279;280;281;285;286;288;295;296;299;300;307;309;310;312;313;317;318;323;328;329;332;333;335;336;337;338;339;341;347;351;352;355;357;359;360;361;362;363;364;365;367;370;373;375;376;377;381;382;383;387;389;390;391;392;394;397;398;399;401;402;404;406;408;409;414;415;416;426;427;428;430;431;432;433;435;436;438;439;441;442;443;444;449;451;453;455;456;457;464;465;466;468;470;471;474;476;477;478;479;480;482;484;485;486;488;494;495;498;499;502;504;506;507;508;510;518;520;522;525;526;529;531;533;534;538;540;541;542;545;547;548;550;553;557;560;561;563;564;571;573;575;576;577;580;581;583;587;589;590;591;592;593;594;595;597;600;603;606;607;608;610;613;615;617;618;619;620;621;628;630;631;635;636;638;640;641;643;644;645;646;649;650;651;659;660;661;664;666;667;668;669;671;673;674;675;677;678;679;681;685;686;691;692;695;696;700;702;705;706;708;709;710;711;712;716;717;719;720;723;724;725;727;730;733;735;737;738;739;743;744;750;751;752;754;756;759;761;762;765;766;767;769;771;774;775;776;777;779;780;782;784;785;786;788;791;793;794;796;801;803;804;805;806;807;808;809;813;814;818;820;824;826;829;830;831;835;836;837;840;841;843;844;845;846;847;852;853;854;860;862;863;864;866;867;868;871;872;873;874;877;878;880;881;883;884;885;888;890;893;894;896;898;899;900;904;908;909;911;913;915;916;919;920;922;923;925;926;927;936;939;943;944;947;949;952;954;955;959;961;963;964;965;966;967;968;971;974;975;977;978;979;981;982;983;987;989;991;992;994;997;999;1000
326;3;4;6;9;11;13;21;24;26;32;33;34;36;39;41;42;46;47;49;50;53;54;57;59;62;63;65;66;67;68;70;71;75;76;79;86;87;91;92;93;94;96;100;101;102;106;107;110;113;114;120;125;127;128;131;132;134;135;136;137;138;139;140;142;143;144;150;152;154;157;158;170;172;178;179;181;185;186;187;188;190;191;192;194;196;197;198;201;203;209;210;211;212;214;215;217;218;220;222;223;225;226;229;231;233;235;247;248;251;252;254;255;256;259;260;261;263;269;272;275;277;280;281;283;286;292;293;297;298;299;300;301;302;303;305;311;312;313;314;315;319;323;324;330;335;338;339;340;341;342;344;345;347;350;351;354;355;357;361;362;365;370;372;376;378;379;380;384;385;386;390;391;392;394;395;399;400;401;403;404;405;406;407;411;412;416;417;420;422;424;426;428;431;432;433;434;435;437;439;442;443;444;447;449;451;452;453;454;455;457;464;467;469;470;471;472;473;474;475;479;481;483;485;486;488;489;491;493;494;499;501;511;513;515;516;518;519;520;521;524;525;527;528;529;530;531;532;534;536;537;538;542;543;545;546;547;549;551;552;554;555;556;558;560;561;564;565;568;571;572;573;574;575;576;577;578;579;587;588;589;590;593;594;595;596;597;599;602;605;606;608;612;613;618;619;621;624;625;626;628;629;630;633;635;636;639;640;641;643;644;645;649;650;653;656;657;658;659;661;662;667;669;671;673;674;676;680;681;682;684;685;686;687;688;689;690;692;696;698;699;700;703;707;708;709;710;715;719;720;723;727;731;736;741;742;743;745;746;748;749;752;755;760;766;767;769;771;772;779;781;782;783;784;785;786;787;789;794;798;800;801;803;804;805;808;809;810;811;813;814;816;817;818;820;821;823;824;829;831;832;842;844;845;848;850;851;852;856;861;863;866;869;870;871;874;876;879;881;882;883;885;886;888;890;891;892;893;894;897;898;900;901;902;903;905;907;909;911;912;913;917;919;923;924;927;928;930;933;935;936;937;939;940;941;943;945;946;947;948;949;952;955;957;963;967;969;971;977;979;980;981;982;984;989;992;994;995;996;997;998;1000
327;1;2;6;7;8;10;12;16;18;20;22;23;24;27;28;32;33;36;38;40;41;42;44;45;46;47;49;52;56;57;58;59;60;61;62;64;67;68;70;71;74;76;78;79;80;82;83;86;87;88;90;94;95;97;99;101;104;105;106;107;108;109;113;116;121;124;127;129;130;131;133;134;136;137;139;140;142;144;149;150;151;152;153;157;159;162;163;164;165;167;170;171;172;173;175;176;179;181;185;187;189;190;191;192;193;194;195;196;198;202;207;208;209;210;212;213;214;218;220;227;230;236;237;238;239;241;242;244;246;247;250;251;252;253;255;257;259;261;263;264;265;266;274;275;278;279;280;283;284;285;291;293;294;295;296;298;299;303;304;307;308;310;312;315;316;317;321;323;329;331;334;335;339;340;341;342;344;348;350;353;355;357;359;362;363;365;369;373;374;375;377;378;384;386;389;391;393;395;396;397;398;399;404;405;408;409;410;411;412;413;415;421;429;430;432;436;437;438;439;440;445;447;448;450;451;454;455;459;460;461;462;464;467;470;471;475;477;478;481;483;486;487;488;490;491;495;496;498;499;501;503;504;507;508;510;512;513;514;517;519;524;528;530;532;535;537;538;540;541;543;544;546;552;553;554;555;556;560;561;564;565;567;568;569;570;572;578;579;580;582;584;586;587;589;595;598;599;601;602;604;608;610;611;612;613;616;618;619;620;621;627;629;631;633;634;635;637;639;642;644;648;649;652;653;655;657;659;662;664;667;668;678;679;680;681;682;685;687;689;693;695;696;700;701;705;706;708;709;711;713;714;715;716;717;719;721;724;726;727;729;730;731;733;734;738;741;745;746;747;748;749;750;754;756;762;766;767;768;769;770;771;772;773;775;776;777;778;779;780;782;783;785;788;789;791;796;797;799;800;802;803;804;805;806;808;809;811;812;813;814;816;818;822;828;830;831;832;833;834;836;837;840;845;851;852;853;856;860;861;863;864;865;869;870;872;874;877;878;881;882;883;886;888;889;890;891;893;895;898;900;904;905;906;907;908;909;910;912;914;916;920;923;926;927;930;931;932;934;935;936;937;939;941;944;946;948;949;950;951;952;953;954;956;962;964;965;967;968;971;975;979;982;984;985;992;993;994;995;997
328;3;5;10;11;12;13;15;20;22;24;25;27;29;30;32;35;36;39;40;41;42;45;46;47;49;50;52;53;54;55;56;58;59;61;64;65;68;69;70;77;79;82;83;84;85;92;97;99;100;102;103;104;106;111;113;114;118;124;126;128;129;131;132;133;135;136;137;138;139;145;147;149;152;153;154;155;156;158;164;166;167;168;170;171;175;178;180;181;184;187;189;192;194;196;197;198;200;202;203;205;208;209;212;216;217;218;219;222;223;224;225;227;230;231;233;238;241;242;244;246;248;254;256;258;260;263;265;268;269;270;271;272;273;275;276;277;278;280;281;282;283;284;290;293;295;296;297;298;302;305;306;308;309;310;313;314;316;317;318;320;322;325;329;331;335;337;342;343;344;345;346;347;349;350;351;354;355;356;357;358;366;370;375;379;383;384;389;392;393;398;401;402;403;406;408;409;412;413;423;424;427;428;432;435;437;441;443;444;445;448;449;450;451;453;455;459;461;463;467;468;473;479;481;483;486;487;491;492;494;495;498;499;503;504;505;506;507;509;514;515;517;518;519;520;522;524;526;527;528;533;535;536;537;540;541;542;543;546;548;549;551;553;554;556;558;561;562;563;564;566;570;572;576;578;581;582;584;585;587;588;589;593;596;598;599;600;602;603;604;606;607;608;610;611;613;616;618;620;621;624;627;629;631;635;637;643;645;647;648;649;652;653;654;655;656;657;659;665;668;675;677;679;681;683;685;686;687;690;691;692;693;694;696;698;699;700;704;707;708;711;714;716;721;725;733;736;737;738;740;741;745;748;750;751;754;755;756;758;764;765;768;769;770;774;776;778;781;782;784;785;786;796;798;799;800;806;808;809;810;811;814;815;816;818;820;822;824;825;826;827;830;832;834;844;846;852;860;861;862;864;866;870;873;876;877;878;882;883;884;886;888;889;890;892;893;894;896;899;900;901;905;907;908;909;910;911;914;915;917;918;922;923;924;926;928;929;930;932;933;934;935;937;939;941;942;944;946;948;950;952;954;957;959;960;961;962;964;966;969;970;971;972;974;976;977;978;982;984;985;991;994;996;997
329;3;5;6;7;8;14;16;17;19;23;24;25;26;28;29;31;34;40;42;43;44;45;47;48;52;54;57;58;59;61;64;65;66;68;71;74;76;78;79;80;81;82;83;86;89;91;94;95;96;98;102;104;108;110;111;112;114;117;124;125;127;129;130;135;137;142;145;146;147;150;151;152;153;154;155;156;157;160;162;163;164;167;168;171;172;175;176;177;178;179;182;184;185;186;188;190;193;194;195;196;197;201;202;203;206;209;213;214;215;216;218;221;222;224;225;227;229;233;235;238;243;244;245;246;248;251;254;255;256;257;258;262;266;267;269;271;276;277;278;279;280;281;282;286;287;289;292;294;295;298;299;300;303;304;307;308;309;310;311;312;315;316;317;318;320;322;324;325;327;328;330;331;334;335;336;337;339;343;345;347;348;349;351;352;354;355;357;361;362;364;365;366;367;370;371;372;375;376;377;379;382;384;385;386;387;388;391;394;396;397;398;401;403;404;405;406;408;409;410;412;413;414;417;422;425;427;429;430;431;432;433;436;438;440;441;442;444;449;451;452;454;455;458;460;463;464;466;468;469;470;478;482;485;488;490;491;492;493;496;497;499;501;503;504;505;509;510;512;513;514;515;517;519;521;522;523;525;528;531;535;536;538;539;542;543;544;545;546;547;548;549;550;552;556;557;563;564;565;566;567;575;579;580;581;582;585;586;587;589;591;594;596;597;600;601;602;605;606;607;608;610;611;614;621;623;624;626;631;633;635;636;637;639;640;643;644;645;649;651;654;655;657;658;659;661;662;665;666;667;668;670;671;673;677;678;682;683;684;685;686;687;688;690;691;693;694;696;698;699;704;708;712;714;716;719;721;722;724;726;727;729;730;731;735;736;739;740;742;745;747;749;752;755;760;761;763;765;767;769;772;774;776;778;779;780;781;782;786;787;788;789;790;791;792;793;796;797;799;800;801;802;807;808;810;812;814;815;816;818;819;821;823;824;830;834;835;837;838;839;840;841;843;844;845;847;848;849;850;853;854;857;859;860;863;867;868;869;870;871;872;873;874;875;876;879;882;884;885;888;889;890;892;893;894;895;899;900;904;905;906;909;910;914;915;916;920;922;923;924;926;927;932;934;935;936;937;938;939;941;943;946;947;950;952;956;957;959;960;968;969;972;974;975;976;977;979;980;981;982;987;988;989;992;994;995;997;998;999;1000
330;8;12;13;14;15;16;17;19;21;22;23;25;26;27;29;34;35;38;39;42;43;45;46;52;54;58;59;60;65;67;70;72;75;76;77;79;80;81;82;86;87;92;94;97;99;102;105;106;108;109;111;112;114;116;119;120;121;130;131;134;138;140;143;144;145;146;151;152;153;155;157;159;162;163;164;166;168;169;171;172;173;175;176;178;185;186;187;189;190;192;194;196;199;201;204;205;207;208;211;213;215;219;222;223;227;228;229;230;235;236;237;238;240;244;250;254;258;259;260;261;266;269;270;275;276;277;278;279;281;285;290;291;294;302;303;304;310;313;314;317;318;319;320;322;323;324;326;329;331;333;334;336;338;339;340;341;343;344;348;352;354;355;359;360;361;362;367;368;369;370;371;373;374;378;379;380;381;382;383;385;387;388;389;390;391;398;400;401;402;407;409;413;414;416;417;420;421;423;424;425;427;429;431;432;433;435;437;439;441;444;445;447;449;450;451;457;459;460;462;463;466;470;471;474;476;477;480;481;483;485;486;487;488;491;492;494;495;496;497;500;501;503;504;505;506;507;510;511;513;514;515;516;522;523;524;525;526;527;531;533;536;538;539;540;541;542;544;545;548;551;552;553;554;555;556;558;561;562;563;564;565;566;569;572;575;577;578;579;585;587;590;591;592;593;594;600;603;605;607;610;611;612;614;618;619;620;622;623;624;629;632;633;636;637;638;642;644;646;650;651;652;653;654;659;660;661;664;667;668;669;670;672;673;677;678;679;680;681;684;686;687;688;692;696;704;707;708;710;711;715;717;718;721;723;724;725;726;728;730;731;732;733;734;738;739;742;743;744;745;747;750;754;755;756;757;759;760;761;762;765;766;768;772;773;774;778;779;780;786;787;790;792;793;794;795;796;797;799;802;805;806;808;809;810;811;812;813;814;816;818;820;821;822;824;825;827;828;830;831;833;838;842;843;844;851;852;853;854;855;856;857;860;861;864;866;871;873;874;878;881;882;887;888;892;893;894;896;900;901;902;904;908;909;911;912;914;915;916;917;918;920;921;923;924;926;927;928;929;931;932;933;936;940;944;945;946;948;950;953;955;956;958;959;964;965;967;969;970;973;974;975;976;977;980;982;983;984;985;987;988;989;991;993;996;999;1000
331;1;3;5;6;10;13;14;15;19;20;23;25;26;33;35;36;37;40;41;43;44;45;47;48;49;51;52;54;56;57;58;60;64;65;67;68;69;70;71;72;74;75;76;79;81;82;85;86;88;94;95;97;102;104;105;107;109;110;111;114;117;119;121;122;124;125;126;127;131;133;137;138;140;141;142;144;145;146;148;149;151;155;156;157;163;164;167;170;171;172;173;174;177;181;182;183;185;186;187;189;190;191;192;193;194;201;202;203;205;209;210;215;216;217;218;220;222;224;225;226;227;230;233;236;239;240;242;246;247;248;249;250;251;252;253;257;259;261;265;266;268;269;270;271;272;275;277;280;281;285;287;292;294;297;298;299;302;304;305;306;307;309;312;313;316;317;319;321;323;327;328;329;330;333;334;336;338;339;340;342;343;345;346;348;349;351;354;358;359;360;361;365;366;368;372;374;375;376;378;380;382;383;385;386;388;390;391;393;394;396;400;403;404;405;406;411;412;414;415;416;418;421;424;426;427;429;430;432;433;434;436;438;439;440;442;444;450;453;454;455;456;457;458;461;465;469;472;476;478;479;481;482;484;486;488;489;491;495;496;498;499;500;502;503;504;506;507;509;510;511;513;515;517;519;521;523;526;527;528;529;531;532;534;538;540;541;546;547;548;549;551;552;554;556;563;567;569;570;572;577;578;580;583;589;590;591;597;598;599;604;605;606;607;609;611;612;613;614;617;618;619;620;621;622;623;628;629;630;631;633;634;636;637;641;646;647;649;653;655;657;658;661;663;664;666;668;669;672;673;674;676;677;678;679;680;682;684;685;687;688;689;691;692;693;696;698;700;705;706;707;708;709;711;713;717;719;723;724;730;731;735;736;738;741;742;748;749;750;751;752;754;756;769;771;772;778;779;781;782;783;787;789;791;792;795;798;801;803;804;805;806;810;811;816;817;818;820;821;823;825;826;827;828;831;832;834;835;839;840;843;844;846;847;853;855;857;861;862;863;864;866;868;871;873;874;878;880;881;883;884;885;886;889;892;893;894;896;899;901;903;904;911;913;915;916;917;918;923;925;927;931;934;935;937;938;939;941;944;946;947;951;952;953;954;955;956;959;962;964;967;970;971;973;974;978;986;988;990;991;993;994;996;997;999;1000
332;1;5;6;7;8;14;17;19;20;22;25;26;28;32;33;36;38;46;48;52;53;54;55;58;59;61;62;64;65;67;69;70;72;75;76;77;78;79;80;83;84;85;87;88;89;90;91;92;94;95;99;103;104;105;109;112;115;117;119;121;126;127;131;136;137;138;139;141;143;146;147;148;149;150;153;154;156;157;159;160;161;168;169;174;176;180;183;184;185;188;189;191;193;195;197;199;200;204;206;209;213;214;215;216;218;219;220;223;225;227;228;232;233;236;237;238;242;247;250;251;252;254;256;257;258;259;262;264;266;268;269;270;271;273;278;287;288;290;291;304;305;306;311;312;313;314;315;317;321;324;325;335;336;337;340;344;345;346;347;348;349;350;354;357;358;359;361;363;364;366;370;375;376;377;381;383;384;390;392;393;395;396;399;401;402;404;405;406;408;409;411;414;415;420;422;425;428;429;434;436;437;438;439;440;444;445;446;447;448;451;452;454;455;457;458;459;460;461;463;465;467;471;473;475;476;477;478;479;480;482;483;488;491;495;496;499;502;504;505;506;509;510;512;513;514;515;516;517;518;519;521;529;530;531;532;533;534;537;539;540;541;542;546;547;548;550;551;552;553;554;557;561;562;563;564;565;566;568;570;573;575;576;577;578;580;581;584;586;587;592;593;595;596;598;605;606;607;610;611;612;615;616;617;619;620;622;626;627;629;631;634;635;637;638;642;643;644;645;646;647;651;653;654;655;657;665;666;669;671;676;677;680;682;683;685;689;691;696;697;698;699;701;703;708;709;710;713;715;718;719;722;725;727;728;730;734;736;737;739;740;742;743;744;745;749;751;752;757;759;761;762;766;768;769;771;772;773;774;775;778;779;782;783;784;785;786;787;790;792;793;801;802;803;804;807;812;813;814;816;817;820;822;823;825;829;833;834;836;838;839;840;841;843;846;847;848;849;855;857;859;863;868;870;871;872;873;874;876;881;886;893;894;895;896;897;898;899;900;901;902;903;905;909;911;912;913;914;915;918;921;923;928;930;931;933;936;938;939;940;942;944;945;948;950;955;960;964;967;969;971;972;973;974;975;977;978;979;980;981;984;985;991;993;995;996;998;999
333;3;5;7;8;12;14;16;18;19;20;22;23;24;26;31;35;36;37;40;46;47;52;53;59;60;61;62;63;64;65;68;70;72;75;76;78;81;83;85;93;95;98;102;103;104;106;107;109;112;113;115;117;118;121;131;132;133;135;136;137;139;140;141;142;146;148;152;155;156;157;161;167;169;176;177;179;181;183;184;185;187;189;190;192;198;199;201;202;203;204;209;210;212;213;216;217;218;219;220;221;222;224;227;228;229;230;231;233;235;236;244;247;248;249;251;255;256;258;261;262;264;265;267;268;270;271;272;274;276;277;279;282;286;287;288;289;291;292;294;296;300;301;302;303;304;309;310;313;314;318;320;321;324;325;330;331;334;336;338;341;344;345;347;349;352;355;356;357;360;361;363;366;370;371;372;375;380;382;384;385;386;387;389;390;392;393;395;398;399;400;401;404;405;406;407;408;410;411;414;415;418;419;420;421;430;431;433;435;436;437;439;442;444;445;447;448;449;450;451;452;455;456;462;464;467;468;469;470;471;472;473;475;480;482;483;487;488;489;490;491;492;495;500;501;502;504;505;506;508;509;510;512;513;515;516;518;519;520;521;523;525;527;528;535;536;539;541;543;546;548;549;552;553;554;559;561;562;563;564;566;569;570;574;575;577;578;579;580;582;583;589;594;595;596;597;601;603;604;605;607;610;615;618;619;624;625;626;627;629;631;632;637;638;641;643;646;648;651;655;656;657;659;661;662;663;664;667;668;670;672;673;674;675;680;684;687;688;689;690;691;692;695;696;697;700;701;702;703;705;707;708;710;711;712;713;717;718;720;723;725;729;731;732;733;734;735;736;737;738;745;747;748;750;751;754;756;759;761;763;764;771;773;774;779;781;784;788;791;793;798;801;802;804;805;806;807;809;811;814;815;816;817;818;821;822;823;824;825;827;832;833;834;836;837;840;841;842;843;847;855;856;858;859;862;863;864;866;867;869;870;871;872;874;876;877;878;879;880;881;883;888;889;891;893;894;896;899;900;902;907;908;909;910;911;913;918;919;920;921;922;923;924;925;926;928;929;932;933;939;941;944;945;947;948;949;950;953;954;956;959;960;961;965;966;967;969;970;971;972;974;977;979;981;982;983;984;985;986;987;988;993;996;998;999;1000
334;1;2;4;7;8;9;14;15;16;17;19;20;22;25;26;30;32;33;37;40;41;42;44;45;46;47;52;53;54;55;56;57;59;62;63;65;66;67;68;69;70;73;74;78;79;83;90;91;92;93;96;99;105;106;107;108;109;110;116;117;119;120;121;122;123;124;125;126;127;128;129;131;132;134;136;137;138;139;141;142;144;145;147;148;149;152;154;157;158;160;161;166;168;173;177;178;181;182;184;185;186;188;189;190;191;193;195;197;199;202;203;206;208;209;211;212;215;218;221;222;225;231;232;235;236;237;239;240;245;247;248;250;252;255;256;257;258;259;261;263;264;265;271;272;273;277;281;282;283;284;287;291;297;300;304;305;307;310;311;312;313;316;317;321;322;323;324;327;329;330;331;333;337;338;340;341;342;343;344;347;348;351;357;358;359;364;365;366;368;369;370;371;372;373;374;378;379;381;384;385;386;387;388;389;392;394;395;398;399;400;402;404;407;408;412;414;415;418;420;421;424;425;426;430;434;435;440;442;448;449;450;451;452;453;454;456;457;459;465;468;470;471;473;474;476;482;484;487;488;490;493;494;495;496;498;503;504;505;506;507;512;515;518;519;520;525;526;527;529;530;534;535;538;540;541;544;545;548;549;550;553;555;556;557;558;559;560;561;562;563;564;566;568;570;571;574;575;576;577;579;580;583;584;585;586;588;589;592;593;595;599;602;604;606;607;608;609;611;617;618;619;620;621;622;623;626;627;629;630;637;640;641;642;644;645;646;648;650;651;652;655;657;661;662;663;671;672;673;680;683;684;685;686;688;692;693;694;695;697;698;699;700;701;702;703;705;707;711;713;714;715;718;722;723;724;726;727;729;730;731;732;733;735;736;737;742;743;745;754;756;760;761;762;763;766;767;768;770;771;772;773;776;781;782;783;784;785;789;791;792;794;795;796;797;798;800;803;805;807;808;810;811;813;818;819;821;823;826;827;828;829;830;834;836;837;838;844;847;850;851;855;856;857;860;861;862;864;865;867;868;875;878;880;886;889;890;891;892;893;894;896;898;900;902;905;907;909;912;917;918;919;922;925;926;929;930;931;932;934;935;936;939;940;943;944;945;949;951;953;955;956;957;960;962;963;966;967;968;970;971;972;977;979;980;981;982;984;985;989;990;991;994;995;996;997;998;1000
335;2;6;7;9;10;11;12;13;14;16;18;19;21;22;26;28;29;32;34;36;37;40;44;46;50;51;53;55;57;58;60;62;66;69;71;72;73;76;79;81;82;83;84;85;89;90;92;93;95;97;101;104;109;112;113;114;115;116;117;118;119;120;122;124;125;126;128;129;132;133;134;136;138;141;142;143;144;146;147;148;149;153;158;160;161;162;163;164;166;170;175;177;179;181;184;185;188;193;194;196;198;199;201;202;204;205;207;209;210;211;212;213;214;215;216;218;220;221;223;227;229;230;232;233;234;235;236;238;239;241;243;244;245;253;254;255;257;262;263;264;265;266;267;269;272;273;274;277;279;280;284;289;298;299;300;301;306;311;317;318;321;323;325;326;327;328;329;332;336;337;338;340;345;347;349;352;353;354;355;357;359;360;361;362;363;364;365;367;368;371;372;373;376;380;382;383;385;386;388;389;391;392;394;395;396;398;399;400;401;405;407;411;412;413;414;416;419;424;425;427;429;430;433;434;436;437;438;439;440;441;444;446;447;448;449;452;454;465;467;469;473;474;475;477;482;484;485;488;490;492;493;498;500;501;503;504;506;507;509;513;515;516;517;518;519;521;522;523;525;526;528;531;532;534;538;540;543;546;547;548;549;550;552;553;554;561;566;568;570;575;576;578;579;581;587;590;592;593;594;597;599;601;602;603;605;606;607;609;610;612;613;616;617;618;619;620;622;623;625;626;630;631;632;633;634;638;640;641;642;643;644;648;650;652;653;657;660;665;667;670;672;674;678;680;682;683;687;688;693;697;702;704;705;706;707;708;709;710;712;713;714;715;721;722;723;728;731;732;734;735;736;738;739;741;744;747;750;753;754;755;756;761;762;763;764;767;768;769;770;771;773;775;776;777;783;784;786;788;790;791;792;793;794;795;796;797;799;800;801;803;805;807;808;809;810;811;816;817;820;824;826;827;828;830;831;834;835;836;839;840;842;843;844;847;848;849;850;852;854;855;858;859;860;863;865;866;867;868;870;871;872;873;874;876;877;879;880;882;883;884;885;887;889;890;891;892;894;895;896;898;900;906;910;913;914;915;916;917;920;923;924;925;927;928;930;934;936;939;942;943;944;945;946;947;948;949;952;953;958;959;960;963;966;967;968;969;971;974;976;981;984;986;989;994;996;998;999;1000
336;1;2;3;6;7;8;10;12;13;15;18;20;22;23;26;29;31;32;34;37;39;40;42;43;51;52;54;57;58;59;60;62;64;66;69;71;74;82;83;84;87;89;94;96;98;100;101;102;103;104;107;109;113;116;117;120;121;124;126;128;130;131;132;133;137;141;142;143;144;145;147;148;151;154;156;158;159;162;165;169;174;175;176;177;179;180;184;185;187;191;193;194;195;197;206;209;210;215;217;222;223;224;225;226;229;230;231;232;234;236;238;239;241;244;246;247;250;251;253;260;261;263;265;266;267;268;273;275;277;280;281;284;286;288;290;291;292;295;298;301;302;304;307;311;312;313;316;318;319;325;329;330;331;332;333;335;339;340;341;342;343;346;349;350;352;354;356;357;359;360;361;363;364;365;366;368;369;371;374;376;377;378;380;381;382;384;385;386;387;389;393;401;402;405;408;410;411;412;413;418;419;422;423;424;429;432;433;434;435;436;437;443;445;446;447;449;451;452;453;454;459;463;467;470;472;473;475;477;478;480;481;482;485;486;489;490;492;493;494;495;496;497;499;501;504;505;506;508;511;512;513;514;518;521;522;524;525;526;529;531;533;534;536;542;544;546;547;553;554;556;558;559;562;568;569;575;576;577;580;584;588;589;590;592;594;595;597;598;599;602;604;605;607;611;615;617;618;620;621;624;625;627;630;631;634;635;636;641;643;644;645;647;650;651;653;655;657;658;659;664;665;666;670;671;672;673;674;675;680;682;683;684;685;686;689;690;693;694;695;696;698;699;701;702;705;706;708;710;712;713;714;715;716;718;719;721;722;731;735;736;738;742;743;745;746;747;750;755;756;758;759;762;763;764;766;771;772;773;774;775;776;778;786;789;791;793;796;799;802;804;807;809;810;811;812;815;816;819;820;822;825;830;831;832;834;836;837;838;841;842;845;846;849;850;852;853;854;855;856;857;858;862;863;864;865;867;869;871;872;875;876;878;879;881;883;885;887;892;894;897;898;899;900;902;903;904;905;907;908;909;910;911;913;915;917;920;921;931;935;939;940;941;943;947;949;952;953;954;958;959;960;961;963;966;968;969;971;972;974;978;980;981;982;984;985;986;990;991;992;993;998
337;4;5;6;9;12;13;14;15;16;18;24;25;29;30;32;35;36;38;40;41;42;46;47;48;52;53;62;63;67;68;70;74;81;82;83;84;85;86;88;89;90;91;95;98;100;103;106;108;109;113;114;115;121;122;124;127;128;130;132;134;135;139;140;141;142;145;148;149;150;151;152;154;157;158;159;161;162;165;166;167;170;173;174;175;176;180;182;183;184;187;192;193;194;195;198;200;202;203;205;207;210;213;214;216;218;220;221;223;224;230;231;240;243;245;246;249;252;254;255;256;257;261;263;264;265;266;267;269;271;275;277;278;279;283;284;285;286;287;292;294;296;298;300;301;302;303;306;308;309;310;311;313;315;316;317;319;320;323;324;325;328;329;332;334;335;338;343;344;351;354;355;357;360;362;363;365;366;369;370;371;372;373;374;375;377;379;380;381;384;385;388;390;391;392;395;398;402;403;405;406;409;411;412;413;416;419;422;423;428;429;432;433;437;440;441;442;444;447;448;450;451;454;456;458;460;461;462;464;468;472;475;476;479;483;484;486;490;493;495;496;497;499;501;503;506;512;513;514;515;519;521;522;523;524;526;527;531;533;536;538;539;541;542;543;544;546;547;548;549;550;551;552;553;555;556;558;559;561;562;565;567;568;569;570;571;572;575;576;579;582;583;584;587;589;591;592;594;596;599;600;602;604;605;607;609;611;613;618;619;620;621;623;626;628;629;630;631;637;639;640;641;643;646;653;654;658;661;662;663;665;667;668;669;670;671;672;673;675;676;678;684;691;692;693;695;696;697;698;700;702;703;705;707;708;709;710;711;712;713;714;715;716;718;724;726;728;729;731;734;735;738;739;740;744;745;746;749;751;752;754;755;756;760;762;765;771;772;773;775;776;777;780;781;782;786;787;788;793;794;796;798;800;804;806;807;810;811;812;813;814;816;818;819;821;822;823;826;827;829;835;837;840;843;844;845;847;848;849;850;853;854;857;858;860;865;866;867;869;871;872;873;874;877;878;879;880;881;882;883;884;885;886;887;889;893;895;900;903;904;905;907;910;913;916;917;921;925;926;927;930;933;934;935;938;939;947;949;951;952;953;957;960;961;962;963;966;970;971;972;974;976;977;978;980;981;984;987;988;989;990;991;993;995;998;999
338;1;3;4;5;6;8;10;11;15;16;17;18;19;21;22;23;24;26;27;28;30;38;39;43;46;48;49;52;55;56;57;59;61;62;66;67;71;73;75;76;80;81;82;83;84;85;87;91;92;93;94;95;97;98;99;102;104;107;108;111;113;114;115;117;118;119;120;121;122;123;124;129;131;138;142;144;145;146;147;149;154;155;157;158;159;162;164;165;166;169;172;174;175;178;180;181;182;183;185;187;188;189;190;191;192;194;196;197;199;200;202;204;205;210;211;212;214;217;219;224;225;226;229;230;231;235;236;242;243;244;246;248;250;256;257;258;259;260;261;263;264;265;267;271;273;274;276;278;281;285;286;287;288;289;290;293;297;298;299;300;301;302;305;307;309;310;311;313;314;318;319;321;322;325;326;330;331;333;334;335;337;339;341;342;344;347;348;351;355;357;358;359;360;361;362;363;367;368;369;370;371;372;373;375;376;377;378;380;381;382;385;390;391;392;393;396;399;400;401;405;408;410;411;414;415;416;417;418;420;422;426;429;432;436;437;438;446;449;451;452;453;454;455;458;460;463;464;467;469;470;471;474;478;484;485;488;490;491;494;495;496;499;500;503;506;508;509;511;513;514;517;518;519;521;522;523;526;527;528;529;530;531;532;537;538;540;543;545;546;548;550;551;554;555;556;557;561;562;563;564;566;567;570;571;573;574;576;581;582;583;584;585;589;590;591;592;596;598;600;601;603;605;606;608;611;617;618;619;620;621;622;625;627;628;630;631;633;634;635;637;638;639;648;649;650;652;654;658;660;662;668;670;673;675;676;677;679;680;681;682;689;690;691;694;697;698;701;704;706;707;709;710;711;713;714;716;717;720;725;730;734;737;740;743;744;745;747;748;751;766;769;770;772;776;779;781;782;784;785;786;788;790;792;793;794;797;798;800;803;805;806;808;815;817;818;819;820;821;823;824;826;827;831;832;834;835;837;840;841;844;845;849;850;851;853;856;857;859;860;862;863;865;868;871;872;874;876;878;880;881;882;884;885;886;887;889;890;891;894;895;896;899;901;904;905;911;914;915;922;924;927;930;933;935;936;938;939;941;942;943;944;945;949;950;953;955;956;957;958;959;960;963;964;965;967;969;970;971;974;978;979;980;982;983;986;987;988;989;992;993;994;998;1000
339;1;2;4;6;7;8;12;13;14;19;21;22;24;27;28;29;30;33;37;38;40;44;45;46;50;51;54;55;57;58;60;62;63;65;67;68;69;70;73;74;75;77;79;81;83;84;85;86;88;92;93;94;96;97;98;100;101;102;106;108;111;113;114;115;118;121;124;127;128;129;130;132;133;134;138;142;144;147;152;156;157;158;161;163;168;170;172;173;176;177;181;182;185;187;188;190;191;192;194;199;201;202;203;204;205;206;207;210;212;213;214;217;218;221;223;225;226;230;231;234;237;241;242;243;244;245;246;247;249;250;252;255;256;261;262;264;265;266;267;269;272;273;275;277;282;287;289;290;293;294;295;299;302;305;306;310;311;312;315;316;317;318;323;325;326;327;329;330;331;336;338;340;341;342;343;344;348;349;350;351;352;353;363;364;365;368;370;373;374;375;376;378;379;380;382;383;384;385;388;390;392;393;394;395;397;399;400;401;404;408;409;412;413;418;420;422;426;427;430;432;439;443;444;447;449;450;451;452;455;456;466;468;470;471;477;480;486;492;494;495;497;500;502;508;509;513;514;515;516;517;519;520;521;523;524;527;529;530;533;534;535;537;541;543;544;545;547;551;552;553;554;556;557;559;563;565;566;569;570;573;574;575;576;577;579;581;582;583;584;586;587;588;591;593;594;595;597;598;600;604;606;608;609;611;617;619;621;624;626;634;635;636;640;642;643;644;648;650;651;652;653;654;655;659;661;662;663;664;666;669;670;671;672;674;675;676;679;680;681;682;683;684;685;687;688;689;690;696;697;698;699;700;703;704;705;708;712;714;715;719;725;727;728;730;731;735;738;739;740;741;743;744;748;749;750;751;752;753;754;755;756;757;758;759;760;762;765;768;769;770;771;774;775;776;778;781;784;786;789;790;792;793;795;796;797;798;799;801;803;804;805;807;812;813;816;817;821;825;826;828;829;831;832;833;837;839;840;841;842;843;845;846;847;848;849;853;855;857;860;866;868;870;872;873;874;876;877;883;884;886;890;891;893;894;898;899;900;901;905;906;907;908;910;913;915;917;920;924;926;928;929;935;936;938;939;940;941;942;943;947;948;949;951;952;953;956;960;969;972;973;975;976;981;982;983;984;986;989;991;993;994;996;1000
340;1;4;5;9;10;12;17;18;20;24;25;26;28;29;30;32;34;35;36;38;40;42;43;45;46;48;49;51;52;54;55;60;61;62;63;67;69;71;73;75;77;79;83;85;87;88;91;93;96;97;98;99;101;103;105;107;114;117;120;121;122;124;125;127;131;136;138;139;140;142;143;148;149;153;154;156;157;159;160;161;162;163;164;167;168;170;171;172;173;174;176;177;180;181;183;185;186;187;189;192;193;195;197;201;202;203;204;205;207;209;211;216;217;219;220;223;224;225;228;230;231;236;243;244;245;246;247;251;252;258;260;261;262;263;264;265;266;267;271;272;274;276;278;279;280;282;283;284;286;287;288;289;290;292;293;294;297;299;300;301;302;304;305;309;315;316;319;320;323;324;326;327;330;331;332;334;335;336;339;345;347;348;349;350;351;353;354;356;357;359;360;361;364;366;368;370;374;376;377;381;387;389;391;393;395;396;398;402;403;406;407;408;409;410;412;414;416;417;421;424;425;426;427;428;429;432;433;434;436;439;441;442;443;447;453;454;456;457;459;460;461;463;467;469;470;471;473;475;476;478;479;483;484;486;489;490;492;496;497;499;500;503;506;507;508;512;513;515;516;517;518;519;520;521;522;523;527;528;529;533;536;537;538;539;540;542;543;544;545;546;547;548;554;556;558;560;561;562;563;564;565;566;568;569;570;573;574;577;578;580;581;583;584;585;586;589;591;594;597;598;600;604;605;607;608;609;610;614;615;616;617;618;620;621;625;626;627;628;629;632;638;639;640;646;648;650;651;653;656;657;658;659;660;661;662;663;666;669;670;672;673;675;677;679;684;685;686;687;694;696;697;698;702;706;707;708;710;713;715;719;721;722;724;726;727;728;730;731;735;736;738;739;741;742;745;748;750;751;753;754;756;759;760;761;762;767;768;770;772;773;775;776;779;780;783;784;787;789;791;795;798;799;802;803;806;807;809;811;812;814;816;817;818;819;822;824;826;827;828;833;836;841;843;844;847;848;849;850;853;855;857;858;859;860;861;864;866;867;868;869;871;872;873;874;875;876;880;886;887;888;891;892;893;894;895;898;899;900;901;904;908;909;910;911;912;915;916;917;918;920;921;923;925;926;929;930;933;934;935;937;941;946;947;948;949;951;957;958;960;966;968;971;972;974;975;976;978;981;982;985;986;987;990;992;993;996;997;999;1000
341;1;6;7;10;11;13;15;21;26;29;30;35;37;38;39;40;41;44;45;48;50;54;57;59;61;64;65;67;70;73;74;75;78;79;81;83;85;86;89;94;96;98;99;100;101;103;105;107;109;113;114;115;116;117;119;120;122;124;125;128;129;130;132;133;134;135;136;140;141;142;143;147;148;149;150;156;158;160;162;164;166;167;168;169;173;174;176;178;179;182;183;185;188;191;193;194;195;197;198;199;200;201;202;204;205;206;207;211;215;217;219;220;221;222;225;227;228;229;230;232;233;236;238;240;241;244;245;247;248;249;251;254;255;256;257;259;260;263;265;266;267;268;269;272;273;275;277;279;280;283;286;289;290;291;292;293;295;299;301;302;303;304;306;308;311;314;316;317;325;326;327;330;333;334;336;338;339;342;346;347;348;349;350;351;352;357;358;360;362;363;365;366;369;371;372;373;375;377;378;383;385;386;387;388;390;391;392;393;397;398;400;401;403;405;406;407;411;412;413;414;421;422;423;424;425;427;428;432;434;435;436;440;444;446;448;452;456;457;459;462;464;465;466;468;472;475;477;478;479;481;482;484;485;486;490;491;496;499;502;504;505;507;510;512;515;516;517;518;520;522;523;531;532;533;534;537;539;541;543;544;546;547;548;549;550;551;553;554;560;563;564;565;566;569;570;571;572;573;574;575;576;577;578;579;580;581;586;587;588;589;590;591;593;597;598;601;602;604;606;609;610;611;613;616;617;621;623;626;629;632;633;634;636;638;639;641;644;646;651;653;654;655;659;660;661;662;663;664;665;666;668;669;680;681;683;689;690;694;697;698;701;702;706;707;708;710;712;713;717;718;721;723;724;725;729;731;734;735;741;742;743;745;746;747;749;750;751;752;753;754;756;760;762;764;765;767;771;772;774;775;776;777;780;781;782;786;787;789;791;793;794;795;796;797;799;800;804;806;807;809;814;817;818;819;820;821;823;824;826;827;828;830;831;833;837;838;839;840;842;843;844;845;846;847;848;852;853;854;857;858;859;860;861;862;866;867;869;871;873;874;880;882;883;886;889;893;894;896;900;901;902;903;905;907;909;910;912;913;914;916;918;921;923;926;929;934;935;936;937;939;940;942;943;944;946;947;950;951;953;954;955;956;957;960;962;963;964;966;969;971;974;976;977;982;983;984;985;986;989;990;992;993;994;996;999
342;1;3;7;8;10;13;14;16;23;25;26;28;31;35;37;38;43;44;47;48;50;51;52;59;60;62;64;66;69;70;71;72;79;81;83;86;87;91;96;97;102;103;104;106;107;110;111;112;113;114;115;119;120;121;122;126;127;128;129;130;132;135;137;138;140;142;145;151;154;155;157;158;159;160;162;163;166;171;173;175;176;178;179;180;182;183;184;190;191;194;195;196;199;202;206;207;208;209;210;212;214;215;216;218;222;223;224;225;226;228;231;232;235;237;238;241;243;244;246;251;254;255;259;260;261;264;266;268;271;272;273;275;279;282;286;287;289;290;292;294;295;304;306;307;308;310;311;313;315;317;318;320;322;323;324;326;327;328;331;334;336;338;339;341;343;344;345;346;347;348;354;358;360;365;366;369;370;371;374;376;377;378;383;385;386;388;389;390;391;393;396;399;400;401;404;405;406;410;412;415;416;418;421;425;426;427;432;437;440;441;443;444;446;447;450;451;453;454;458;461;465;466;469;470;472;473;474;475;476;478;479;480;481;482;485;486;487;488;489;490;493;494;495;496;502;504;506;509;510;511;512;513;514;515;517;518;519;522;523;525;526;528;530;533;534;535;538;539;540;542;544;546;547;548;549;550;551;552;553;554;555;557;558;560;561;569;572;575;577;578;582;583;584;585;586;589;590;591;593;598;599;600;601;603;607;608;609;611;613;614;616;617;618;619;621;626;627;628;633;638;639;641;642;644;645;646;648;649;653;655;659;661;662;663;665;669;672;673;677;678;679;680;686;688;689;690;692;696;697;699;701;702;704;705;707;709;712;713;715;717;720;723;725;726;727;728;729;732;733;734;736;741;746;748;749;752;753;754;756;758;759;760;762;763;766;767;768;769;770;772;776;777;778;779;781;783;785;787;789;791;793;797;798;800;801;803;807;810;811;812;815;817;818;819;822;824;829;832;834;835;837;838;839;840;845;848;849;851;853;854;856;857;858;859;862;863;866;868;869;873;877;881;882;883;884;885;886;888;890;892;893;902;905;907;908;912;916;917;918;921;925;926;932;933;934;935;936;937;940;941;942;943;944;945;946;949;951;956;961;963;966;967;972;976;979;980;982;983;987;988;990;994;998
343;2;3;8;9;10;11;13;16;17;19;20;22;23;24;25;27;29;30;37;40;41;42;43;44;46;48;49;50;51;57;59;60;61;62;63;65;71;72;77;79;80;81;83;84;85;87;88;89;90;91;92;93;95;96;98;99;103;105;106;107;110;112;114;115;116;123;125;126;127;128;132;133;134;135;136;137;138;140;141;143;144;145;146;147;150;151;157;159;160;164;165;166;167;168;169;170;179;183;184;185;186;188;189;191;192;195;196;197;198;199;202;203;204;205;206;208;209;211;213;215;217;218;221;226;229;233;235;238;239;240;241;242;244;245;248;249;250;255;256;257;258;259;261;265;266;267;270;271;275;278;280;283;284;285;286;287;292;293;294;296;297;298;300;301;302;305;306;312;313;314;315;316;317;318;319;321;322;324;328;329;330;331;334;336;337;339;342;344;345;347;348;349;355;360;362;364;366;369;374;375;377;378;380;383;384;387;388;391;394;395;398;399;400;401;402;404;405;407;408;412;415;419;420;422;423;424;427;428;429;430;431;434;435;436;437;438;439;440;441;443;446;450;451;452;455;456;457;459;460;461;462;463;470;472;473;474;477;479;480;481;484;489;490;491;492;496;497;499;503;504;508;509;512;513;514;515;516;520;525;526;527;528;531;532;534;536;540;543;544;546;548;550;552;553;554;557;562;563;564;568;569;571;573;574;577;578;583;584;585;594;595;596;597;601;602;606;607;610;613;617;619;620;621;623;624;625;627;628;630;631;632;634;638;640;641;642;643;644;646;647;648;649;654;655;656;657;658;659;662;664;666;669;671;673;676;677;678;680;684;687;689;690;691;692;694;697;700;701;702;704;705;706;707;709;712;713;714;715;717;720;721;726;727;735;736;737;739;740;743;744;747;748;750;751;752;755;758;761;762;763;764;765;768;773;774;775;776;778;779;780;783;787;789;790;791;794;795;796;797;799;800;801;803;804;805;810;812;813;814;816;822;823;825;830;831;833;835;836;838;843;844;845;846;850;854;855;857;858;859;861;862;863;864;865;866;868;869;870;872;874;876;877;878;879;880;883;888;892;893;894;895;897;898;905;906;907;912;915;916;917;921;922;923;924;926;928;930;931;932;934;935;936;941;948;949;950;951;953;957;958;960;961;962;963;964;967;968;969;970;971;972;974;976;979;980;981;984;986;988;989;996;997
344;5;6;7;8;9;14;18;20;21;22;25;26;29;30;31;32;33;38;39;42;43;46;49;50;51;52;53;54;56;57;58;59;60;61;62;64;65;66;68;70;74;75;76;77;82;83;84;85;86;89;90;96;97;101;104;105;106;107;108;114;115;117;118;119;120;121;122;123;126;127;130;132;133;134;136;137;138;141;144;146;155;156;159;162;165;168;169;170;171;172;176;179;180;181;184;185;188;190;192;195;197;199;200;212;213;214;216;217;219;220;221;222;225;226;227;229;231;235;236;237;238;239;240;246;247;248;251;253;254;255;256;257;259;264;265;267;269;271;272;273;275;276;277;279;280;285;286;288;292;295;297;301;304;306;309;314;315;317;320;321;324;326;327;328;330;332;333;334;337;338;339;342;343;345;346;354;355;356;357;361;365;367;369;370;372;373;375;376;377;378;380;381;382;384;385;388;389;392;393;396;397;402;403;404;407;408;409;410;411;413;416;417;418;419;421;422;425;427;430;431;433;435;436;438;439;441;443;446;448;452;453;454;455;459;462;466;468;470;474;476;477;478;479;481;483;488;490;491;493;497;499;502;505;506;507;509;510;512;516;517;518;519;523;528;529;530;532;533;535;536;538;540;541;542;545;546;548;551;554;555;560;563;564;567;568;569;571;572;573;575;576;578;580;582;584;585;586;587;588;590;592;593;594;596;599;605;606;610;611;612;616;617;618;619;620;622;625;626;627;629;634;635;636;641;645;646;647;649;650;652;653;655;657;659;661;663;664;666;673;674;676;679;680;681;682;687;689;691;692;695;701;702;703;704;705;707;708;710;712;713;715;716;717;718;719;720;721;722;724;728;729;731;733;734;736;737;738;741;747;748;752;754;756;758;759;761;763;767;769;770;774;775;776;777;778;779;781;782;784;785;787;796;799;801;802;804;805;809;810;811;812;813;815;819;821;822;827;829;832;833;836;839;841;842;843;845;847;849;850;851;854;856;859;862;863;864;865;868;872;877;878;880;881;883;884;885;886;887;888;889;891;893;895;896;897;901;902;903;904;907;909;910;911;913;914;915;917;918;919;923;924;925;926;928;929;932;936;938;939;940;941;944;945;950;952;953;955;956;960;962;963;964;965;970;972;975;977;980;981;983;986;987;988;989;991;992;993;994;998;1000
345;1;2;5;11;12;16;17;20;23;25;26;27;28;29;30;32;33;34;35;39;42;44;45;48;49;51;53;55;57;59;60;62;63;67;68;71;73;74;77;81;82;83;84;85;86;88;90;92;94;95;96;97;99;101;102;103;105;106;110;112;114;117;118;121;123;125;126;130;131;132;134;135;139;141;143;144;146;148;150;154;155;156;157;159;162;164;165;168;170;174;175;176;178;181;182;184;185;186;187;190;194;197;199;203;204;206;208;209;214;217;218;224;225;226;229;234;239;240;241;242;243;246;247;248;252;255;260;261;262;264;266;267;268;270;272;273;277;279;285;288;291;292;294;298;299;303;306;307;309;311;314;319;320;321;323;326;328;329;331;332;333;335;340;342;343;344;346;347;349;350;357;358;360;361;362;363;364;365;366;367;376;377;378;381;382;384;388;392;393;396;398;405;406;408;410;414;415;419;421;434;435;437;438;439;440;443;445;450;454;458;459;460;462;464;465;466;467;470;471;474;475;476;478;481;482;484;485;489;490;491;492;493;494;495;497;498;499;501;502;503;504;505;508;509;510;515;516;520;523;524;525;526;528;531;534;535;536;537;540;541;544;546;547;552;553;555;558;561;563;564;565;568;571;575;576;577;578;582;584;588;589;592;594;595;597;598;600;602;606;607;609;610;611;612;613;615;619;620;621;625;626;627;628;633;634;637;639;640;641;642;644;645;647;649;651;654;655;659;660;661;662;663;664;667;671;676;677;679;680;681;683;685;687;688;689;690;691;693;694;698;705;706;708;709;711;713;715;717;721;722;726;727;729;737;738;740;747;748;749;750;751;752;754;755;757;759;760;762;763;764;765;766;768;770;774;776;777;778;781;783;784;785;788;794;795;797;798;800;806;807;808;809;812;813;814;816;817;818;819;820;821;824;828;830;831;833;834;839;840;842;846;847;848;849;850;852;857;863;864;865;866;867;868;872;875;876;877;878;879;881;886;887;889;893;894;899;900;901;902;903;905;906;907;908;910;912;914;915;919;920;928;929;930;932;936;937;938;940;943;944;948;950;951;952;954;955;957;959;961;963;964;965;967;969;970;972;975;976;977;980;982;984;987;989;992;993;996;998;999
346;6;9;12;13;16;17;18;20;22;24;25;28;31;34;36;37;40;41;42;45;46;48;49;50;55;57;58;59;60;61;63;64;65;67;68;70;71;73;75;76;79;83;84;86;88;91;92;93;96;97;98;100;101;106;110;113;114;117;118;120;123;124;125;127;129;131;132;133;134;136;137;139;140;141;142;145;146;148;152;154;158;159;163;164;166;173;174;176;178;180;183;184;187;189;191;192;197;198;199;200;201;202;204;205;206;209;211;214;216;217;218;219;221;222;223;224;226;227;228;231;234;236;239;240;242;245;246;248;251;252;253;255;257;258;262;263;265;266;267;268;269;271;272;273;274;276;277;278;280;281;286;288;291;293;294;295;296;301;302;305;306;307;309;311;312;315;317;319;320;322;324;328;331;332;336;341;342;344;345;353;356;357;362;364;365;374;375;378;380;382;383;384;385;386;388;389;390;391;395;399;403;404;405;407;408;416;420;421;422;425;426;429;432;433;434;435;436;437;438;439;440;441;444;446;447;448;451;452;454;459;460;461;463;467;469;470;472;476;477;479;481;482;483;485;487;492;493;501;507;511;512;513;515;516;519;520;521;523;524;527;532;534;539;540;541;542;543;545;546;547;548;549;551;555;556;557;559;561;562;563;564;565;566;569;571;574;575;576;577;578;580;582;583;586;587;589;590;591;593;595;596;599;600;601;603;604;607;609;611;614;617;619;622;624;627;628;629;632;633;636;638;640;642;643;645;649;655;656;657;663;664;665;668;672;674;678;680;681;683;684;690;692;694;699;700;701;702;704;706;707;711;716;721;722;724;726;727;728;729;730;731;732;734;735;739;742;743;747;750;751;753;758;759;761;762;764;765;767;768;773;774;775;777;779;781;782;783;786;791;797;798;799;802;804;805;815;817;818;819;820;821;823;824;825;826;832;833;835;836;843;846;847;848;849;851;852;853;856;863;864;866;867;869;870;872;875;876;878;880;881;883;885;887;889;894;895;899;900;901;904;905;906;907;908;909;910;911;913;914;916;918;922;923;925;926;927;928;929;932;934;938;940;944;945;946;949;953;956;958;959;960;962;963;967;968;969;970;971;972;978;979;982;984;990;993;995;997;999;1000
347;2;4;5;6;7;11;12;13;17;18;20;23;26;29;31;32;34;36;37;39;40;41;42;43;45;48;50;51;52;53;57;58;59;62;65;66;67;69;70;73;74;75;76;77;79;80;81;83;84;85;89;90;92;93;95;97;100;101;106;107;108;109;111;114;117;118;120;121;123;124;125;126;127;128;131;133;134;135;136;138;139;142;143;146;148;150;151;152;153;154;156;166;168;170;171;172;173;176;178;179;185;186;187;188;189;190;193;195;196;198;200;202;204;205;206;207;211;213;214;217;219;221;222;223;224;228;231;232;233;237;241;242;243;246;247;248;249;250;252;255;256;258;260;265;267;268;270;273;274;276;279;280;283;285;286;287;290;292;296;297;298;303;304;306;307;309;310;313;314;316;317;318;319;320;322;323;324;325;326;328;329;332;333;334;335;338;340;341;342;343;345;348;349;352;355;356;359;360;363;364;365;366;368;370;371;374;377;378;379;383;384;387;388;391;394;395;398;399;400;403;404;405;408;411;413;414;416;419;420;421;423;426;427;429;433;435;436;437;438;440;441;444;445;446;447;448;449;450;451;452;455;457;459;460;461;462;464;465;466;467;469;473;474;476;477;478;479;481;482;483;485;486;487;489;490;491;492;493;495;497;499;500;502;504;506;507;508;510;513;514;515;519;520;521;522;529;530;532;534;536;540;542;544;547;548;549;550;551;552;553;554;555;557;559;561;563;567;569;574;575;576;577;580;582;584;585;589;590;593;595;597;598;602;603;605;606;609;611;612;613;617;620;621;623;628;630;631;634;636;637;638;642;643;644;645;646;649;652;654;655;656;659;660;661;663;664;665;667;668;669;670;675;678;679;683;684;685;686;687;688;690;692;694;695;697;699;701;707;708;709;710;712;714;725;728;730;734;738;740;746;747;750;751;752;753;754;755;758;759;760;761;763;764;765;768;769;772;773;775;776;778;780;781;784;786;788;789;791;793;796;797;799;801;802;805;806;807;808;810;817;819;820;827;829;830;831;832;833;836;838;839;843;844;845;846;847;849;850;852;853;857;861;864;865;866;867;868;871;873;879;881;882;884;887;889;891;893;895;897;898;899;902;903;904;905;909;910;911;912;913;914;915;916;918;919;920;922;924;925;929;930;931;932;935;936;937;940;942;943;945;946;947;949;950;954;956;957;959;960;962;965;966;967;972;975;976;977;978;979;980;982;983;984;986;988;989;991;993;998;999
348;2;3;6;11;13;15;17;21;23;24;28;29;30;31;32;35;36;39;43;45;46;48;49;50;52;57;58;65;66;69;72;73;74;77;80;82;83;84;85;86;90;93;95;96;98;101;102;103;104;106;107;109;110;111;113;114;115;117;118;119;126;128;129;130;131;134;137;140;141;146;147;152;154;158;159;160;163;164;165;166;167;171;172;173;176;177;179;180;181;182;183;184;188;190;193;194;195;196;198;199;200;202;204;206;207;208;209;211;212;214;218;221;222;228;229;231;232;234;237;239;241;244;245;249;251;252;253;254;255;256;262;263;267;268;273;276;277;278;279;280;281;286;287;288;289;290;294;295;296;299;301;305;307;308;310;313;317;318;319;320;322;323;327;329;330;331;332;334;338;339;340;341;342;343;347;349;351;352;354;357;363;366;368;371;372;373;374;380;382;383;384;385;386;388;389;390;391;392;395;398;402;403;407;408;412;414;415;416;417;419;420;421;425;426;427;428;432;434;435;436;437;438;439;443;446;448;451;454;455;458;459;461;463;464;467;469;470;472;473;476;478;481;483;490;491;492;500;501;505;506;508;509;511;512;513;517;518;520;521;523;524;525;526;528;529;530;533;534;538;539;541;544;545;548;549;551;554;555;556;558;560;562;563;564;565;566;567;570;574;576;578;579;580;582;584;585;586;589;591;592;593;595;598;599;601;602;604;610;613;614;615;616;618;621;622;623;627;628;631;632;633;634;636;640;645;648;653;654;655;656;658;659;663;664;670;671;672;675;676;677;679;680;681;682;683;684;687;688;689;693;694;697;698;704;705;709;712;713;714;715;719;721;722;723;724;728;730;731;732;738;739;740;741;745;746;748;749;750;752;757;759;760;761;765;767;768;769;771;773;774;775;777;779;785;786;787;789;790;794;802;803;809;810;811;812;813;814;819;821;823;825;827;829;831;832;833;836;839;840;843;844;845;846;847;848;851;853;857;859;861;863;864;865;868;870;873;874;875;877;879;880;883;884;886;887;888;892;894;895;899;900;901;902;903;904;909;910;912;913;914;920;922;925;926;927;929;931;932;936;941;943;944;946;948;949;951;952;955;956;960;961;966;970;971;972;976;979;981;982;984;986;988;989;993;996;998;999;1000
349;2;8;9;12;13;15;16;18;19;21;23;24;25;26;27;28;29;30;32;34;35;38;39;41;45;46;47;51;55;58;59;62;63;68;70;71;73;74;75;76;77;79;82;84;85;91;93;94;95;98;101;102;105;106;109;110;111;113;114;115;117;118;120;123;124;125;128;129;131;134;135;137;139;142;144;146;150;151;152;155;158;159;160;162;164;165;170;172;174;177;178;179;182;185;186;188;191;192;193;195;198;199;201;203;204;208;209;213;214;216;217;219;220;221;224;225;228;231;236;237;241;242;244;245;246;248;249;251;253;255;256;258;259;261;262;264;265;267;268;269;270;271;273;277;278;281;283;284;286;287;288;289;292;293;294;295;297;301;303;307;309;310;311;315;317;318;319;320;322;324;328;329;331;332;333;335;336;339;340;341;343;345;347;348;351;352;357;358;359;360;361;364;371;372;374;376;377;378;379;381;382;383;384;385;389;391;392;393;397;401;409;411;412;414;418;420;421;423;425;427;428;431;432;436;437;439;443;444;446;447;451;453;454;455;456;457;458;459;460;463;464;466;468;469;470;473;474;476;477;479;480;481;482;486;488;489;490;492;493;496;497;498;499;501;502;504;505;510;511;512;513;514;516;520;522;526;531;532;537;540;541;542;543;544;545;547;554;556;558;563;564;565;567;568;569;570;571;573;575;576;577;578;580;581;584;585;586;588;591;596;598;600;601;603;604;605;606;607;610;613;614;616;617;619;620;621;622;623;625;626;629;630;631;633;635;636;638;639;641;644;646;647;648;650;651;653;654;658;664;665;667;668;669;670;672;673;676;677;681;682;689;691;693;697;700;701;702;705;710;711;712;713;714;721;723;725;726;728;729;730;738;739;740;743;744;745;747;748;753;754;756;757;758;760;762;764;766;768;769;771;783;784;787;788;789;792;793;795;796;797;798;801;803;804;808;812;813;816;819;820;821;822;825;826;828;829;831;832;835;836;838;839;840;841;842;843;844;845;848;850;855;858;860;862;863;865;867;868;871;872;873;874;875;877;881;884;887;888;889;892;893;894;899;901;904;907;911;912;913;914;916;917;920;924;925;930;931;932;933;936;938;939;941;944;945;946;951;952;955;956;957;958;963;966;967;973;974;975;977;980;981;983;985;989;991;992;993;994;996
350;2;4;7;12;13;14;15;16;17;19;21;22;24;26;27;32;33;34;37;39;40;41;42;43;44;45;46;48;50;52;55;56;58;59;60;61;64;65;66;67;68;69;71;73;74;77;78;79;81;82;85;86;87;88;90;94;96;99;103;108;110;112;114;117;118;121;122;125;129;130;131;132;138;140;143;144;147;148;151;153;154;155;157;158;162;163;165;166;169;171;172;179;180;182;184;185;192;193;195;198;200;202;207;213;215;216;217;220;222;223;224;226;230;231;232;234;237;238;239;241;242;244;246;253;254;256;257;258;261;262;265;268;273;275;276;279;287;289;290;292;293;296;299;302;304;305;306;308;310;311;316;320;321;323;326;327;328;332;336;339;340;341;345;352;355;356;358;359;362;365;368;371;372;376;377;378;379;380;381;382;383;385;386;389;391;392;394;395;396;397;398;400;401;402;403;405;407;409;410;412;413;417;418;419;422;423;426;427;428;433;437;438;442;443;444;447;448;452;454;460;462;464;466;468;470;473;474;477;480;481;482;483;487;488;491;494;497;500;501;502;503;506;507;509;510;511;513;516;517;518;520;523;524;527;530;534;536;547;549;551;552;557;558;559;560;561;562;566;570;577;578;579;582;583;586;588;589;590;592;593;596;597;598;599;600;602;603;604;605;606;608;609;611;612;613;615;617;619;620;622;623;626;627;628;630;631;632;633;635;636;638;640;641;643;644;645;647;649;651;654;655;659;660;663;664;666;667;669;673;674;676;678;680;681;682;686;690;691;694;695;696;698;699;701;704;705;706;708;709;711;712;713;714;718;719;721;722;723;727;729;730;731;732;733;736;740;741;742;747;749;750;753;755;758;759;761;764;765;766;767;768;772;775;779;781;784;785;786;788;789;791;792;795;796;797;798;799;801;802;804;805;806;807;809;811;813;815;816;817;818;820;823;824;825;831;834;835;836;838;840;841;842;843;845;852;854;855;856;857;861;863;864;865;866;868;870;872;873;874;878;886;887;888;889;890;891;893;894;895;897;900;901;903;905;906;911;913;917;919;920;921;922;923;929;930;933;934;941;942;946;947;949;950;952;960;962;963;964;969;972;975;977;979;983;984;985;988;990;994;995;996;998;1000
351;6;9;10;11;12;13;14;16;17;19;24;25;26;27;28;29;32;34;35;37;38;39;41;45;49;51;52;53;54;56;57;58;62;63;64;66;67;68;69;72;73;75;76;77;78;82;83;84;85;86;88;89;90;92;95;97;102;103;106;107;109;111;113;115;119;120;121;122;123;124;125;126;127;129;130;132;134;135;136;138;141;143;146;147;155;156;157;158;159;160;161;163;164;165;167;169;170;171;172;175;176;180;181;184;185;189;190;191;195;197;200;202;203;204;206;208;209;210;212;213;214;216;220;221;222;223;225;227;230;232;240;242;245;249;253;256;257;258;260;261;265;268;273;274;276;278;279;280;282;283;284;288;290;291;293;296;297;298;299;301;302;305;308;309;311;312;314;316;318;319;324;325;326;328;329;331;334;337;338;339;340;341;348;349;354;357;359;360;361;365;366;369;370;371;373;374;377;380;382;384;385;387;389;391;392;395;398;401;405;407;409;411;416;417;422;423;425;426;428;429;430;431;432;433;435;436;439;441;442;444;445;447;449;450;451;452;453;454;455;456;457;459;460;462;466;467;471;472;474;475;479;481;482;483;488;489;491;492;494;496;498;502;504;508;509;512;513;518;519;521;522;523;525;526;527;528;529;531;533;536;537;541;542;543;549;550;551;554;555;560;563;570;571;573;576;577;579;580;581;582;589;590;593;594;595;596;598;599;600;601;602;603;605;609;610;612;613;615;618;619;622;625;627;628;629;631;633;635;636;639;640;641;642;643;647;648;652;654;655;657;660;661;665;666;669;672;673;677;678;679;681;682;686;687;688;689;691;693;694;695;696;697;699;700;703;708;710;712;714;715;716;721;722;724;725;729;730;732;733;734;735;736;738;739;741;742;743;744;745;750;751;753;756;757;758;759;761;763;764;765;767;769;772;779;781;783;784;785;788;790;791;792;794;797;800;802;803;804;807;810;811;813;814;815;819;820;821;822;824;825;826;827;828;829;830;832;833;836;841;844;846;847;849;852;854;855;864;865;867;871;872;873;875;876;878;879;881;883;887;890;898;899;902;903;904;907;908;909;910;912;913;914;917;918;919;920;922;923;927;928;929;930;937;938;939;943;944;946;949;952;953;956;958;959;963;967;968;969;970;971;975;977;979;982;983;985;987;988;989;990;992;993;994;996;997;998
352;1;3;5;10;12;13;15;16;17;18;23;24;25;26;27;31;32;33;35;40;41;42;43;44;48;49;50;51;52;54;57;58;60;64;73;76;77;79;83;86;89;90;91;92;93;94;96;100;101;102;103;104;107;108;109;111;112;114;116;120;121;128;129;130;132;135;136;140;141;142;145;146;148;149;150;151;152;153;154;155;156;158;160;161;164;165;166;167;169;172;173;175;177;178;179;180;181;186;188;193;194;196;197;198;199;200;203;204;205;207;208;209;211;213;214;215;216;218;219;221;222;223;227;228;229;232;235;237;239;240;243;244;247;252;253;254;255;256;257;258;259;260;262;263;266;268;269;270;272;273;275;277;279;284;286;287;288;294;298;302;303;304;305;308;310;311;312;313;316;318;320;322;323;324;325;329;330;333;335;336;339;341;347;348;349;350;355;356;358;360;361;363;365;371;374;376;377;381;382;384;387;389;391;393;394;395;396;398;399;404;405;407;408;409;411;415;421;422;423;425;432;433;435;440;443;444;445;446;447;450;451;452;453;454;455;456;457;458;460;461;462;463;464;465;475;476;477;479;481;483;486;487;489;490;493;495;496;497;498;499;500;501;502;503;504;505;506;507;508;509;510;511;512;515;517;518;521;522;524;525;526;527;529;531;535;536;538;539;540;541;542;544;552;554;559;560;562;563;564;565;566;567;569;571;577;579;580;584;585;589;590;591;592;593;600;602;605;610;611;612;614;615;617;619;622;624;625;626;628;631;633;635;637;638;640;641;644;645;646;649;650;655;658;659;664;666;669;671;672;673;677;678;682;683;685;686;687;689;690;691;692;693;694;696;697;698;699;701;704;709;712;715;716;718;719;720;723;724;725;729;733;734;736;737;740;741;742;743;747;750;752;754;756;757;758;760;762;763;764;765;766;771;772;779;780;781;783;784;786;788;791;792;793;794;798;799;800;802;806;808;810;812;813;814;815;816;817;818;820;822;823;824;827;829;833;834;838;842;843;844;847;848;852;853;854;855;857;859;864;868;869;873;877;879;880;881;882;885;886;887;889;891;892;894;896;898;899;900;901;904;905;908;911;913;917;918;921;922;923;925;929;930;931;932;934;937;940;944;948;955;956;957;958;959;961;962;963;966;967;968;969;970;971;976;978;983;984;985;992;993;996;997;998;999;1000
353;1;9;12;16;17;18;19;20;21;23;28;30;32;34;35;36;39;40;41;42;45;46;48;49;51;53;54;55;56;58;59;61;63;65;69;71;72;73;74;75;76;77;78;80;82;86;88;93;95;97;98;101;102;105;106;108;110;111;112;115;120;121;128;129;131;132;133;134;135;137;138;142;143;144;145;147;148;149;151;152;158;159;161;162;163;164;165;166;167;169;172;175;178;179;180;181;182;183;184;185;186;188;190;191;192;196;197;199;200;201;203;204;205;206;208;209;210;211;213;216;221;226;228;230;231;232;233;234;235;237;239;240;241;242;248;254;255;260;261;263;266;268;270;271;272;274;275;276;278;279;280;283;287;288;289;292;293;295;296;298;301;303;304;305;311;312;315;316;318;319;324;327;335;339;340;346;355;356;357;359;361;365;366;369;370;373;375;380;384;385;386;387;388;389;391;394;396;400;403;404;405;407;409;410;412;413;415;416;419;420;421;424;426;427;429;431;432;434;436;437;438;440;442;443;446;449;451;453;455;459;461;463;464;465;466;468;469;470;471;474;475;476;477;480;483;485;488;489;493;494;495;497;498;504;506;507;508;511;515;518;520;523;525;529;530;531;532;534;535;537;538;541;543;546;550;552;553;554;555;556;558;559;563;564;565;566;568;570;571;573;575;576;577;578;585;588;589;590;592;594;598;602;603;605;608;609;614;615;616;617;618;620;622;623;624;625;627;632;633;635;637;638;639;640;641;643;645;646;647;649;651;652;653;654;655;661;662;663;664;666;668;669;670;671;673;676;677;678;680;681;682;683;685;688;689;690;691;693;695;696;699;701;704;707;709;712;715;718;721;722;723;724;725;728;730;735;736;738;741;742;743;744;747;753;754;755;756;758;760;762;764;765;768;771;774;776;777;785;786;789;791;792;795;796;797;798;799;800;802;804;805;808;809;811;812;816;817;823;827;828;829;831;832;833;835;836;838;839;840;842;844;846;847;849;854;856;857;860;864;866;867;869;870;874;876;881;882;883;884;885;886;889;893;895;896;897;899;901;903;904;908;912;915;917;918;919;920;923;924;927;930;931;933;937;938;939;940;943;944;945;946;949;950;951;954;959;962;964;967;969;971;972;973;977;978;979;981;985;987;989;991;992;993;994;996;997;998;999
354;5;8;9;11;12;13;15;16;17;18;23;24;27;31;32;34;38;39;41;45;47;54;56;57;59;61;64;66;67;68;70;72;77;78;80;82;83;86;88;90;92;93;94;97;98;99;100;101;103;104;105;107;109;110;111;112;113;119;120;121;123;125;126;127;130;131;132;133;134;137;139;140;142;145;146;148;150;151;155;157;162;165;166;168;170;171;174;176;180;181;184;185;187;189;191;194;195;197;201;202;205;206;207;209;210;211;212;214;215;216;218;220;223;229;230;231;232;235;238;239;240;242;244;245;249;252;253;255;258;261;264;265;266;267;269;272;273;274;276;279;280;287;288;290;291;293;294;297;299;301;302;305;306;307;309;311;312;313;315;317;318;324;326;328;329;330;331;332;335;336;337;340;342;344;348;351;357;363;364;365;366;367;368;369;371;372;375;377;378;381;382;383;384;385;386;388;390;391;392;393;395;396;398;399;400;401;402;405;406;409;410;411;413;414;416;417;419;420;421;426;427;428;429;430;431;432;433;434;437;439;443;445;447;448;452;453;454;456;457;458;459;461;464;468;471;472;474;475;477;478;479;483;484;487;488;489;490;492;495;497;498;500;501;502;507;509;510;511;512;513;518;520;522;524;525;526;527;529;531;533;534;535;537;538;539;541;543;545;546;547;549;550;553;556;558;559;562;564;567;568;569;573;575;576;579;581;582;585;591;593;594;595;596;597;599;601;603;605;607;611;615;616;617;618;619;621;622;624;626;628;630;631;633;635;638;639;640;642;643;645;647;649;650;652;653;655;656;660;661;664;666;667;669;671;673;674;675;676;680;683;685;686;687;689;690;692;695;699;700;704;705;708;709;711;712;713;714;715;717;718;723;724;725;726;727;729;732;733;735;736;737;744;746;749;751;752;753;754;755;757;758;759;760;761;762;766;767;768;775;777;786;787;789;790;794;795;796;797;799;803;804;805;808;809;810;815;816;817;818;820;821;824;829;836;837;839;840;842;844;845;848;851;852;855;856;860;862;864;865;866;868;869;873;875;876;878;879;880;881;884;885;887;888;891;892;894;895;897;899;900;901;903;904;907;908;910;912;913;914;918;923;928;930;931;932;933;934;935;938;941;946;947;950;952;954;955;957;961;962;963;964;965;970;971;972;973;974;975;976;978;979;980;981;983;984;986;987;989;990;993;994;996;997;998;1000
355;1;2;5;6;9;10;12;14;18;19;21;22;23;26;28;29;30;32;36;41;42;46;48;49;52;53;54;56;57;61;63;64;67;71;73;76;79;81;86;90;91;92;93;94;95;96;98;101;102;104;105;106;108;109;113;114;115;117;118;119;124;126;127;128;129;130;131;133;138;142;147;149;152;153;155;159;161;162;166;167;172;173;175;178;180;182;183;184;187;189;190;194;195;197;199;202;204;209;210;211;212;214;215;219;221;222;224;225;227;229;230;231;235;236;237;239;240;242;243;244;245;246;248;251;252;253;254;258;259;260;261;263;264;266;268;269;271;273;274;275;277;278;282;283;285;286;287;288;289;291;292;293;294;296;298;302;305;306;307;308;311;312;313;314;315;318;321;322;325;326;327;328;329;330;333;335;337;338;343;344;347;350;352;353;356;359;361;362;363;364;365;367;368;370;372;374;375;377;378;380;382;386;391;392;393;394;396;398;400;401;402;403;404;409;410;412;415;416;417;419;421;422;423;425;426;429;436;437;443;444;445;446;447;448;450;453;457;458;459;460;461;463;464;465;466;467;472;474;476;479;482;483;489;491;492;494;495;497;498;499;501;503;507;509;510;511;512;514;516;517;518;520;521;522;523;525;526;527;528;529;532;533;536;537;540;541;542;546;550;551;552;555;556;558;560;561;562;564;566;567;569;570;574;575;578;579;580;582;583;586;589;590;591;596;598;599;600;601;602;604;608;611;614;617;618;625;627;628;635;638;641;642;643;645;647;650;652;655;656;658;659;660;662;664;665;667;673;676;677;678;679;683;684;687;689;693;696;697;700;704;709;710;711;712;713;715;716;719;723;724;732;733;734;736;737;739;741;744;746;749;754;755;757;758;759;760;761;762;766;767;769;772;779;780;781;783;784;785;791;792;794;798;799;800;801;802;805;806;807;808;811;814;815;817;818;820;822;823;827;828;829;832;836;837;838;839;841;843;844;849;851;853;855;857;860;861;862;863;864;867;868;870;871;873;875;878;879;883;884;886;889;893;898;899;900;902;908;909;910;911;915;917;921;922;924;926;929;930;932;936;937;940;943;944;946;947;948;949;953;956;958;960;962;963;964;966;968;971;973;979;980;981;983;984;985;987;988;992;995;996;998;999;1000
356;2;3;4;5;6;8;9;11;16;17;18;19;22;24;27;29;31;32;33;35;36;38;39;40;44;46;47;49;50;51;54;56;58;59;60;62;63;65;67;69;70;71;76;84;85;88;89;90;92;94;95;96;98;99;100;101;102;104;105;106;108;109;110;111;113;115;116;119;122;126;129;139;140;143;144;148;149;150;152;158;159;160;163;165;169;170;171;172;174;175;176;177;178;179;180;183;184;185;186;187;188;189;190;191;192;193;196;197;198;200;203;206;207;208;210;211;213;214;215;221;222;228;232;234;242;244;246;247;248;250;251;252;255;257;258;259;260;262;263;265;266;268;269;271;273;274;279;280;282;283;284;289;291;292;294;297;298;301;303;304;305;306;307;311;313;316;317;320;321;324;328;333;336;340;344;346;347;350;352;353;355;357;360;362;364;365;366;374;377;380;381;382;384;389;391;392;393;394;396;400;403;404;405;408;412;414;416;417;418;419;421;422;423;424;425;429;433;435;437;438;441;442;444;445;446;447;449;452;454;456;461;463;464;467;472;474;476;477;478;479;482;483;484;487;488;489;491;492;495;496;500;501;505;506;507;508;509;510;511;512;513;514;517;519;520;521;522;524;530;531;534;535;540;541;542;543;544;545;546;547;548;549;550;551;555;559;560;561;563;564;566;569;571;572;574;577;578;579;581;582;584;586;587;588;591;592;595;596;599;600;602;604;608;610;614;617;618;619;620;621;622;625;634;635;639;644;646;649;651;652;653;659;661;666;668;675;677;678;679;680;681;683;685;688;689;690;691;692;695;696;698;699;701;703;704;707;710;711;712;714;716;717;718;720;721;724;725;728;729;730;731;732;733;734;736;737;740;741;743;744;745;746;752;753;757;758;763;766;768;770;771;773;775;779;780;781;782;783;786;788;791;792;793;794;795;796;797;800;805;806;807;809;810;811;814;815;817;824;826;827;831;832;839;840;841;844;847;848;850;853;856;859;861;864;865;866;872;873;874;875;876;877;879;880;882;883;884;885;887;888;889;890;891;892;898;900;901;903;906;911;912;913;914;915;917;918;919;922;923;925;926;927;928;929;930;935;939;940;942;945;947;949;951;955;956;962;963;965;966;968;969;970;974;978;979;980;982;983;985;986;987;989;990;991;992;994;995;997;998;999;1000
357;1;2;3;5;8;9;10;12;13;16;18;19;20;21;23;24;25;26;27;28;31;36;37;38;39;40;42;43;44;49;52;53;54;55;56;57;58;59;60;63;64;67;68;69;70;77;83;84;86;91;92;93;94;96;97;98;99;100;101;104;105;106;107;108;109;110;112;113;114;115;117;119;121;122;123;125;126;128;131;132;135;136;137;140;148;154;155;158;161;163;164;168;171;172;175;177;180;182;183;184;186;187;192;193;195;196;197;201;202;206;207;208;209;211;212;213;216;218;222;223;224;228;229;237;238;239;243;245;246;247;250;251;252;253;255;257;259;261;262;265;266;267;269;277;278;280;283;284;285;286;293;296;298;303;306;308;309;310;312;315;316;317;323;324;325;326;327;328;329;332;333;334;335;336;337;338;340;341;344;345;346;348;349;351;353;354;356;362;365;369;375;377;382;384;386;388;390;391;394;396;399;402;406;409;410;411;414;416;417;419;421;422;426;428;429;433;435;438;442;443;444;446;447;452;453;454;456;463;464;466;467;469;472;473;474;476;478;481;482;486;487;489;492;493;494;496;498;504;507;510;511;512;515;521;523;525;526;527;528;530;531;532;534;536;538;543;547;548;552;558;559;561;562;563;567;568;569;571;574;576;577;580;582;583;584;585;588;589;594;595;596;600;601;608;610;612;613;614;618;619;620;621;622;624;628;635;636;638;639;640;641;643;644;645;647;651;655;657;662;663;665;668;670;671;672;680;682;687;689;690;692;696;698;701;703;704;705;708;709;711;712;718;719;720;723;731;734;738;740;741;742;744;745;746;747;748;751;754;756;758;759;760;761;762;764;766;768;769;770;772;774;777;779;783;784;786;787;789;792;796;798;802;808;809;812;817;819;820;821;825;826;830;831;832;837;839;841;843;844;845;847;852;853;854;858;860;861;863;864;865;866;869;870;874;876;878;880;881;883;884;885;887;888;889;890;891;892;893;895;899;901;902;908;910;912;914;921;923;929;930;932;937;938;939;942;943;945;946;947;949;955;956;959;961;962;964;969;972;973;975;977;978;979;982;983;985;986;987;989;990;994;996;997;998;999
358;2;3;6;7;9;10;11;13;14;18;20;24;27;30;31;32;33;34;35;36;38;40;44;46;47;50;51;52;54;57;58;60;62;63;65;66;69;71;73;74;77;78;81;82;86;87;90;92;95;96;98;102;105;107;109;110;111;113;114;115;118;121;126;128;129;131;132;136;144;145;146;149;154;158;161;162;166;169;172;174;176;177;179;180;181;182;185;187;189;194;195;201;202;203;205;207;208;209;210;212;214;217;218;219;220;222;225;227;229;230;234;235;238;239;240;241;242;243;244;245;246;248;249;250;252;253;255;256;257;262;263;264;266;268;270;272;278;279;280;281;283;284;287;290;293;294;295;297;300;302;304;305;307;308;311;313;314;321;323;328;331;332;334;338;341;342;345;349;350;352;359;362;364;371;372;373;374;376;377;378;379;380;381;384;385;386;391;392;393;396;400;401;402;403;404;406;407;408;409;410;411;412;414;415;416;417;418;420;421;422;424;426;427;429;433;437;438;440;441;443;444;446;447;448;449;450;455;458;460;464;468;470;473;474;479;480;481;482;485;488;490;492;493;495;496;497;499;501;502;503;504;508;511;512;515;518;519;520;521;522;527;528;529;530;531;532;533;534;535;537;538;541;542;543;548;549;551;552;555;557;558;560;562;564;566;567;569;572;573;574;577;578;579;582;585;586;590;593;594;595;596;597;600;601;602;603;604;605;606;607;608;609;612;613;616;624;625;626;628;630;631;634;639;641;643;644;645;646;647;649;650;652;654;655;657;658;660;661;663;664;666;667;669;670;674;676;677;678;681;682;683;684;686;687;688;689;694;696;697;698;700;701;702;703;704;705;706;709;710;711;713;715;716;717;719;720;721;722;724;727;730;733;734;736;741;742;745;746;747;748;750;754;755;757;761;763;764;765;767;768;770;771;772;773;774;775;776;777;778;779;783;788;791;793;794;795;796;798;799;800;801;804;807;808;809;813;817;826;831;837;838;840;845;846;848;850;851;852;854;855;856;857;858;860;861;864;865;868;869;870;871;873;875;876;877;880;881;882;888;890;892;893;895;898;899;900;901;903;910;913;914;916;919;920;922;926;928;929;932;934;936;938;939;940;942;943;944;946;951;953;956;957;959;962;964;965;966;967;970;973;976;979;982;983;985;987;991;992;994;996;997;999;1000
359;1;2;7;8;9;13;14;18;25;26;27;28;29;31;32;38;41;43;44;46;52;55;56;57;58;63;64;65;67;68;70;72;73;77;78;80;81;87;89;91;94;95;98;99;101;105;106;107;108;109;110;111;113;115;116;118;119;123;124;126;127;131;132;134;135;136;139;142;143;144;145;146;148;149;151;152;155;158;162;163;164;165;167;169;172;173;178;179;181;187;190;196;197;205;207;208;210;212;215;216;218;219;221;224;227;231;232;233;234;238;240;244;246;247;248;252;253;255;262;263;265;267;268;270;273;276;278;281;283;288;290;292;293;295;298;302;304;305;306;314;318;319;321;322;325;327;330;331;332;334;335;336;338;340;347;349;350;351;353;355;358;360;361;362;363;366;370;371;376;377;378;380;381;382;383;385;387;389;392;393;397;401;403;404;405;407;408;409;410;416;417;418;419;423;427;428;429;432;434;435;441;442;443;447;448;449;450;453;456;459;461;463;464;466;467;468;469;470;471;473;475;476;477;478;479;484;485;488;489;490;493;495;496;497;499;502;503;504;506;507;510;513;516;520;521;522;523;526;528;529;531;533;535;536;539;540;541;544;545;546;550;557;559;561;567;568;569;570;571;572;573;575;578;580;584;585;587;589;590;592;593;594;601;603;604;605;607;608;610;612;614;615;616;622;623;624;625;627;630;632;634;636;639;640;641;643;644;645;647;648;649;655;656;658;661;662;663;664;665;666;668;669;673;674;675;677;679;681;682;683;686;688;691;692;693;694;697;698;699;700;701;702;706;707;710;714;716;717;720;721;722;725;728;729;730;732;733;734;738;740;741;742;743;744;745;746;747;752;753;755;759;760;763;766;767;768;769;770;773;774;775;776;777;779;780;784;786;787;790;791;792;793;795;796;799;805;808;812;815;816;819;820;825;826;828;829;830;832;834;835;836;839;840;842;843;852;853;855;858;862;869;870;872;874;876;877;879;880;881;882;883;888;891;894;897;899;903;905;907;910;911;916;919;926;927;933;936;938;939;940;941;943;944;947;949;953;956;957;958;959;960;964;965;966;967;968;972;973;975;976;977;978;979;980;984;985;986;989;993;996;997;998;999;1000
360;6;7;8;9;10;12;15;17;18;20;27;29;31;34;35;37;39;40;42;44;48;49;51;53;54;55;59;60;63;65;70;72;73;76;80;81;84;86;88;89;90;91;93;95;96;98;100;103;104;109;110;113;117;120;122;124;125;127;128;130;132;133;134;135;136;137;138;140;141;143;145;147;148;149;151;159;160;161;164;170;171;172;174;177;179;180;183;184;185;189;191;192;194;196;204;205;206;208;213;218;221;222;224;226;230;231;234;239;240;242;243;244;246;248;252;254;255;256;257;258;263;264;266;267;269;270;271;273;275;276;278;280;281;282;283;286;287;288;291;295;296;297;299;300;303;304;305;306;307;309;310;311;314;317;320;323;324;325;330;331;333;335;336;337;338;340;341;342;343;345;347;349;351;352;356;359;364;365;366;368;369;370;371;373;376;377;379;380;383;384;385;387;389;390;391;393;398;404;406;407;409;414;416;418;420;421;422;423;427;428;430;432;434;437;440;441;443;444;445;447;448;449;451;452;453;455;456;458;459;461;464;465;466;468;469;470;471;472;475;476;478;483;486;487;488;491;493;495;496;501;502;510;513;514;517;523;525;528;529;534;535;536;538;540;541;546;548;551;556;557;559;560;561;562;564;566;568;570;572;573;577;580;581;582;587;588;589;590;591;592;593;596;597;600;601;602;603;605;608;610;612;615;617;619;620;621;628;629;631;632;633;636;639;640;644;646;649;650;651;654;658;659;661;662;666;667;668;670;671;672;673;678;679;681;682;683;685;686;687;692;693;695;700;701;703;704;708;711;712;713;714;716;717;719;722;723;724;725;729;732;733;743;744;745;746;747;748;750;753;754;755;760;761;762;764;767;769;771;774;777;778;779;782;783;786;791;794;796;799;800;801;802;804;806;808;809;814;815;817;820;821;822;823;826;827;832;833;835;839;841;842;845;847;850;851;854;857;858;859;865;866;869;875;876;883;884;887;889;890;892;894;896;897;901;903;905;908;910;915;917;919;924;925;926;927;928;929;930;939;940;941;942;944;945;946;947;948;949;951;952;953;957;958;960;961;963;964;965;966;969;971;973;976;981;982;985;993;996
361;1;2;3;4;6;7;12;13;15;20;22;29;30;33;34;35;36;38;40;41;42;44;46;47;51;52;55;56;57;58;60;63;64;65;68;70;74;75;77;79;80;81;84;88;91;94;95;96;100;104;105;106;108;109;111;112;113;114;115;117;119;121;124;125;129;130;134;136;137;138;139;143;144;145;146;147;148;153;155;157;162;164;165;166;170;172;174;179;180;182;186;188;189;197;199;200;203;204;207;214;215;216;217;218;221;226;228;231;233;234;235;241;242;243;246;247;249;251;253;254;256;259;260;261;263;264;266;269;270;272;279;280;282;284;286;287;291;294;297;298;299;301;304;305;307;308;310;311;315;321;324;325;326;329;330;331;332;333;335;336;338;340;344;345;349;351;352;353;355;359;362;363;364;366;375;381;382;383;384;385;386;387;388;390;394;395;401;402;406;407;408;411;412;414;417;419;420;426;427;428;429;433;434;435;436;437;439;440;442;443;445;446;449;453;454;456;458;459;462;464;465;466;467;469;473;474;475;480;481;482;485;489;490;491;492;493;495;496;498;499;501;502;503;508;509;510;511;513;514;515;517;521;523;525;528;529;531;534;536;541;542;543;545;548;549;552;555;556;557;563;564;568;573;575;578;580;583;584;585;588;589;592;593;594;595;597;598;599;603;605;606;607;610;612;613;615;616;617;623;624;625;628;631;632;633;634;635;637;638;639;642;645;646;649;650;652;653;655;657;659;660;661;664;666;667;668;671;672;675;676;677;679;680;685;686;687;690;693;696;699;700;703;705;707;708;711;712;714;715;717;721;725;729;730;732;733;735;737;738;739;740;741;748;753;755;756;757;763;764;766;767;768;770;771;773;778;780;786;791;792;795;796;798;800;802;803;806;808;812;813;816;817;818;819;820;821;823;824;826;827;828;832;834;835;836;838;839;841;842;845;847;848;849;850;851;853;855;859;860;861;863;864;865;867;868;870;872;873;875;876;877;881;882;883;884;888;889;891;892;893;896;900;901;902;903;904;905;906;908;909;910;911;914;915;917;918;920;924;926;928;930;931;934;935;938;939;944;947;950;952;956;957;958;959;962;965;970;971;972;973;976;978;980;983;985;988;989;990;991;995;997;998;999
362;2;8;11;12;15;16;20;21;26;30;31;35;36;37;38;39;45;47;49;54;56;61;62;63;65;66;67;68;71;73;76;78;79;83;85;86;87;88;91;92;93;94;95;96;104;106;108;110;111;112;114;116;118;119;121;123;124;125;126;128;131;133;138;143;145;151;153;154;155;156;157;158;160;162;163;165;171;173;177;184;190;193;194;195;196;198;199;200;201;202;205;206;209;210;211;212;217;222;224;226;227;229;230;231;233;234;238;239;240;244;245;246;247;248;251;252;253;254;257;258;260;261;262;263;265;270;271;273;274;275;278;279;280;284;287;288;290;293;294;296;298;300;301;302;303;306;307;314;315;316;322;323;324;325;326;327;329;330;335;337;338;341;343;345;346;350;355;356;357;358;359;361;364;370;372;374;377;378;379;382;383;387;388;391;392;394;396;399;400;407;411;413;415;416;420;422;424;426;427;429;430;432;433;440;442;445;448;449;451;452;453;454;457;460;461;463;464;466;470;472;475;476;478;479;483;485;489;491;494;495;498;499;501;502;504;505;506;509;510;511;513;514;515;518;520;521;523;524;526;527;529;531;532;533;534;535;536;537;538;539;540;544;549;550;551;553;555;557;559;562;564;567;568;570;574;578;580;581;582;583;584;585;590;592;593;595;597;599;600;601;602;603;604;605;608;609;610;614;615;617;620;621;622;623;625;634;635;637;640;641;647;649;650;651;654;655;659;660;661;663;666;667;668;673;675;676;677;678;679;681;682;683;685;686;688;689;691;692;694;697;698;699;702;703;704;707;708;710;711;715;716;719;721;722;725;728;729;733;734;735;736;737;738;739;741;747;750;752;756;758;759;760;765;768;770;771;772;773;775;776;778;779;780;782;785;789;790;794;795;797;798;800;801;803;805;806;812;813;814;815;816;818;823;826;827;828;830;831;834;837;841;842;843;846;849;852;859;861;865;869;871;873;874;876;877;878;879;880;881;883;884;885;886;890;891;892;894;895;900;901;902;903;910;911;912;914;915;922;924;925;926;927;928;929;930;931;932;933;937;938;939;941;942;943;944;947;948;950;951;953;955;957;958;961;963;971;973;977;978;980;982;984;989;990;994;995;996;997;999
363;3;4;5;6;7;8;10;12;14;15;19;20;25;26;27;30;33;34;35;38;39;42;43;46;47;52;53;58;59;61;62;63;64;65;66;67;68;71;73;74;78;81;86;87;88;89;92;93;100;101;102;103;104;105;107;110;111;113;114;116;117;118;119;120;121;122;124;126;127;128;129;130;132;133;135;137;139;141;143;144;148;151;155;157;158;160;165;168;169;170;171;172;173;174;176;177;178;180;181;182;188;189;191;192;194;195;198;199;201;203;208;210;211;212;214;215;216;217;218;219;221;222;224;226;228;229;231;232;234;236;237;240;245;247;249;251;252;253;257;259;262;263;265;268;269;272;273;274;277;278;279;281;282;283;288;289;292;293;295;301;302;305;306;307;310;311;313;318;319;320;321;322;325;327;332;333;335;336;337;338;339;341;345;347;348;352;354;355;359;361;364;367;368;370;372;377;382;384;386;387;389;390;391;392;394;395;400;405;408;410;414;418;422;424;425;426;428;431;436;437;439;440;441;444;445;446;451;457;462;463;464;467;469;471;474;477;480;481;482;484;485;486;490;491;493;494;497;500;502;504;505;506;509;510;512;513;515;516;521;522;526;528;529;530;532;535;536;537;538;539;540;541;550;551;553;555;565;566;568;569;571;572;577;578;582;583;585;586;588;589;590;591;593;595;596;597;599;600;604;606;607;610;612;613;614;617;618;620;622;623;624;625;626;627;628;629;633;634;637;642;645;646;647;648;650;652;655;656;661;663;664;665;666;670;672;674;677;679;681;682;685;686;689;690;692;693;694;695;696;697;699;702;703;707;708;709;710;711;715;717;718;720;721;722;723;730;732;733;734;735;736;737;738;740;741;747;748;749;750;751;752;753;754;756;757;758;763;764;771;772;774;776;779;780;781;782;783;784;785;787;789;790;792;795;796;797;798;800;804;805;806;807;811;813;818;820;821;823;824;828;829;830;831;832;833;837;839;840;841;842;844;845;846;847;848;850;851;852;854;857;858;859;860;861;862;864;866;868;872;873;878;879;880;881;882;883;887;888;889;891;895;896;898;899;900;902;904;905;906;909;912;913;915;916;917;920;923;925;926;927;928;931;934;935;936;937;939;940;941;944;946;947;950;953;954;956;958;959;960;961;962;963;965;966;967;970;972;973;975;976;977;979;985;986;987;989;995;998;999
364;1;2;3;4;6;8;9;11;12;13;15;17;19;22;23;25;27;28;30;31;33;34;35;39;40;42;43;45;46;47;49;50;51;53;55;56;63;67;70;71;72;74;75;79;81;82;83;85;88;90;93;94;95;96;97;99;103;108;109;111;112;113;114;118;119;120;121;122;124;125;129;132;133;134;135;136;139;141;142;146;147;148;149;151;152;153;154;155;160;162;163;166;169;171;172;173;174;179;181;182;184;185;187;189;191;192;195;196;198;200;202;203;205;206;207;208;209;211;212;215;216;219;220;224;226;228;232;236;237;238;239;240;246;252;256;259;260;266;270;271;275;276;277;278;281;283;287;288;289;292;294;295;298;300;303;305;306;307;309;310;313;316;318;319;320;321;322;323;325;329;332;334;335;336;339;340;343;345;346;347;349;354;355;356;358;360;361;362;363;365;366;372;375;378;382;383;384;385;386;389;390;391;392;394;397;400;402;405;407;410;411;417;420;421;422;423;424;425;426;431;433;434;435;436;438;441;442;443;444;445;446;447;451;454;456;459;460;461;463;464;469;470;472;475;478;482;483;486;487;490;492;495;496;499;500;501;505;507;509;511;513;515;516;524;526;527;529;531;535;536;537;538;539;540;542;543;544;546;548;552;553;554;555;557;558;561;562;565;567;568;571;572;573;575;579;580;584;586;588;592;594;595;597;600;601;605;606;608;610;611;612;613;616;619;620;623;624;625;627;629;630;631;632;635;636;641;643;646;647;649;651;652;654;657;661;667;668;675;676;677;679;683;686;687;688;689;694;696;697;698;700;701;703;704;707;708;709;710;711;714;716;717;719;724;725;728;730;732;733;734;735;738;739;740;741;742;743;746;748;753;759;760;761;763;766;767;768;769;770;771;772;773;775;776;780;784;786;787;788;789;790;791;796;799;800;804;805;807;808;809;810;811;812;814;817;818;820;822;824;825;826;827;828;829;831;834;835;836;839;841;843;846;847;851;854;857;862;863;866;867;868;873;874;875;876;877;878;879;883;884;885;886;887;895;899;901;904;905;910;911;912;913;921;923;924;925;926;929;931;932;934;938;940;941;943;947;951;952;953;954;959;960;961;962;964;965;967;970;971;976;977;982;984;986;990;993;994;996;1000
365;1;4;5;6;10;11;15;16;17;19;23;26;27;29;30;39;41;42;49;50;51;58;62;63;67;69;70;71;72;74;75;76;78;79;82;83;84;86;87;88;89;93;94;95;103;107;109;110;111;112;113;114;117;119;120;121;123;124;127;128;129;130;141;142;143;144;145;146;149;151;152;153;154;156;157;163;164;166;170;171;172;173;175;177;178;181;182;186;187;188;191;192;194;197;199;200;201;203;204;205;206;207;208;209;211;212;213;215;217;218;219;220;222;224;226;227;232;233;238;241;242;248;250;251;254;255;256;257;266;267;268;271;272;273;275;276;277;278;282;283;284;286;290;291;292;295;298;299;303;307;308;311;312;313;315;316;318;320;321;325;326;327;329;331;334;335;336;337;339;341;342;344;345;346;347;350;351;352;353;354;355;356;357;360;364;367;368;369;370;371;373;374;376;377;379;381;382;385;386;387;388;390;391;395;397;399;401;403;404;405;406;407;412;413;414;416;419;421;423;424;426;427;428;429;431;432;433;434;437;441;444;445;446;448;452;454;455;459;460;461;464;466;467;470;473;474;477;481;484;486;489;492;495;497;498;500;501;503;504;505;506;511;512;513;514;515;516;517;523;525;528;529;530;533;534;536;538;539;541;544;545;546;547;548;549;553;554;555;556;558;560;561;562;564;565;567;570;571;574;575;577;580;581;582;583;587;590;592;595;596;599;601;604;608;611;612;613;616;617;625;630;632;633;634;638;644;645;647;649;651;654;655;656;663;664;665;667;671;674;675;676;677;678;680;681;682;683;685;687;692;695;697;698;700;701;704;709;710;714;715;716;722;724;727;728;730;732;733;734;735;736;738;739;742;744;746;749;750;752;753;755;757;758;759;761;765;766;768;772;773;774;776;777;782;784;786;789;791;793;794;795;796;798;802;803;804;805;806;807;809;810;811;814;815;818;821;825;827;829;830;832;834;835;837;838;840;848;850;852;858;859;863;864;866;871;872;874;875;880;881;882;883;887;888;890;891;892;894;896;897;900;901;904;907;908;909;910;912;913;921;924;926;927;928;929;930;933;934;936;938;940;941;944;945;947;949;952;953;954;957;958;960;961;962;963;966;967;969;970;971;974;975;977;979;982;985;988;991;997;998;1000
366;1;2;4;5;7;8;9;11;13;17;18;19;23;24;25;27;29;31;32;35;37;40;42;43;48;50;51;52;55;56;57;58;59;64;66;69;71;72;78;82;87;91;96;97;99;100;101;104;105;108;110;112;113;114;118;120;121;122;123;124;127;132;133;137;142;143;144;146;148;150;152;155;156;159;160;161;163;170;171;178;183;186;187;188;189;190;191;193;197;198;203;208;209;210;212;215;216;217;220;221;226;230;231;232;235;239;243;244;245;246;247;248;249;252;254;256;257;258;259;262;265;268;270;272;275;278;279;281;282;283;288;289;290;294;298;300;301;304;306;307;309;312;316;319;323;328;329;331;332;333;334;336;337;340;341;342;343;345;347;348;351;353;354;356;359;360;361;364;367;369;370;371;372;373;374;375;376;377;379;381;384;385;386;387;391;393;394;395;398;402;404;407;408;410;415;416;418;419;420;423;426;427;429;430;433;434;436;437;438;439;441;443;444;445;447;448;449;451;455;456;458;462;463;466;469;471;477;479;480;481;482;483;484;485;487;488;489;492;493;500;501;502;504;506;508;511;513;515;519;522;523;524;527;528;530;531;533;538;539;541;543;546;547;548;549;552;554;558;563;565;569;571;572;575;576;577;578;579;581;582;584;585;589;590;591;592;593;597;598;601;602;603;604;605;606;607;608;609;613;615;616;617;619;620;621;626;627;628;629;630;632;633;634;635;636;637;639;640;641;645;646;648;650;651;655;657;659;662;664;667;672;673;675;677;678;679;680;682;685;690;692;694;697;702;703;706;714;716;717;718;720;721;723;724;725;726;727;728;733;735;736;738;739;742;743;745;748;751;753;758;759;760;762;764;765;766;767;769;771;773;774;775;778;780;781;782;785;789;790;791;792;793;795;796;798;800;802;806;808;809;810;812;814;816;817;818;819;822;825;828;829;831;836;837;838;839;843;845;846;847;852;853;854;855;856;857;858;861;864;865;866;869;871;873;874;876;877;879;881;882;883;888;890;892;893;895;896;897;898;899;907;908;909;912;913;915;916;918;922;924;929;930;934;935;936;939;942;946;948;949;952;953;955;956;960;961;962;964;967;970;971;974;976;977;978;979;980;984;985;989;991;993;994;995;996
367;2;4;5;6;10;11;12;14;16;19;21;28;31;32;36;38;40;43;49;50;52;55;56;61;64;65;70;72;74;75;76;81;84;85;87;90;91;93;94;95;98;101;103;105;107;108;109;110;111;113;116;119;120;121;124;129;130;131;134;136;137;138;140;145;147;150;151;152;155;157;158;160;161;163;164;165;167;168;172;173;176;177;178;181;185;188;190;194;196;198;199;200;202;203;205;206;207;209;211;214;216;219;220;222;224;225;228;229;230;231;234;236;238;240;242;246;248;249;250;252;256;259;261;264;266;267;268;269;271;274;275;277;279;280;281;282;283;285;287;288;289;290;291;292;294;295;298;303;306;307;308;311;312;316;318;320;322;323;325;329;330;335;338;344;345;354;355;363;365;366;368;369;372;374;379;380;381;385;391;392;395;396;399;404;405;408;409;411;412;413;415;416;417;418;419;422;423;424;426;427;429;430;431;433;436;438;439;441;443;446;447;448;450;451;452;456;457;458;461;466;468;472;474;475;476;481;482;483;487;490;494;495;497;498;499;500;501;502;504;505;506;508;511;515;516;517;518;519;521;527;529;531;532;533;535;537;539;540;544;546;550;554;555;560;561;562;564;566;567;568;571;574;579;580;581;582;584;586;587;590;591;594;598;600;601;602;603;606;608;611;612;613;614;615;617;618;620;622;624;625;628;629;630;632;633;637;638;640;641;642;644;645;646;647;649;651;652;655;656;661;662;663;664;666;667;671;672;674;676;677;678;683;685;686;687;688;690;693;700;706;707;709;710;712;713;714;715;716;717;718;719;720;723;724;725;726;727;728;729;733;735;738;739;741;742;745;746;750;753;754;755;758;760;761;767;769;771;773;774;776;777;781;782;784;785;786;788;789;790;791;792;794;795;797;798;800;802;803;805;808;810;811;815;816;819;823;824;825;826;828;830;832;833;834;835;836;837;842;844;848;853;856;858;859;862;863;865;867;869;871;872;873;874;879;880;882;883;884;885;886;888;889;891;896;897;900;901;903;906;909;916;917;918;919;922;923;924;926;927;928;929;931;933;934;935;936;937;940;945;947;948;949;952;953;956;957;958;963;967;968;969;970;971;972;983;984;985;986;990;992;993;996;997;998;1000
368;1;6;7;8;12;13;14;15;16;19;21;23;24;28;29;30;31;32;33;34;35;38;39;40;41;42;43;46;47;49;53;55;56;57;58;59;63;64;68;69;71;72;73;79;81;83;85;89;90;91;92;93;97;98;99;100;102;103;105;107;108;109;110;112;113;115;117;122;124;125;126;130;132;133;136;138;139;140;141;145;146;149;152;153;154;155;158;160;161;162;163;164;171;172;174;177;178;180;182;184;185;186;191;192;193;194;196;199;200;201;202;203;205;207;208;209;210;212;213;217;219;223;225;230;231;232;233;234;235;237;241;244;245;246;247;248;249;252;253;254;255;261;262;263;264;267;268;276;277;279;280;281;284;286;289;290;291;292;296;298;302;303;304;305;307;308;309;310;312;313;316;320;330;331;334;335;336;338;339;340;347;348;350;354;355;360;363;365;367;371;374;375;376;377;379;387;389;393;395;396;397;399;400;401;404;406;407;410;413;417;418;420;422;424;435;437;438;440;441;442;444;447;449;451;452;453;454;455;456;459;461;462;463;464;465;466;469;470;474;476;477;481;483;487;488;492;493;494;497;500;502;503;507;508;510;511;513;515;516;520;521;525;526;527;528;529;530;532;537;541;542;543;550;552;554;555;556;557;558;559;561;562;563;564;565;570;571;572;575;577;578;582;583;584;585;586;589;591;592;598;599;604;606;609;610;612;614;616;617;619;623;627;629;632;634;637;639;640;643;644;645;651;654;656;657;659;660;661;662;663;665;666;671;673;676;677;678;683;684;685;687;688;691;692;693;695;697;700;702;704;705;706;707;709;713;715;716;717;718;719;720;722;723;724;725;726;728;729;730;733;739;741;742;744;745;746;749;750;755;757;761;764;765;766;767;768;769;773;774;777;778;779;781;782;783;785;787;789;790;792;795;796;798;804;806;808;809;810;813;814;817;821;823;824;825;827;828;830;831;834;835;836;840;843;844;845;846;847;848;853;854;855;856;858;859;861;862;864;866;867;868;872;874;878;880;882;883;886;888;893;894;895;897;904;907;914;915;916;917;919;920;922;925;927;928;929;930;933;934;935;936;937;938;939;943;945;947;948;950;955;956;962;964;967;968;969;971;973;974;976;978;979;982;983;984;987;988;989;990;993;996;999
369;1;4;5;6;9;11;12;14;16;18;19;21;24;25;27;30;31;32;33;34;35;36;39;40;42;44;49;55;60;61;62;63;64;67;68;69;70;71;72;75;76;77;79;82;84;86;87;88;89;91;93;94;97;100;104;106;108;109;110;114;116;118;119;125;126;127;128;129;130;133;139;141;142;143;145;150;152;153;154;160;162;163;164;166;167;169;170;171;172;176;177;181;183;184;186;191;192;193;194;196;197;198;202;203;204;205;210;211;214;215;217;218;219;221;222;223;225;226;227;229;231;232;234;237;238;240;243;245;248;250;251;252;253;254;256;257;258;260;261;262;263;266;268;269;275;276;277;279;282;285;288;289;291;292;294;295;297;298;303;304;305;307;310;311;315;318;321;322;323;327;330;334;336;337;338;341;342;343;344;351;353;354;357;360;365;366;367;372;373;374;375;376;378;379;380;383;385;387;388;389;392;394;395;396;397;398;406;407;408;410;411;412;415;416;419;424;426;427;433;436;440;443;445;446;447;448;449;451;457;458;461;465;466;468;470;473;474;479;481;486;487;489;490;491;492;494;496;498;500;501;502;503;504;507;508;509;511;513;514;516;517;518;519;520;521;522;523;525;526;530;532;533;534;535;540;541;544;549;552;555;556;558;560;561;563;564;567;571;573;576;578;579;580;584;585;586;587;591;593;594;595;597;598;600;604;606;609;611;612;615;617;618;619;622;625;627;628;629;631;632;635;637;639;640;645;646;648;649;650;651;653;655;657;660;662;663;664;665;667;670;672;673;675;678;681;683;688;689;690;693;695;696;698;699;701;702;704;705;706;708;709;712;717;719;724;726;727;728;729;733;734;736;737;740;742;743;744;746;747;748;750;752;753;755;763;765;767;770;771;772;773;774;778;779;784;785;787;788;789;793;794;796;803;805;806;807;813;814;816;817;818;823;824;826;829;830;831;833;835;836;837;839;842;843;844;845;847;848;851;854;855;856;861;862;865;866;868;869;873;874;875;880;882;883;884;887;888;889;891;893;894;895;899;900;902;904;909;913;916;917;918;922;923;927;928;929;933;934;935;940;945;948;951;952;953;954;955;956;957;958;959;963;965;966;967;968;969;972;973;974;976;977;978;980;981;984;988;990;991;992;993;994;995
370;1;3;4;10;11;12;13;16;17;20;21;25;27;30;31;37;38;39;42;43;44;45;47;48;49;50;52;54;55;56;59;60;61;62;65;66;70;71;73;74;75;76;78;79;82;85;86;90;91;95;97;99;101;105;107;109;112;113;114;116;117;119;120;123;127;129;130;132;135;136;139;140;142;143;144;145;146;147;154;156;157;161;162;163;164;166;167;169;170;172;173;176;178;180;181;182;184;185;186;187;189;197;199;200;203;205;206;207;209;211;212;213;214;215;216;217;218;222;225;227;228;230;232;233;238;241;242;243;248;250;251;252;254;257;258;260;261;262;263;264;265;268;270;271;273;274;275;276;277;279;283;285;287;288;289;291;293;294;295;296;297;300;303;304;305;306;307;312;316;320;321;322;324;325;326;328;329;330;332;333;334;337;338;339;340;342;344;347;351;353;355;359;360;362;363;365;366;371;374;375;376;379;380;385;386;387;388;389;390;392;394;396;398;400;402;404;406;407;408;409;410;411;412;413;414;418;419;420;422;423;424;427;430;431;432;436;439;441;442;443;444;446;447;448;451;452;453;456;458;459;463;464;465;468;471;472;476;478;480;482;488;490;492;493;496;499;502;503;508;511;512;513;514;516;517;520;522;523;524;525;530;531;533;536;538;540;542;543;544;546;547;552;555;556;559;562;564;565;566;567;571;576;579;580;582;583;584;585;586;587;588;591;597;598;600;602;606;607;610;611;615;616;617;618;621;622;630;631;633;634;635;636;637;642;643;649;650;651;652;654;657;658;659;661;662;664;667;668;669;670;671;673;675;678;680;681;682;683;686;689;691;692;693;695;697;700;702;703;705;706;708;710;711;712;715;721;722;723;724;725;726;727;728;729;730;731;732;734;735;737;738;740;742;745;748;750;753;755;756;757;761;763;766;767;768;769;770;772;773;775;776;780;786;788;794;795;798;800;801;802;803;806;808;809;810;812;813;814;815;816;819;820;821;822;825;826;829;830;831;832;836;838;846;847;848;850;851;853;854;855;857;858;859;860;866;867;869;870;871;872;873;875;877;878;883;885;886;891;892;894;895;896;898;901;902;906;907;911;913;914;915;917;918;919;921;923;925;926;927;928;929;930;931;933;934;935;938;939;940;941;942;943;955;956;959;960;961;962;963;967;968;969;970;972;973;974;975;976;978;979;980;982;984;986;987;988;990;994;995;996;999
371;4;5;6;7;10;11;12;14;15;17;20;21;22;24;25;29;30;33;34;35;38;41;43;46;48;51;54;55;57;58;59;62;64;68;69;74;79;80;84;86;89;90;91;94;95;102;104;106;107;110;114;115;116;119;121;122;123;124;127;133;134;141;142;146;148;151;156;158;161;162;163;166;167;169;171;173;175;176;177;178;180;181;182;185;186;188;189;190;191;192;193;195;198;199;200;202;205;210;211;212;213;214;215;218;219;221;224;225;227;234;239;241;242;243;244;245;251;254;255;256;262;264;265;267;271;272;273;275;277;278;282;283;284;287;288;292;293;295;296;297;298;300;301;302;304;307;311;313;314;317;318;319;320;321;322;323;329;330;333;334;335;336;337;338;341;342;347;348;349;350;351;352;354;358;359;360;365;366;368;370;374;376;377;378;379;383;386;388;392;393;395;396;399;402;403;404;405;406;407;408;409;411;412;413;417;419;420;424;426;429;430;433;435;436;437;439;441;444;446;447;449;451;455;463;464;467;469;470;475;477;479;480;483;485;486;487;490;491;492;493;494;495;496;499;500;503;504;508;511;514;518;519;520;523;525;527;530;532;533;536;538;539;541;542;543;545;549;552;559;561;564;565;567;571;572;573;578;580;589;590;593;596;599;602;605;607;609;610;611;612;613;614;615;616;617;621;625;627;628;629;632;633;634;637;638;639;642;643;644;647;649;654;656;657;658;660;661;662;664;666;669;671;674;675;677;678;679;680;683;684;687;689;691;692;694;698;700;701;702;705;706;707;708;710;713;714;715;716;717;719;722;723;724;728;729;730;731;734;736;737;738;740;741;742;745;748;749;750;753;755;756;758;763;764;765;766;768;769;771;775;776;779;783;785;786;787;788;790;797;798;799;801;802;803;805;809;810;813;815;816;818;820;822;823;824;825;827;831;833;837;838;839;843;844;846;847;848;849;851;853;856;857;858;859;863;864;867;868;872;873;874;875;876;878;881;883;884;885;886;888;890;898;899;900;901;902;903;904;907;908;909;910;911;919;921;922;924;926;928;929;930;933;934;936;939;940;942;943;944;946;948;950;956;957;961;962;965;966;967;968;969;970;971;975;981;982;984;989;993;995;996;998
372;1;3;4;5;6;8;11;12;13;15;23;25;26;31;34;35;38;42;44;46;47;49;50;52;55;56;58;60;62;64;67;68;70;73;75;76;77;78;80;85;86;90;91;92;93;96;97;98;100;102;103;104;106;107;109;110;112;113;114;117;119;122;123;125;130;131;141;143;144;145;148;154;155;156;158;160;163;166;168;172;175;178;179;180;181;182;183;187;190;191;192;195;197;198;204;205;206;207;209;210;213;219;220;223;224;225;229;230;233;235;238;240;242;243;244;245;252;254;258;261;264;268;269;270;271;272;275;277;278;280;281;282;283;286;287;288;289;296;297;298;299;302;303;306;309;310;311;312;313;315;319;321;322;323;324;326;329;331;333;334;335;337;338;341;344;348;349;350;354;355;358;362;363;364;366;367;369;373;374;376;377;379;380;384;386;388;389;391;392;393;394;397;399;401;402;403;405;406;408;409;410;411;412;413;415;416;420;423;426;428;429;430;431;434;435;436;438;440;443;445;446;447;449;452;456;457;463;468;469;470;471;473;477;479;481;482;484;486;488;493;494;495;496;497;499;500;501;502;503;507;508;509;510;511;512;515;516;517;519;520;521;522;523;524;527;529;533;535;536;540;541;542;543;546;553;555;557;559;560;561;564;566;567;568;570;572;577;578;580;582;584;585;587;589;597;601;602;606;608;613;614;616;618;619;620;624;625;627;629;631;635;637;639;641;650;651;652;654;655;657;658;662;663;666;667;668;669;673;674;676;679;681;682;684;685;687;689;690;691;692;693;694;697;699;701;703;704;705;706;707;708;712;714;716;717;718;723;725;726;727;732;735;736;738;740;742;743;744;747;748;749;751;752;753;754;756;757;758;759;760;761;766;773;775;777;779;782;785;786;787;788;789;790;791;792;793;798;803;804;806;807;809;812;816;817;819;821;823;829;830;831;832;833;834;835;836;838;840;843;844;847;851;852;854;857;860;865;867;869;874;877;878;879;882;883;884;885;890;892;894;898;899;900;902;904;905;909;910;911;912;913;915;916;917;919;921;925;928;931;935;938;940;941;942;945;946;949;952;953;954;955;958;959;960;963;964;969;970;971;973;976;978;980;984;985;986;991;992;993;995;998;999;1000
373;1;2;7;10;11;14;15;17;18;21;24;25;27;28;29;30;35;36;37;42;43;45;47;51;52;53;56;57;59;62;65;66;67;73;76;77;78;81;83;84;85;86;87;90;91;93;96;97;98;99;100;102;103;104;105;107;108;109;113;114;115;119;120;121;123;124;125;126;127;128;129;132;134;137;138;142;144;145;148;154;156;157;158;160;163;165;166;168;170;171;173;174;176;177;180;182;183;185;186;187;188;193;201;202;204;207;208;209;210;211;213;216;217;221;223;226;231;233;234;237;238;239;240;242;243;246;247;248;249;250;251;252;254;257;258;260;262;263;265;266;268;270;272;274;280;281;282;283;284;285;290;292;294;296;297;298;299;305;306;307;308;311;312;315;316;318;319;320;322;323;324;325;327;330;334;335;337;338;339;341;344;348;351;353;358;360;365;366;369;372;376;379;380;382;383;384;388;389;392;396;401;403;405;408;409;412;414;416;417;420;424;426;427;428;429;430;431;432;433;434;435;437;443;454;455;456;457;460;462;463;466;467;468;470;473;474;475;477;480;482;484;485;486;489;491;492;497;498;499;500;501;502;509;510;511;513;514;516;524;525;530;531;534;539;540;541;542;543;544;549;550;552;553;555;556;558;561;562;563;564;565;567;569;571;574;575;576;577;578;580;583;584;585;588;590;592;593;595;596;599;601;603;606;608;610;612;614;616;618;621;622;624;625;627;628;630;632;637;638;640;641;642;643;644;646;647;648;649;652;653;660;661;662;665;669;671;673;681;690;692;694;696;697;700;701;702;704;705;710;711;712;713;717;718;719;720;721;725;726;728;729;730;736;738;739;740;746;748;749;762;767;768;769;772;776;777;778;780;781;782;784;785;786;791;793;794;797;799;800;802;804;806;807;808;809;813;815;816;818;819;821;822;825;826;828;832;833;834;836;837;838;839;841;842;844;846;849;850;851;852;853;854;856;858;861;863;869;870;871;872;873;880;883;884;888;892;898;905;907;909;910;914;916;917;918;920;923;925;926;927;932;935;937;939;940;941;943;944;946;949;950;952;953;954;958;959;960;970;972;975;976;982;984;985;986;987;989;993;994;996;997;998;999;1000
374;2;4;5;6;7;8;9;10;11;12;13;18;21;23;25;27;29;35;38;39;40;41;45;48;50;53;56;60;61;63;67;70;71;72;74;79;82;83;85;90;96;97;98;99;101;102;104;109;111;112;116;118;119;121;122;124;125;126;129;130;136;137;138;139;142;145;147;152;155;156;157;158;159;160;162;164;168;170;171;173;175;176;177;178;180;182;183;187;193;195;198;202;204;206;207;209;211;212;214;218;221;222;227;228;229;230;232;234;235;237;238;240;242;244;245;253;254;255;257;261;270;272;273;274;275;276;278;280;283;287;288;290;292;293;296;297;300;305;309;312;314;317;320;322;323;324;327;330;331;334;336;337;339;340;342;343;346;347;348;349;351;352;355;356;358;362;365;366;367;368;369;370;371;372;376;379;382;385;387;390;393;395;396;398;401;402;403;405;412;415;417;419;421;422;423;424;425;426;428;431;432;433;434;435;436;437;438;443;445;446;447;450;451;452;453;455;459;461;463;465;468;469;474;476;480;481;483;487;488;489;490;492;495;500;501;503;504;506;507;508;511;513;516;518;519;520;521;523;524;525;529;530;531;532;533;534;535;537;538;540;541;546;547;549;550;553;555;556;558;563;564;566;567;568;571;572;574;576;579;580;581;582;585;588;591;593;595;596;597;598;601;607;609;613;615;616;618;619;620;621;622;624;628;629;632;633;634;635;637;638;639;640;643;644;645;654;656;657;660;663;665;666;667;668;669;675;676;677;681;682;690;691;696;697;698;700;703;705;706;708;709;710;712;713;718;722;723;725;726;727;728;729;733;734;736;737;738;739;740;742;743;744;746;755;757;760;761;762;770;771;775;776;777;779;780;782;783;787;789;791;792;794;795;796;798;800;805;807;808;810;812;814;815;816;818;820;821;822;824;825;827;831;832;834;835;837;838;840;843;845;849;852;853;854;859;862;863;866;867;868;869;870;872;873;874;875;878;879;880;881;883;884;885;887;897;898;899;900;902;903;904;907;908;909;910;912;914;916;917;919;920;922;923;924;927;928;935;938;944;945;946;948;955;957;958;959;960;961;963;968;971;974;975;986;990;991;995;1000
375;2;3;4;5;14;19;20;22;24;25;26;27;30;31;38;41;42;43;44;46;47;50;53;57;59;61;63;64;66;67;68;69;71;72;76;77;78;79;81;82;84;85;87;88;89;92;94;95;98;99;100;105;106;108;109;111;113;114;119;120;124;125;127;129;135;136;138;140;141;144;146;147;150;152;154;155;156;157;159;160;162;163;164;167;169;170;173;175;177;178;180;182;187;191;192;194;195;197;198;201;202;205;206;208;209;210;211;212;215;217;219;220;222;223;224;225;226;227;228;229;230;234;235;238;239;241;242;244;246;248;249;250;257;259;262;263;264;265;268;271;275;277;280;281;283;284;285;286;287;289;290;294;295;297;298;300;304;311;313;314;316;318;320;323;324;325;327;328;329;331;332;333;337;338;339;341;343;344;346;353;354;355;357;361;364;366;368;369;370;378;381;384;390;392;393;394;395;400;401;404;406;410;413;414;421;423;424;426;429;431;434;435;439;441;443;444;445;447;450;451;452;453;454;456;459;460;464;465;466;467;470;471;474;475;476;477;479;480;481;482;483;484;485;486;488;491;492;494;497;499;501;504;507;508;514;515;516;517;518;523;524;525;530;531;532;534;536;537;538;539;541;542;546;547;548;549;550;554;555;560;561;562;565;566;567;568;572;573;579;580;581;583;584;592;596;599;603;604;605;611;614;617;618;620;621;623;624;625;633;634;635;639;640;641;642;645;647;649;650;651;652;653;654;655;658;660;661;663;664;668;670;672;673;674;675;676;677;680;681;682;683;684;686;687;688;689;692;693;694;697;700;703;704;705;706;707;709;711;714;716;722;726;727;728;729;731;734;735;737;741;744;745;748;749;752;755;756;758;759;760;761;763;764;768;774;775;778;779;780;782;786;787;793;799;800;801;805;807;808;809;811;813;815;816;817;819;822;824;827;829;830;831;832;834;843;844;845;848;849;853;858;860;862;869;871;874;875;878;879;885;887;889;890;892;896;898;899;900;901;902;905;906;907;909;914;916;917;918;919;920;921;922;926;929;935;938;939;940;942;944;945;946;949;954;955;959;960;961;963;964;965;967;971;972;973;974;976;978;979;981;982;983;984;986;989;991;993;995;996;997;998;999
376;1;7;8;9;12;13;14;15;16;19;21;24;25;26;27;29;34;36;39;46;47;48;49;51;53;54;57;62;63;64;67;68;72;73;74;75;79;83;91;92;93;94;95;99;103;104;106;110;111;113;114;115;116;118;119;121;124;125;126;127;128;129;130;131;132;135;137;138;139;140;141;143;147;151;153;154;157;160;162;164;165;166;167;169;172;173;174;175;184;185;186;189;190;191;192;193;195;198;199;200;201;203;205;208;211;212;216;217;218;220;223;224;225;226;228;229;232;237;241;244;245;246;247;248;253;254;255;257;260;264;265;274;275;276;277;280;281;284;286;287;288;289;292;293;294;295;296;298;299;300;301;302;303;306;307;308;309;314;316;318;319;320;325;326;329;331;332;335;336;338;339;340;342;344;345;349;350;352;358;359;360;365;366;368;369;370;371;372;373;374;377;378;379;382;383;387;393;394;395;396;397;398;400;401;402;403;404;411;414;422;423;424;427;429;430;431;432;434;437;439;440;441;443;445;446;448;451;454;455;458;459;461;462;464;465;466;471;474;476;480;483;486;488;490;491;497;498;499;504;505;506;508;509;514;515;516;518;519;522;524;526;527;530;531;535;536;538;539;541;545;546;547;549;551;552;554;556;558;559;560;561;564;565;567;571;572;573;575;581;582;586;587;588;591;592;593;594;595;596;597;598;600;602;604;606;607;613;616;618;619;620;622;625;627;630;632;634;638;639;640;642;645;647;649;650;651;652;655;656;657;659;660;661;662;665;667;669;671;672;673;674;676;677;679;680;681;682;683;685;686;688;691;697;699;701;702;703;705;707;709;713;714;715;716;717;718;719;720;722;723;727;728;732;733;734;738;739;740;743;744;747;748;749;750;751;753;754;755;756;757;759;762;764;768;769;771;772;774;775;776;779;783;784;785;789;791;792;793;796;798;799;801;804;808;810;811;813;816;818;819;820;821;822;827;828;829;831;834;837;839;841;842;844;846;847;851;852;853;856;860;861;862;864;865;866;869;870;871;873;874;879;883;884;886;887;888;891;898;899;900;901;905;907;909;910;914;915;916;918;919;920;921;926;927;928;929;930;931;932;933;936;937;938;942;943;947;948;950;954;957;959;962;963;966;968;969;970;971;973;975;979;984;985;988;989;992;996;997
377;1;4;8;9;10;13;16;19;20;21;22;23;24;26;27;28;29;30;32;33;36;37;41;43;45;46;48;49;52;54;56;59;60;61;63;66;67;69;70;71;73;74;76;77;80;81;82;85;88;89;90;92;93;97;99;100;101;102;106;107;108;109;110;112;114;116;118;119;120;122;123;125;126;127;128;132;134;138;139;140;141;145;147;152;153;156;157;158;159;171;173;177;180;183;186;187;189;191;192;193;195;197;200;201;205;209;211;213;218;220;221;223;224;225;226;227;231;232;233;238;240;241;243;244;245;246;247;248;249;252;253;254;261;262;268;270;275;276;279;280;282;284;286;288;289;290;291;293;295;296;297;300;301;304;305;306;311;317;318;319;322;323;324;325;327;329;332;336;337;338;340;341;342;343;344;345;347;349;350;351;352;354;355;356;357;358;359;360;362;363;365;366;368;371;372;376;380;383;384;386;387;389;391;392;396;397;403;405;406;408;410;411;414;416;417;419;424;428;430;432;435;436;438;441;442;448;451;453;455;460;461;462;466;467;470;471;474;475;476;478;479;480;482;483;488;489;490;491;492;493;494;495;498;499;500;501;504;505;508;510;513;517;520;521;523;524;528;529;532;535;536;537;540;542;547;549;550;554;556;557;559;560;563;569;570;571;574;575;577;578;583;585;586;587;589;591;594;596;597;603;604;606;607;608;609;611;613;615;616;617;622;624;627;629;630;633;636;637;639;640;643;644;646;648;650;651;656;659;660;662;663;664;665;669;673;675;676;679;680;681;682;683;685;687;688;692;694;695;698;699;700;701;702;707;711;712;713;719;720;721;722;723;725;730;731;732;733;734;735;739;742;744;747;750;751;752;755;757;761;763;766;771;772;774;776;777;779;781;785;786;792;793;798;799;800;802;803;807;812;815;817;819;820;821;822;826;831;832;834;837;840;843;845;847;851;853;855;856;860;861;862;863;867;871;877;878;881;884;885;886;887;894;896;897;902;903;904;905;910;912;913;914;921;922;923;924;925;928;940;941;944;945;946;948;954;958;960;962;964;965;968;969;971;972;977;981;982;984;986;987;988;989;990;992;994;996;998
378;1;2;5;6;10;13;14;16;17;18;19;20;25;31;32;33;34;35;36;38;39;40;43;45;46;52;54;56;59;60;61;68;69;72;73;74;77;78;81;82;83;84;85;86;87;89;90;91;92;96;97;101;102;104;105;107;108;110;111;113;114;115;119;121;122;124;130;131;132;134;135;136;137;138;141;148;149;151;153;154;155;158;161;162;163;164;166;167;168;169;172;174;183;186;187;188;190;192;193;194;196;201;206;207;208;211;212;213;215;216;220;222;223;224;225;226;229;231;232;233;237;240;241;242;243;244;245;247;249;250;251;252;253;254;257;260;261;262;266;267;269;270;271;273;276;279;280;281;282;283;284;285;286;287;291;293;294;295;296;297;300;304;312;313;314;315;317;320;321;326;327;330;331;334;336;338;339;341;342;343;344;345;346;347;349;350;354;355;358;359;362;364;369;371;375;376;380;381;382;383;384;387;389;390;392;394;396;402;404;405;406;407;409;410;411;412;414;420;422;424;425;426;428;429;430;431;432;435;436;438;439;444;445;447;450;451;453;455;456;457;458;461;462;463;464;469;470;471;472;473;474;476;478;481;482;483;484;485;487;488;489;491;492;493;498;500;501;502;503;504;506;507;508;510;512;517;519;522;523;526;527;528;529;531;533;534;535;539;540;542;546;547;553;556;558;562;563;565;566;568;569;574;575;576;577;580;581;583;585;586;589;590;591;592;594;595;596;598;599;601;602;603;609;610;611;612;613;614;619;620;623;625;632;633;635;636;637;638;644;646;647;648;649;650;653;655;656;658;659;663;665;666;667;668;672;673;674;675;677;683;684;688;691;692;693;696;697;698;699;702;704;705;706;709;710;712;713;714;716;717;719;720;721;723;726;727;729;731;733;738;740;742;743;744;745;748;751;754;755;757;759;761;765;766;768;769;771;772;774;775;776;777;778;780;781;782;783;784;786;789;791;792;793;794;797;798;802;803;804;805;806;807;808;811;812;818;820;829;831;832;833;836;840;841;843;847;849;856;859;860;861;862;863;868;869;870;875;877;878;879;883;886;887;888;895;896;897;899;900;901;902;903;904;907;908;909;910;911;914;917;918;919;920;921;922;924;925;927;931;932;933;939;941;945;956;960;962;963;966;967;971;972;974;978;979;982;986;987;988;991;993;994;996;997
379;3;4;6;9;11;14;15;16;18;21;24;25;26;27;30;36;37;38;40;41;42;43;44;45;46;47;50;52;54;57;58;59;60;61;63;64;65;67;72;74;75;78;80;82;83;91;95;96;97;100;101;104;105;110;112;113;114;116;119;120;123;124;125;128;133;136;138;139;141;145;151;156;161;163;164;165;168;169;170;173;175;177;179;183;184;185;188;190;191;192;193;194;199;200;203;206;207;208;210;211;215;216;217;222;224;225;226;228;230;231;232;234;235;238;239;240;241;243;244;245;246;251;257;258;259;260;261;262;263;264;265;267;268;269;271;274;276;277;280;281;283;284;288;289;291;295;296;297;298;301;302;303;306;308;312;313;317;319;320;326;328;329;330;334;337;339;347;349;350;358;360;362;365;366;367;368;369;370;371;372;373;374;376;380;383;385;392;397;400;401;403;405;406;407;409;411;412;413;414;415;417;418;420;423;428;431;432;435;436;439;440;443;445;446;451;452;455;456;457;461;462;463;464;465;467;469;473;475;477;478;480;484;485;487;488;489;490;491;492;493;494;495;497;501;503;504;505;507;508;511;513;514;521;525;527;529;531;532;533;536;539;541;543;544;549;550;551;552;554;555;557;558;561;564;566;569;571;572;575;576;577;579;580;581;582;586;587;589;590;595;597;599;601;602;603;604;607;608;610;612;615;617;618;620;621;622;623;626;628;630;632;635;636;637;639;641;643;644;645;646;647;648;649;650;651;654;662;663;664;665;666;668;669;671;673;674;675;682;685;688;689;690;691;692;693;695;696;697;698;699;702;704;705;707;708;709;711;712;714;715;716;717;718;720;721;723;724;728;730;735;739;741;743;744;747;748;749;750;751;752;754;757;759;767;770;771;772;774;775;776;779;780;781;785;791;793;794;795;797;798;799;801;803;806;809;813;814;817;818;823;824;825;831;832;833;834;835;836;839;843;844;845;848;849;851;855;860;862;863;864;865;866;868;869;872;873;874;875;876;877;882;883;886;887;888;889;890;891;894;896;897;898;899;902;903;904;905;906;907;910;913;914;917;918;919;921;922;923;924;927;929;930;931;932;933;934;935;937;938;939;942;943;944;945;948;950;953;954;955;956;959;964;967;968;974;975;979;980;981;982;983;984;986;987;988;990;991;992;994;995;998;999
380;1;2;4;5;7;8;10;13;14;15;16;17;19;23;25;26;28;29;30;32;33;37;38;42;45;47;49;50;53;57;58;59;60;62;63;65;66;68;69;70;71;73;75;76;77;88;89;90;93;96;101;109;110;114;117;119;121;122;127;128;129;130;132;135;136;137;138;140;143;145;148;150;151;155;156;157;158;162;166;168;169;171;172;174;175;176;177;178;179;182;183;184;185;186;187;189;191;192;193;194;195;196;200;201;202;204;206;208;212;213;214;215;217;218;220;223;226;227;232;234;235;237;238;239;240;244;245;246;248;251;253;254;257;258;259;260;263;264;265;267;268;271;272;276;281;282;283;284;289;290;292;293;296;297;298;299;300;302;304;305;310;312;315;317;319;321;322;323;324;326;330;331;333;335;336;337;338;339;343;344;346;348;350;351;353;355;356;358;359;360;367;369;370;372;373;377;378;379;381;383;384;386;387;390;393;394;399;400;402;403;405;406;408;410;413;414;415;421;424;426;427;430;431;432;433;434;435;438;439;442;443;444;447;451;452;453;454;458;460;461;462;464;467;468;469;470;471;472;473;474;475;476;478;479;480;481;482;483;488;491;492;497;500;501;505;506;510;511;512;516;518;520;526;528;530;533;536;538;541;543;545;549;551;552;556;557;558;560;565;566;567;568;571;572;574;576;580;581;584;593;594;595;600;601;606;607;613;616;617;620;622;623;624;625;628;630;631;633;634;635;637;639;643;645;652;654;656;657;658;659;661;662;663;665;666;667;669;670;672;679;681;682;683;684;686;688;690;692;694;695;697;700;703;704;705;707;708;709;713;715;717;718;720;721;722;724;726;727;728;729;730;733;734;735;737;738;739;740;742;745;747;748;749;750;760;761;762;763;764;765;768;769;771;772;775;777;778;779;782;783;785;789;794;797;800;801;802;803;805;806;811;812;816;817;819;820;822;823;825;826;829;831;833;834;835;837;838;839;840;845;847;855;858;859;860;861;862;863;864;868;869;872;873;875;876;878;879;880;881;883;884;885;886;887;888;891;893;894;899;900;901;902;903;904;908;910;911;914;915;916;918;919;922;923;925;926;928;929;930;933;934;935;936;938;939;942;944;945;946;947;950;952;956;960;961;964;965;966;969;971;972;973;975;977;981;982;985;989;991;992;994;995;996;997;998;1000
381;2;7;8;13;16;21;22;24;25;27;30;32;34;35;36;38;39;40;41;42;46;51;52;53;57;59;63;64;65;66;68;73;75;77;81;82;85;86;87;90;91;92;100;101;103;107;108;111;112;113;119;122;124;125;126;128;129;131;132;134;135;136;140;141;142;143;144;145;146;147;148;149;151;153;159;160;162;171;172;177;178;182;183;190;191;192;193;194;197;199;200;201;203;204;205;206;211;214;217;219;221;227;229;230;231;233;234;237;238;242;243;244;246;250;254;257;260;264;265;267;268;269;270;271;272;275;277;279;280;281;282;283;286;290;295;296;297;299;302;303;304;305;306;308;309;311;313;314;319;322;325;330;332;334;336;337;338;340;344;345;349;350;352;354;356;358;359;361;365;366;367;375;378;380;382;384;386;388;390;393;396;399;404;405;413;414;416;417;418;420;421;423;426;428;429;430;435;436;437;438;440;441;442;444;445;447;451;452;453;456;459;462;463;467;468;469;470;473;475;476;479;480;481;482;483;485;486;487;489;490;494;495;496;497;499;505;507;508;513;515;517;519;520;521;522;524;525;526;530;533;534;536;538;540;543;544;548;549;552;553;556;559;560;561;562;563;564;566;573;575;576;580;581;583;585;587;590;591;595;596;597;600;601;604;609;610;611;618;620;621;622;626;627;630;631;632;634;635;636;642;643;644;645;646;649;650;652;653;654;655;657;658;661;662;664;665;666;667;670;673;674;675;676;677;678;679;681;685;687;689;690;694;695;696;698;699;702;703;704;706;708;709;711;717;718;720;721;722;723;726;729;731;732;735;738;743;747;748;749;752;754;755;757;760;763;764;767;770;771;772;776;778;779;780;783;785;788;789;792;794;797;799;803;804;806;807;809;811;814;818;822;824;825;827;829;830;831;833;836;838;840;843;844;846;849;850;851;852;854;855;857;859;860;861;865;866;870;871;872;873;875;877;878;882;883;884;886;887;890;893;894;898;899;901;905;909;910;917;919;921;924;925;926;928;929;930;933;935;937;939;940;941;942;944;948;949;951;959;961;962;963;964;966;967;968;971;972;974;975;977;978;980;982;987;991;992;995;998
382;3;8;9;11;12;13;14;15;16;19;21;24;25;27;28;32;34;36;37;39;43;50;51;52;54;55;60;62;66;68;71;72;73;78;80;82;84;87;89;90;91;98;99;105;106;108;110;111;116;118;119;120;123;124;125;127;128;132;134;136;137;138;141;143;159;160;162;163;164;165;166;168;171;172;178;179;182;186;188;189;190;191;192;194;198;199;201;202;207;209;212;215;216;217;218;221;222;223;227;228;230;231;233;238;239;241;242;244;245;246;250;251;253;254;255;256;260;261;264;265;270;273;276;282;284;285;288;289;290;291;294;301;302;303;305;308;310;311;315;316;319;321;322;323;324;325;329;330;331;333;335;336;338;339;344;345;346;348;349;350;351;352;354;355;356;357;359;361;362;363;364;365;373;374;376;378;381;384;385;386;387;391;394;397;398;399;401;402;404;405;406;408;410;411;413;414;417;418;419;421;422;423;427;428;429;431;432;435;436;437;440;442;443;447;448;450;453;455;457;459;461;462;463;464;466;469;470;471;472;473;474;475;477;478;479;480;481;482;485;486;487;489;490;491;492;493;495;496;497;499;501;504;506;508;509;511;512;514;516;517;518;520;521;522;524;525;526;533;534;539;540;541;543;544;545;547;549;550;552;553;556;557;558;560;562;564;565;568;570;573;574;575;583;587;589;590;591;592;593;595;596;597;598;601;602;604;605;606;607;608;609;611;614;616;623;624;627;629;630;631;633;634;635;638;639;641;642;644;645;647;649;650;656;658;659;660;664;667;668;670;671;672;673;677;682;684;685;687;689;691;694;700;703;710;712;718;719;720;721;724;725;727;728;729;730;734;735;736;737;738;739;741;742;744;746;747;748;752;753;754;755;758;760;761;762;763;764;765;766;769;770;772;775;776;778;779;782;783;789;790;792;796;798;804;806;808;809;810;812;814;817;819;821;823;825;826;827;829;830;834;837;840;841;842;844;845;846;848;849;851;853;854;856;858;860;863;865;870;871;872;873;874;876;878;880;881;882;884;888;890;892;894;896;897;899;901;902;903;905;907;909;912;915;916;919;920;922;927;928;930;931;933;935;936;939;941;942;944;945;950;952;953;954;955;956;957;958;959;960;962;963;964;966;967;968;969;972;973;974;975;978;980;981;984;985;987;988;990;993;995;996;997
383;1;4;5;6;7;13;17;18;24;25;29;31;35;37;39;40;41;42;48;49;50;52;54;55;56;57;59;61;62;63;64;66;67;72;73;75;78;80;81;82;83;84;86;88;89;90;91;92;93;96;98;100;101;103;104;106;107;108;109;111;112;114;115;117;119;121;122;123;124;125;127;130;132;133;136;138;141;142;143;144;145;148;151;152;154;156;158;159;160;161;162;163;165;166;169;170;172;175;176;180;181;182;183;184;186;190;191;194;195;197;198;199;202;205;206;211;213;214;215;216;217;218;222;223;226;227;230;234;235;237;238;240;241;242;243;244;247;255;258;259;260;263;264;265;267;269;270;271;272;274;280;282;283;285;287;292;295;298;303;304;307;312;316;319;325;328;330;331;332;335;339;341;342;343;346;347;348;349;350;354;359;360;361;362;364;369;371;373;376;377;378;379;380;384;385;387;389;393;395;398;399;402;404;405;408;409;416;421;422;423;424;425;426;427;429;432;434;438;442;444;447;448;449;450;451;453;454;455;456;459;461;463;466;468;470;471;474;475;476;485;487;488;490;491;493;498;500;503;504;508;509;513;515;516;520;523;524;525;527;529;531;536;537;542;543;545;546;547;548;552;553;556;560;565;566;568;570;574;575;576;578;584;586;588;591;595;596;597;601;602;605;606;609;611;613;614;617;618;619;621;622;623;624;626;627;629;632;633;634;637;638;640;644;645;646;648;649;650;651;652;654;661;664;666;667;669;672;674;676;677;678;679;681;684;686;688;689;690;692;693;694;695;698;700;701;702;703;704;705;706;708;709;710;711;713;714;715;717;718;719;720;721;723;724;727;728;733;737;739;740;744;746;747;750;752;753;758;761;762;764;773;775;776;780;784;788;790;792;793;794;795;796;798;799;801;803;804;805;806;809;811;812;815;816;818;819;822;823;825;826;829;830;831;833;835;838;839;842;843;844;846;850;852;853;855;858;861;862;864;866;867;868;869;873;874;875;881;882;883;884;886;888;891;892;894;895;896;901;902;904;909;910;913;914;917;919;923;925;926;928;930;931;933;935;936;937;938;939;940;941;942;943;946;947;949;950;953;954;955;959;960;965;966;967;970;971;973;974;975;976;979;982;983;985;988;991;992;993;994;996;998;1000
384;2;3;4;6;7;9;10;12;17;18;19;23;24;26;31;34;38;39;42;45;46;47;48;49;50;52;56;62;64;65;66;74;77;82;84;85;87;88;93;94;96;97;98;99;100;101;102;104;105;106;108;111;112;113;115;118;121;123;124;131;134;136;138;142;146;148;150;154;156;157;158;160;166;169;171;173;175;176;179;182;188;189;190;192;196;199;201;203;205;207;211;213;214;215;216;217;220;221;223;225;226;228;232;233;235;237;239;240;241;243;245;246;249;251;255;257;258;261;262;263;264;265;266;267;270;277;282;283;285;286;287;288;291;293;299;301;303;304;312;313;314;317;321;323;326;327;328;329;332;333;334;336;337;339;343;344;345;346;347;348;349;351;352;353;354;356;357;358;360;361;363;364;366;372;373;375;377;378;380;381;382;383;386;389;390;391;393;394;396;399;400;402;406;408;409;411;414;418;420;425;426;427;429;430;431;435;440;441;444;446;447;451;452;453;454;455;456;459;462;463;465;467;468;469;470;471;472;473;476;477;478;479;480;482;483;485;487;488;489;490;491;492;493;494;497;498;499;500;501;502;503;505;506;509;511;512;517;518;521;522;523;524;526;527;528;529;533;536;537;538;539;542;544;546;547;548;550;551;552;555;557;558;559;561;563;564;568;571;573;574;578;582;588;589;591;592;594;595;597;598;599;601;603;604;608;610;613;615;616;617;618;619;620;621;623;626;627;628;630;631;633;635;636;637;640;652;654;655;657;658;659;661;663;664;665;666;667;668;669;675;676;677;681;682;683;688;689;691;692;693;695;697;699;700;701;702;704;705;707;708;710;712;715;717;719;723;725;726;729;734;736;738;739;741;743;744;745;746;751;752;753;754;759;761;764;765;766;767;770;774;776;777;780;784;788;789;790;791;794;796;798;801;802;803;805;806;807;809;810;811;812;816;818;820;821;822;823;824;826;827;829;830;833;837;839;842;843;844;845;849;850;851;853;854;855;857;858;860;861;862;866;867;868;871;873;874;878;881;883;886;887;888;889;890;893;894;895;896;898;900;902;903;904;905;906;907;908;911;912;914;915;916;917;918;920;921;925;927;928;932;934;935;937;938;941;944;946;947;948;953;955;957;958;959;964;965;966;967;969;974;976;979;981;983;985;987;992;993;994;995;996;998;999
385;3;4;6;7;11;13;14;19;20;21;22;25;26;27;29;30;31;32;33;35;36;43;45;49;50;52;53;54;56;57;58;60;61;63;65;68;73;74;75;77;80;82;86;88;90;91;94;95;98;101;110;116;117;119;121;125;126;127;128;132;133;134;135;136;138;139;142;143;145;151;153;155;158;159;161;164;165;167;168;170;172;175;176;177;178;180;182;185;192;193;194;195;196;197;198;199;201;204;205;206;208;210;211;212;213;217;219;222;224;226;230;232;234;235;237;238;240;242;243;246;248;251;252;253;254;256;258;259;260;264;265;266;268;270;271;273;274;275;277;278;283;284;285;286;288;289;291;294;296;301;302;303;304;306;307;308;311;312;313;315;316;320;326;329;330;331;333;334;335;336;337;338;339;341;342;344;346;348;349;350;351;353;354;358;359;360;361;364;365;366;367;369;370;374;379;382;383;386;387;388;391;392;397;399;400;402;407;408;409;410;412;413;418;420;424;426;427;428;431;432;433;434;436;437;440;441;445;448;449;450;451;452;453;460;461;463;464;466;467;468;469;470;472;476;477;479;480;482;483;486;487;489;495;497;499;500;501;503;505;506;509;510;512;513;518;519;522;523;525;529;533;534;538;539;540;541;542;545;546;549;550;551;554;555;557;560;562;563;564;565;567;568;569;572;575;576;580;582;583;584;585;586;587;588;589;591;592;594;596;597;599;600;602;605;606;607;608;609;610;611;612;619;620;621;623;626;629;630;631;636;638;639;640;641;642;643;644;646;652;658;660;662;665;666;668;670;671;672;678;680;682;684;686;687;689;690;691;693;695;698;701;702;703;704;705;707;708;709;715;716;720;722;724;726;729;730;731;732;733;734;735;737;739;745;747;748;755;756;757;758;761;762;768;769;780;781;782;784;785;786;787;788;790;794;797;798;801;804;805;808;809;810;811;813;815;816;818;820;822;824;825;829;830;831;833;834;835;837;839;840;841;842;843;844;845;846;848;849;852;853;854;855;856;857;859;861;862;867;870;873;876;877;878;880;882;884;886;888;890;891;893;894;896;898;901;904;905;906;907;908;911;912;915;916;918;920;921;922;925;926;929;930;934;935;936;937;938;939;941;943;944;946;948;949;950;952;954;956;958;961;965;967;968;969;970;971;972;973;974;975;976;978;981;982;983;986;989;992;994;995;996;998;999;1000
386;2;3;4;5;6;9;11;13;14;16;18;19;20;25;26;27;31;32;33;38;39;41;45;47;50;52;54;55;56;57;59;61;64;69;70;75;77;81;83;84;89;90;92;94;96;98;99;105;106;110;111;113;114;116;117;121;122;123;124;126;127;128;132;134;140;141;142;144;145;146;147;148;149;151;154;155;156;158;161;165;167;168;169;170;173;174;175;177;178;179;180;182;183;187;188;190;191;192;194;195;198;201;202;205;206;207;209;210;211;212;213;221;228;230;233;235;236;237;238;239;240;242;244;247;252;253;254;256;260;262;264;269;270;273;274;277;279;280;281;283;286;289;290;291;292;293;294;295;299;303;304;306;309;310;311;313;314;315;318;319;321;322;323;324;326;327;329;331;333;334;335;336;341;342;346;348;350;353;354;355;357;358;361;363;364;365;366;370;371;372;377;380;381;382;384;385;389;391;393;395;401;405;406;407;408;411;413;417;419;420;421;422;423;424;425;427;428;429;430;431;432;435;436;438;440;441;443;444;445;446;447;451;452;454;456;457;458;462;463;464;466;468;474;475;476;477;479;480;481;482;485;487;489;490;491;492;494;495;499;502;503;504;505;507;511;515;519;522;523;524;526;528;531;538;540;541;543;548;552;558;559;560;561;563;565;566;568;570;575;579;581;582;584;585;587;590;591;593;594;596;599;602;605;606;607;608;612;613;614;615;619;622;624;626;627;628;629;630;631;633;634;638;640;641;644;645;646;647;648;651;652;657;659;662;665;666;667;668;669;671;672;675;677;678;680;682;684;687;688;690;691;692;693;694;697;702;703;705;711;713;714;716;718;720;721;725;728;730;732;734;736;739;740;747;750;751;752;753;754;756;757;758;760;761;762;765;768;774;775;778;780;781;782;784;785;786;788;792;798;799;803;804;810;813;819;820;821;823;826;827;835;836;837;838;839;842;843;845;847;850;851;852;853;854;855;856;857;858;859;864;866;873;874;876;877;880;881;882;883;886;891;896;904;905;909;911;912;914;916;917;918;920;921;923;928;930;932;933;935;937;938;942;943;944;947;950;952;953;955;958;961;963;964;966;968;969;970;973;974;975;980;981;982;983;985;987;988;996;997;998;999
387;2;3;9;13;14;19;24;32;35;37;38;42;45;49;50;51;52;53;56;57;58;59;63;65;68;70;74;79;80;81;82;87;88;93;95;96;98;99;100;101;103;104;105;107;112;113;115;116;119;120;121;122;124;125;130;131;132;134;137;138;140;142;144;145;146;149;151;153;156;158;159;160;161;164;166;167;169;170;171;172;173;174;175;177;178;179;180;181;183;185;189;190;191;193;196;197;199;201;203;208;216;217;219;221;223;224;228;229;230;231;236;237;247;251;252;254;256;259;260;262;268;269;272;273;276;278;279;281;282;283;286;288;289;291;293;294;295;296;300;301;304;306;308;310;312;313;314;316;317;318;320;322;325;329;330;333;334;336;340;341;343;347;351;352;353;359;360;361;362;363;365;366;368;369;370;374;376;377;378;380;382;383;385;388;390;391;392;394;397;401;403;405;409;410;411;412;413;414;416;417;418;419;421;422;423;424;430;431;440;442;444;445;449;450;451;452;453;457;458;460;465;470;471;473;476;478;479;481;482;485;487;489;490;494;495;496;497;502;506;511;512;513;514;516;519;521;526;528;533;534;538;542;544;546;550;552;553;554;555;556;559;564;565;567;568;570;573;575;576;577;579;583;584;585;586;589;591;592;593;594;595;596;597;599;600;602;604;605;607;608;609;610;611;613;614;615;618;621;625;626;627;628;632;633;635;636;638;640;641;642;643;649;651;652;653;659;660;661;665;668;669;671;678;679;681;685;686;689;690;691;692;693;694;699;701;702;703;704;707;708;710;711;712;713;716;718;719;724;725;726;727;728;730;731;733;736;737;738;739;740;745;746;749;750;751;755;756;757;758;760;763;764;766;767;768;772;773;775;779;781;783;796;800;801;802;806;809;810;811;812;816;817;819;820;821;822;823;824;825;826;829;831;835;836;837;841;842;845;847;848;851;852;853;854;855;858;859;860;861;862;865;866;867;868;871;873;874;876;877;880;881;884;885;889;893;894;895;896;898;899;901;902;903;904;905;907;908;909;910;915;916;918;919;921;922;923;925;926;930;932;935;936;937;938;939;940;941;943;944;945;946;948;949;952;953;955;957;958;960;961;963;964;965;966;967;968;969;974;975;977;981;982;984;986;987;988;989;990;994;995;998
388;5;8;9;10;11;13;14;16;17;19;21;27;28;35;37;39;46;47;48;52;53;54;55;57;58;61;62;63;64;65;66;67;68;71;72;74;77;78;79;80;82;84;85;87;88;89;90;91;92;94;95;97;100;101;103;105;109;111;112;115;117;120;121;122;124;125;126;127;128;129;130;131;134;135;136;139;140;142;143;144;145;150;151;152;154;158;160;162;166;169;170;171;172;173;177;179;181;183;191;192;194;195;196;198;199;200;201;202;203;207;209;211;212;213;214;216;217;219;221;222;223;224;226;228;230;231;235;239;245;247;248;252;254;256;257;258;262;263;264;265;266;270;272;273;275;278;279;280;281;284;287;289;290;292;293;294;295;298;300;302;303;304;307;308;309;311;313;316;317;318;319;320;321;322;324;329;330;331;334;335;337;339;341;342;343;344;345;346;347;348;353;354;357;361;362;365;369;370;371;372;373;381;385;387;390;399;400;401;402;403;404;405;406;411;412;413;418;421;422;424;426;427;428;429;431;432;435;436;438;439;440;441;443;446;448;449;452;454;458;463;464;465;467;471;473;474;475;477;478;482;485;486;488;491;495;497;499;502;503;504;505;508;509;511;512;517;518;519;520;522;523;524;525;527;528;529;531;534;536;537;539;540;541;543;544;545;546;548;551;555;560;562;563;565;566;568;572;574;577;578;581;586;589;590;591;593;595;596;598;600;601;603;606;608;609;610;612;616;617;618;622;625;627;631;634;635;636;637;640;643;649;651;653;654;656;657;658;659;661;662;664;665;666;668;671;673;674;675;676;679;680;682;683;684;685;686;689;690;692;693;694;695;697;698;699;701;703;705;708;710;713;718;719;720;721;722;725;726;727;729;730;731;734;735;739;743;746;747;752;754;759;762;763;764;765;766;767;768;770;771;773;776;780;784;786;788;790;791;793;794;795;798;800;802;803;806;807;809;813;815;816;817;818;822;824;825;826;829;835;839;841;843;844;848;849;850;851;854;858;860;861;863;869;870;874;878;880;881;882;889;894;896;897;899;900;902;904;907;908;912;913;914;915;916;917;920;926;928;931;935;937;938;941;942;945;946;947;949;951;952;955;959;960;964;966;968;969;970;971;972;975;978;979;981;986;987;988;990;991;998;1000
389;3;6;7;9;10;11;12;13;14;18;20;22;24;26;35;37;38;40;42;44;45;49;51;52;54;57;59;61;68;70;71;72;74;77;78;79;80;81;83;84;86;91;92;95;97;98;102;104;105;107;109;110;116;118;120;124;125;127;130;131;135;138;141;142;145;146;149;152;154;156;157;158;159;161;164;166;167;168;169;172;173;175;176;177;179;181;182;187;188;193;194;197;198;200;202;203;204;205;209;211;215;217;218;221;222;223;224;225;226;227;228;230;231;233;235;237;238;241;242;243;245;246;248;252;257;258;269;270;271;274;275;283;284;288;289;290;292;293;295;298;299;300;308;309;310;311;314;319;320;321;323;325;327;328;330;333;334;335;336;340;342;344;346;348;349;350;351;352;353;356;359;360;363;364;368;369;370;372;373;377;378;383;384;386;391;393;394;396;401;402;405;406;408;414;417;420;424;425;426;427;428;430;434;436;437;442;443;445;446;447;448;451;454;457;462;463;464;466;468;470;471;472;474;476;477;478;480;482;489;496;497;499;501;503;504;507;508;512;513;516;520;521;524;531;532;533;534;535;536;538;540;544;547;548;550;551;553;554;555;556;558;561;564;565;566;567;569;570;572;574;576;577;582;584;586;587;588;589;591;592;593;594;595;597;599;600;602;606;607;609;611;613;615;616;617;620;626;627;628;629;631;635;636;638;639;640;641;645;648;649;650;655;656;658;663;665;666;667;669;671;672;673;674;676;677;680;683;684;685;686;689;690;694;695;698;699;701;703;705;707;708;709;710;718;719;721;724;725;726;727;729;730;731;732;733;734;735;738;740;745;746;747;749;751;752;753;758;759;763;764;765;767;768;769;770;771;772;775;777;781;782;783;784;785;787;788;791;792;794;796;797;801;802;803;804;805;810;811;812;813;814;816;819;820;821;822;823;824;831;832;833;835;836;837;838;840;842;844;845;847;849;852;853;854;855;856;858;859;861;863;866;872;873;874;875;878;882;883;886;887;888;889;891;896;899;900;901;902;904;905;909;910;911;917;918;919;922;924;926;927;929;931;935;937;938;939;940;941;943;944;945;949;950;954;957;960;961;964;965;966;967;968;970;971;972;973;978;979;980;981;982;985;987;988;989;993;994;997;999
390;1;7;8;10;12;16;19;20;26;27;28;30;31;32;34;35;36;38;41;42;45;48;50;51;53;55;56;59;61;62;63;66;67;68;69;70;71;72;73;76;77;79;80;81;82;85;86;87;91;93;94;96;97;98;101;104;109;110;113;114;117;118;119;124;125;128;130;131;132;133;134;135;137;138;140;144;146;147;149;150;152;153;154;155;156;157;158;159;160;161;162;163;166;167;168;169;171;172;174;175;179;182;184;186;187;189;190;191;192;196;203;204;207;208;212;214;215;217;221;222;223;225;226;227;229;230;231;236;237;239;240;244;245;248;249;250;253;255;257;260;262;263;264;266;271;272;277;278;279;280;281;282;283;284;286;289;293;295;298;301;303;306;307;308;309;312;314;315;316;317;318;319;322;323;325;326;330;331;332;333;337;338;339;341;342;346;348;354;357;360;361;363;364;365;370;374;375;378;380;381;384;387;388;391;392;393;395;398;399;400;401;402;403;404;410;411;416;417;420;421;424;427;432;436;439;442;443;444;446;448;450;452;454;456;457;459;461;462;463;465;466;467;468;469;471;472;473;474;476;478;481;482;488;490;492;495;498;503;512;515;517;518;520;523;524;525;529;530;534;535;536;537;540;541;543;544;546;549;550;554;556;558;559;566;567;569;570;572;574;575;577;579;580;581;582;584;585;586;590;591;592;595;597;598;599;600;602;606;607;608;612;613;615;616;618;620;621;623;624;625;626;627;628;629;631;632;635;636;637;638;639;642;643;644;645;647;648;650;653;654;655;656;657;660;661;664;665;669;670;671;674;676;677;678;680;682;683;684;685;686;687;688;690;691;692;696;702;703;704;707;708;709;710;711;714;715;716;717;718;719;720;726;727;730;733;734;741;744;752;753;754;755;758;759;766;768;769;771;772;774;777;778;779;780;784;788;789;790;791;794;797;799;803;805;806;808;809;810;812;814;815;817;818;819;821;823;826;827;830;832;834;835;836;838;844;848;849;851;852;853;858;861;862;865;867;868;869;872;874;875;876;879;880;881;884;887;888;889;892;893;899;901;905;906;907;909;910;914;915;916;919;920;922;924;926;927;929;930;932;933;937;938;940;941;942;944;945;947;949;950;951;952;953;957;958;960;963;969;971;973;974;975;977;978;986;987;989;992;994;997;998
391;6;7;14;15;16;18;19;21;23;27;28;29;31;33;35;36;41;42;43;46;48;50;51;52;53;54;55;56;60;62;64;65;70;74;77;79;83;84;85;86;87;88;91;92;93;94;95;96;98;104;107;108;112;114;116;118;119;120;124;125;126;127;129;134;135;136;137;138;142;145;152;153;154;157;158;161;162;163;165;167;169;171;172;173;174;175;179;181;183;188;189;190;196;197;198;199;203;205;206;209;210;213;214;216;219;221;223;225;227;228;231;232;233;235;238;239;244;246;248;249;251;257;260;268;269;271;273;274;278;279;285;286;290;291;295;297;301;303;304;306;309;310;311;312;313;314;317;322;325;326;327;329;330;331;335;337;338;340;341;342;343;346;347;348;349;350;351;352;353;354;355;356;357;358;360;362;363;364;365;366;367;372;377;382;384;385;386;387;389;390;392;394;396;400;401;405;408;409;412;414;416;418;419;422;423;425;426;427;432;434;436;439;441;442;443;444;445;448;449;450;451;453;454;459;461;463;465;466;467;468;469;470;471;474;476;481;482;483;484;485;487;488;491;493;495;496;497;498;500;504;508;509;515;516;518;519;520;521;524;529;535;537;538;544;545;548;550;551;552;554;555;557;558;559;561;562;565;569;572;578;579;582;583;586;587;588;590;594;596;599;601;606;613;614;615;616;617;619;620;621;624;625;626;628;630;631;632;633;635;636;637;639;641;644;645;647;648;649;651;656;658;662;664;666;667;671;672;673;674;675;676;677;682;687;689;690;695;698;701;702;703;706;708;710;711;713;715;716;717;718;721;722;725;727;730;731;732;734;737;739;742;743;745;748;749;750;751;752;753;754;757;758;759;763;764;765;766;768;769;770;771;772;773;774;775;777;778;780;782;783;784;791;792;794;796;797;800;803;805;806;807;811;812;814;815;817;819;821;824;828;831;833;834;835;838;839;841;845;847;854;857;858;859;860;861;862;865;867;868;869;873;874;875;876;879;882;883;885;886;887;888;889;890;891;892;894;896;900;902;904;905;906;907;908;909;910;912;913;916;918;919;920;925;928;930;931;932;933;939;944;945;946;947;949;951;953;954;955;956;958;959;960;961;962;963;965;966;967;968;970;973;974;975;976;978;981;982;983;985;987;991;995;996;998;999;1000
392;1;3;4;6;7;8;9;10;12;15;16;17;18;19;23;24;25;27;30;31;32;34;35;36;40;41;49;51;53;54;58;59;61;62;64;68;71;74;76;78;80;83;85;86;87;91;93;94;95;96;98;99;100;104;106;107;108;111;112;114;118;120;125;128;130;131;136;141;144;146;147;148;150;152;155;157;158;159;160;161;162;168;169;173;175;179;181;184;186;189;191;192;196;197;198;202;205;207;208;209;211;212;213;218;220;221;223;225;226;228;229;230;231;232;233;234;235;236;238;240;241;243;246;247;248;251;252;253;254;255;257;258;259;260;262;263;265;266;268;272;273;275;276;288;291;293;294;295;296;297;298;299;300;301;303;306;307;308;311;316;319;320;321;324;325;326;328;332;333;334;335;337;338;339;341;344;345;348;349;350;351;354;355;356;358;359;362;363;364;367;369;370;371;372;373;375;377;378;379;385;387;390;391;393;395;396;397;404;407;408;410;413;414;415;418;419;420;422;423;424;428;430;433;434;437;438;439;440;441;442;443;444;445;446;447;448;450;451;455;457;458;460;464;465;468;469;472;474;475;476;480;481;484;486;491;492;496;497;500;501;503;505;509;510;511;512;513;517;518;519;520;523;524;526;527;529;533;536;537;538;540;544;546;548;549;551;554;558;559;563;565;567;568;570;571;572;574;578;579;582;583;584;588;589;590;591;593;595;599;600;601;603;604;605;606;607;608;609;610;612;613;614;615;620;621;622;624;625;627;628;629;636;638;639;640;641;643;644;645;647;649;653;662;663;664;667;669;672;674;676;677;680;682;685;686;687;689;691;696;698;700;701;703;705;707;710;711;712;718;719;720;721;722;724;725;727;729;730;731;732;733;736;737;738;739;741;742;744;748;749;750;754;755;758;760;769;771;772;781;782;783;784;785;787;788;790;791;793;795;796;797;798;802;803;805;806;808;809;811;812;814;815;816;817;818;821;822;824;825;826;831;832;833;835;836;838;839;840;841;842;845;847;848;850;851;852;853;854;857;860;862;863;864;866;867;868;869;870;872;874;875;876;877;878;879;883;884;886;888;891;892;897;898;900;901;903;904;906;907;909;916;917;921;922;923;924;926;928;931;932;935;937;940;942;943;945;946;947;948;949;951;954;955;956;958;959;960;962;963;965;966;967;972;973;974;975;976;977;978;979;980;982;983;984;988;990;992;994;995;998;999
393;5;8;9;10;15;16;19;20;25;27;29;30;31;35;36;37;38;41;44;45;46;47;48;49;50;54;55;57;58;60;65;66;68;69;70;72;73;74;79;81;82;83;84;85;86;89;91;93;94;96;97;102;103;104;105;106;107;109;111;113;114;115;116;117;120;121;124;125;127;128;132;133;137;143;145;146;148;150;151;152;153;154;156;157;160;161;162;163;168;170;171;172;173;174;175;183;184;185;186;187;188;189;195;197;199;200;203;205;208;210;211;212;213;215;216;223;224;226;231;232;233;234;235;237;238;240;243;250;253;254;255;256;258;262;264;265;267;268;270;272;273;275;276;277;278;283;284;285;286;289;292;296;297;299;303;304;307;309;310;311;313;318;322;324;327;328;331;332;333;336;338;339;340;341;342;344;345;349;352;354;355;356;358;359;360;366;368;371;372;374;375;376;380;381;383;384;386;389;390;392;397;398;399;401;403;404;405;406;411;413;414;415;416;417;419;421;422;423;430;433;434;436;440;441;442;443;444;445;448;450;452;453;458;461;462;464;465;466;467;468;470;473;474;476;477;479;480;483;484;488;491;492;493;494;495;497;503;505;507;509;510;511;514;515;516;517;518;519;521;525;526;534;535;536;537;538;539;541;544;547;548;550;551;554;555;559;561;562;563;564;566;567;569;570;575;576;578;579;580;581;583;586;590;594;596;599;604;607;609;610;611;613;615;618;619;626;627;629;634;635;637;638;640;644;649;651;652;653;654;656;661;662;665;668;671;673;677;681;685;686;687;689;690;693;694;695;697;699;700;704;706;710;712;713;715;717;725;726;727;730;731;732;733;736;738;740;741;744;747;748;752;754;758;760;763;765;767;769;773;774;777;778;779;781;782;783;784;786;788;789;790;793;795;797;799;802;803;804;806;808;809;814;817;818;819;820;828;829;833;838;845;846;847;851;853;855;857;858;859;860;864;865;866;868;869;871;873;874;875;876;878;881;883;884;886;888;894;896;897;898;899;901;903;904;910;911;915;917;918;919;920;922;925;927;928;931;932;933;934;936;937;939;940;941;942;944;946;950;952;954;955;956;958;960;961;962;964;965;967;970;971;974;978;979;980;983;984;985;986;988;990;992;993;996;997;999;1000
394;6;7;8;9;14;15;16;18;19;20;24;26;28;33;34;37;40;42;44;45;46;48;49;56;59;61;62;66;70;74;75;76;77;78;79;81;83;84;85;87;91;92;95;97;99;103;104;105;107;110;111;113;117;120;122;125;126;131;132;133;134;136;137;138;139;141;144;145;148;153;154;155;156;157;158;159;160;161;162;164;167;168;171;177;178;180;181;183;186;187;188;191;192;195;196;199;200;202;203;205;209;210;212;213;216;217;218;221;223;224;225;226;227;231;233;234;235;237;240;241;243;246;249;252;253;254;255;256;257;258;266;267;271;272;274;276;280;281;288;289;293;294;295;296;297;298;300;301;302;303;304;306;307;310;315;316;319;320;321;323;324;325;326;329;331;334;335;339;343;347;350;352;353;355;356;357;361;362;363;364;366;369;370;372;375;376;378;380;382;384;387;389;391;396;397;398;399;404;405;406;409;410;411;412;413;420;422;424;425;426;429;432;433;437;439;440;441;442;444;445;446;451;454;458;459;460;462;466;467;468;474;476;491;492;493;494;495;496;499;503;505;506;508;511;512;513;514;515;517;518;519;522;524;527;529;537;540;541;544;548;551;553;554;555;558;559;561;562;563;564;566;567;568;569;570;574;575;577;578;580;582;584;588;591;592;595;598;600;601;604;608;610;612;613;617;618;621;623;625;627;630;632;633;636;639;642;643;644;645;646;647;648;650;652;653;655;659;660;661;662;664;667;668;669;670;677;678;684;685;687;688;689;690;695;696;702;705;709;710;711;716;717;718;721;722;725;726;728;729;730;733;735;737;740;741;745;746;748;750;751;752;753;756;758;763;764;765;767;768;771;779;780;781;783;787;788;789;792;793;794;795;797;798;800;801;802;803;806;807;812;813;815;818;819;820;823;824;825;829;831;832;834;838;840;843;845;846;847;849;850;853;855;856;858;859;862;866;867;870;871;873;874;875;877;879;880;884;886;887;888;889;891;893;895;896;898;900;901;902;903;905;906;907;909;910;912;913;915;916;917;919;921;923;925;928;929;932;934;935;939;941;944;949;951;952;954;955;957;962;964;966;967;969;970;972;975;977;980;981;982;983;985;986;987;989;991;996
395;1;4;5;6;7;8;9;11;15;16;19;20;24;25;28;31;32;34;36;41;42;43;44;45;46;52;54;56;57;58;60;62;64;65;66;67;68;69;72;73;74;75;76;78;80;85;89;90;95;98;107;108;109;110;111;115;116;121;123;124;125;127;130;133;135;140;141;142;143;145;146;148;151;152;153;154;157;161;162;164;165;166;167;169;171;172;173;175;177;178;180;186;195;197;198;199;200;202;205;209;212;214;217;218;223;225;226;227;231;232;233;234;238;240;245;247;248;249;250;252;255;259;260;261;264;270;271;273;274;275;277;279;280;281;282;285;286;288;289;290;291;292;294;296;299;303;305;306;310;311;312;315;316;317;318;319;320;321;323;326;327;332;333;334;335;337;339;340;343;346;347;348;350;351;352;354;361;363;365;366;367;368;369;371;374;375;376;383;386;390;392;396;397;398;399;400;405;407;409;410;412;413;414;415;418;420;422;423;426;427;428;435;436;437;439;441;443;444;449;450;454;455;456;462;463;465;466;473;476;479;480;483;484;485;486;487;488;489;490;492;494;496;499;501;502;503;505;507;508;509;512;513;514;517;518;520;523;526;527;528;529;531;532;533;534;536;538;539;540;541;544;545;546;548;550;552;553;554;557;558;560;561;562;564;567;569;572;575;576;581;582;583;587;588;589;590;592;594;597;600;601;603;604;609;610;611;612;616;617;621;622;623;624;625;626;627;629;630;632;636;637;638;640;643;644;648;649;651;652;654;655;656;657;658;661;662;664;665;666;672;674;675;680;681;682;683;684;686;688;694;697;699;700;702;703;704;705;707;708;709;710;711;712;714;717;719;720;721;722;724;725;727;728;729;730;732;736;737;738;740;745;747;750;751;756;758;759;760;761;762;763;765;767;769;773;775;777;778;783;785;787;788;791;792;795;796;800;804;805;807;811;813;814;815;817;819;820;822;823;824;825;827;828;829;830;831;832;833;837;842;843;847;849;851;852;854;855;857;862;863;864;868;869;870;873;876;877;879;881;883;884;886;887;890;894;895;898;899;901;902;910;911;912;914;915;920;923;925;926;929;930;931;938;939;942;943;945;947;948;949;954;957;958;959;960;961;963;965;966;969;970;973;974;975;976;977;978;979;980;981;982;984;986;988;989;990;992;999
396;1;9;11;14;15;18;20;23;24;25;26;28;30;31;32;33;38;47;49;50;52;54;55;56;58;59;60;61;62;63;65;69;71;75;77;78;80;81;83;84;88;90;93;94;95;99;100;101;104;107;108;109;110;112;114;115;116;118;119;120;123;128;130;132;135;136;139;141;142;145;146;147;148;152;153;156;159;161;162;163;164;166;167;168;170;171;172;173;174;175;177;178;179;182;184;186;187;188;189;190;192;193;194;195;196;199;202;203;206;207;212;215;216;218;219;220;224;229;231;234;235;239;240;241;243;244;247;248;249;252;254;257;258;265;266;267;268;270;276;277;278;280;281;282;284;288;291;298;305;306;307;309;312;313;315;316;317;318;320;324;327;329;331;332;335;338;340;342;344;345;350;352;353;354;355;356;357;358;362;367;368;369;370;371;373;374;376;377;378;381;384;389;391;392;394;395;403;405;406;407;408;409;410;411;412;414;416;417;418;419;421;422;424;425;426;428;429;432;433;434;439;440;442;445;446;448;449;450;452;455;458;459;462;464;465;466;467;469;471;475;476;478;479;480;481;482;483;486;492;493;495;496;497;498;501;502;503;504;505;507;509;510;511;514;515;516;518;519;522;523;525;526;527;528;530;534;536;537;539;541;545;547;548;550;551;552;555;556;565;567;568;569;572;573;574;575;576;580;581;585;587;588;590;593;594;595;599;601;602;609;610;611;614;615;617;618;619;620;621;622;623;626;627;629;630;632;633;634;637;639;642;644;645;646;647;648;650;654;655;656;657;660;661;662;664;666;674;676;678;680;681;685;687;688;689;690;692;697;698;700;701;702;705;706;709;714;715;716;719;720;721;722;724;726;727;728;729;732;733;739;743;746;747;748;750;751;753;754;761;769;770;771;772;773;776;777;778;779;781;783;786;787;788;791;793;797;799;802;806;807;810;813;814;816;818;819;820;822;826;827;831;832;833;834;836;837;840;841;842;846;847;848;850;852;854;856;857;859;860;861;862;864;865;870;871;877;879;882;884;887;888;889;890;891;893;895;896;897;898;899;902;907;909;910;912;913;916;917;918;920;922;923;925;927;928;931;933;934;935;937;942;945;949;950;952;954;958;960;963;964;966;968;972;973;974;976;980;981;982;984;991;993;996;997;998;999;1000
397;1;3;6;7;17;18;23;27;28;30;32;33;35;38;39;40;42;46;48;49;51;53;55;60;61;64;65;66;68;71;72;75;79;80;81;82;83;84;85;87;88;91;92;93;95;96;97;98;99;100;109;110;111;113;114;115;116;117;118;119;120;121;123;124;127;128;129;131;134;135;137;143;145;146;149;150;151;152;154;162;165;167;171;172;173;175;176;180;182;185;186;187;188;189;191;194;198;202;203;204;206;209;210;213;217;218;221;222;225;226;229;232;234;236;238;239;240;241;242;244;247;248;249;252;254;255;256;258;259;261;264;265;268;271;273;274;277;278;281;282;284;285;286;287;288;289;291;292;293;295;297;298;299;302;303;306;307;308;312;319;321;322;324;325;327;329;339;341;344;349;350;359;364;365;368;369;372;376;377;379;382;385;387;392;393;394;395;400;404;406;408;411;412;414;415;416;418;419;422;423;425;427;429;430;432;433;434;437;441;442;443;445;447;448;451;453;454;457;458;461;462;463;464;466;470;471;472;473;474;476;478;479;480;481;483;484;485;488;489;494;497;499;500;505;506;507;508;509;512;514;516;517;518;521;524;531;532;534;536;539;541;542;546;547;548;552;553;554;555;556;557;558;560;565;566;567;569;570;574;575;577;578;580;581;583;584;585;586;588;589;591;592;593;603;606;609;611;612;613;616;617;620;622;624;625;626;630;632;633;634;635;636;637;638;639;640;641;643;645;649;652;653;658;659;661;662;672;673;677;678;683;684;685;686;687;689;691;692;699;704;706;707;709;713;715;716;717;722;724;726;728;729;732;733;735;737;739;744;745;746;749;751;752;753;757;758;759;760;761;763;764;766;768;769;771;776;778;780;781;783;787;790;794;796;797;798;799;800;803;807;810;812;813;815;816;819;820;823;824;825;826;827;832;834;838;839;841;842;843;844;845;846;847;849;850;852;854;855;859;862;863;864;865;868;870;871;873;878;879;880;883;884;885;886;887;890;891;892;893;894;898;900;902;903;906;907;913;915;917;918;920;921;924;925;926;928;929;931;932;933;937;938;939;941;942;949;955;958;959;960;961;962;969;972;978;980;982;983;985;986;987;989;990;991;994;996;1000
398;1;4;5;7;9;10;15;18;19;20;21;23;25;26;27;28;38;39;41;42;46;47;49;52;53;55;58;59;60;64;65;67;70;73;77;82;84;86;89;90;91;92;93;96;99;102;103;104;105;106;107;108;109;110;113;118;120;121;122;125;128;130;131;132;134;135;138;139;140;141;144;148;149;150;151;152;154;155;156;158;159;160;161;163;165;166;167;168;171;172;173;174;175;176;177;179;180;181;182;183;184;186;189;190;192;194;196;197;198;200;202;204;205;206;208;211;212;213;214;216;218;219;222;223;225;227;231;232;233;234;235;236;237;239;241;244;246;248;249;250;251;255;257;260;261;262;264;265;266;267;269;270;275;278;279;282;288;289;291;292;295;296;298;300;301;302;304;305;307;310;311;316;320;321;322;323;325;327;328;329;330;333;334;335;337;340;341;343;345;347;348;350;351;352;354;355;360;366;369;370;374;376;382;383;390;393;394;395;399;401;402;405;406;408;409;414;415;417;418;419;420;421;422;423;425;426;427;429;433;436;437;438;440;441;444;445;446;447;448;449;454;456;459;460;463;465;467;468;469;471;474;475;477;478;484;489;494;495;498;500;501;503;511;512;514;519;525;526;529;530;531;533;537;539;540;542;543;544;545;548;549;551;552;557;558;560;561;563;564;567;568;569;570;571;573;574;575;584;588;591;592;593;596;597;598;600;603;604;605;606;610;616;617;619;622;625;626;627;628;631;632;635;636;637;639;640;642;646;648;650;652;653;654;655;656;657;658;659;662;663;665;667;670;672;673;678;682;683;685;689;691;693;694;695;697;698;700;701;704;705;706;709;714;715;718;719;721;723;724;733;735;736;737;739;743;745;746;748;750;753;754;757;760;761;764;765;766;768;777;778;779;780;782;784;786;788;789;793;796;798;800;801;802;804;811;812;820;825;828;830;831;832;834;845;846;847;848;849;852;853;854;855;859;862;863;865;868;869;870;874;875;876;879;880;882;885;887;895;896;897;898;901;902;906;907;911;912;913;916;917;918;919;920;921;922;924;925;927;929;930;931;932;933;934;935;936;938;939;940;941;942;944;950;952;953;955;956;957;963;964;965;966;968;970;971;972;973;975;976;978;980;982;983;984;986;991;993;994;995;996;997;998;999;1000
399;1;6;7;9;10;11;13;15;16;17;19;20;23;24;25;27;28;34;35;36;37;38;42;45;46;47;49;50;54;55;56;57;61;63;65;66;68;69;75;76;77;78;83;85;87;89;94;98;99;103;105;107;108;111;113;118;120;123;125;126;130;132;133;139;140;141;143;144;145;146;147;148;149;150;151;154;156;158;161;162;163;165;167;169;171;172;175;176;177;180;183;184;186;187;188;189;190;193;194;197;198;200;201;202;203;207;209;211;212;213;214;217;222;225;227;228;229;233;234;240;242;243;244;246;247;250;251;252;253;254;255;257;260;261;262;263;264;272;273;276;277;278;280;283;287;288;289;292;293;295;296;298;300;301;304;305;308;309;310;311;312;313;316;320;321;322;323;325;326;327;332;333;334;335;338;339;342;343;346;347;352;354;357;362;365;367;368;371;372;380;381;382;383;384;385;388;390;393;394;395;398;400;401;405;407;408;416;417;421;423;424;425;427;428;430;433;436;437;438;439;442;443;446;448;449;450;451;452;455;458;459;460;461;462;463;467;469;470;473;474;475;479;486;487;488;489;490;491;492;494;495;496;499;500;503;507;509;510;515;517;519;520;521;524;525;526;527;529;530;535;536;539;541;543;544;546;547;548;550;551;553;556;559;560;561;565;566;568;570;573;575;576;579;580;581;584;590;593;594;595;596;597;598;603;604;608;610;611;613;615;616;617;619;624;632;634;639;641;644;645;646;648;651;654;657;659;660;661;662;664;669;670;671;672;673;675;677;678;680;681;682;683;687;688;691;692;693;694;698;699;700;701;702;705;711;712;714;715;720;721;725;726;727;729;730;732;733;741;742;745;746;749;752;753;754;755;758;760;763;764;765;767;770;771;772;775;777;778;779;782;786;788;794;795;797;799;803;804;806;808;809;812;817;819;820;821;823;825;826;834;835;837;839;840;841;843;846;848;849;852;854;856;858;866;869;870;874;875;876;880;886;888;891;892;894;896;898;899;900;901;904;907;908;910;911;914;915;916;917;918;920;921;922;923;924;927;928;929;931;935;939;941;942;943;944;947;948;949;951;955;956;958;963;964;965;972;973;974;979;981;985;986;991;992;993;995;996;998;1000
400;1;5;6;14;15;18;19;20;27;28;31;36;37;39;42;48;49;51;52;53;54;55;56;57;58;61;63;64;67;68;70;73;76;77;78;79;83;84;85;86;87;89;92;93;94;95;98;99;101;103;104;105;108;111;112;114;116;118;119;120;121;125;129;130;131;133;140;141;145;148;149;151;155;157;159;160;162;163;164;166;169;170;171;172;174;177;178;179;182;185;186;188;190;191;193;194;197;198;203;205;207;210;211;212;213;215;217;218;219;220;229;231;232;233;234;235;237;242;245;246;247;249;250;252;253;255;256;260;262;264;266;267;268;269;270;271;272;273;275;277;280;282;285;286;287;288;291;296;297;298;299;300;303;304;305;312;314;316;317;318;319;320;323;326;330;331;333;334;335;338;339;341;342;343;347;350;353;354;355;356;358;362;363;364;368;370;375;376;379;380;384;385;388;390;391;395;397;399;402;404;405;406;409;410;411;412;415;416;417;418;423;424;425;426;428;429;432;435;437;440;442;444;445;446;447;448;449;451;453;454;458;459;460;461;462;465;466;467;468;469;470;475;477;478;480;481;484;486;487;489;490;492;495;496;498;502;503;505;507;511;513;514;516;517;518;519;520;523;525;526;528;531;532;537;538;540;542;543;545;546;549;550;551;553;554;556;557;560;562;564;565;566;570;571;574;576;577;578;579;581;583;585;586;587;588;589;591;596;598;599;603;604;606;607;608;609;611;612;613;615;616;617;619;622;624;625;629;631;637;641;646;647;649;650;651;653;654;655;657;658;663;666;668;669;674;675;677;678;684;685;686;688;689;691;692;693;695;696;699;700;703;705;707;711;712;714;715;716;717;719;721;722;725;727;729;730;731;732;733;734;736;738;740;741;744;749;753;754;757;758;761;764;765;766;767;768;770;773;775;776;782;783;784;789;792;793;795;796;799;801;804;805;806;813;815;817;819;820;822;824;825;827;830;831;834;835;836;840;841;844;846;848;851;852;853;855;856;857;858;862;863;865;866;867;868;871;875;879;881;882;883;886;888;889;890;892;893;895;896;898;899;900;907;908;909;912;914;916;917;921;922;923;924;926;929;933;934;935;936;937;939;940;942;943;945;946;947;948;949;950;954;955;957;959;961;962;964;965;966;969;970;971;972;975;979;982;985;987;988;993;994;995;997;999;1000
401;2;4;9;11;12;13;15;16;20;21;29;32;34;36;37;38;39;41;43;47;50;53;54;59;60;68;69;70;71;73;74;79;81;82;83;86;89;90;93;94;95;96;97;98;99;101;102;104;105;106;108;109;110;111;114;117;119;120;127;128;132;135;137;138;139;140;141;142;143;145;146;147;149;152;153;154;155;156;158;159;161;162;167;168;170;172;174;177;182;185;186;187;189;190;191;192;195;196;202;204;207;208;209;212;216;219;221;224;227;229;235;236;239;241;245;248;249;250;251;254;258;259;261;264;266;267;269;270;272;273;276;277;278;279;280;281;282;284;287;291;298;302;307;309;311;312;313;315;316;320;323;325;326;328;329;330;332;333;335;336;338;339;341;342;343;349;350;351;354;355;358;359;361;365;368;372;373;374;375;376;379;382;386;387;388;389;390;391;393;398;399;403;405;406;407;411;415;421;422;425;429;430;432;433;434;435;437;438;439;440;442;444;449;451;452;453;454;455;458;463;464;466;467;470;471;472;474;475;478;481;483;488;489;490;492;493;496;498;502;503;504;506;508;509;510;511;514;515;520;522;523;525;527;528;530;532;534;535;536;539;543;546;549;553;556;559;561;562;565;567;568;576;577;580;583;585;586;588;597;599;600;601;602;605;606;607;608;610;611;613;616;617;618;619;620;622;623;624;629;630;633;634;635;636;639;642;643;646;648;650;654;655;657;658;659;661;663;666;668;671;672;676;677;681;684;686;687;688;689;690;693;694;698;700;702;704;705;706;707;711;716;717;718;719;721;722;723;724;728;730;732;733;735;736;738;739;742;743;749;750;751;753;755;762;764;768;769;771;773;777;781;782;783;784;785;789;791;792;793;795;796;800;801;803;804;806;810;811;812;813;818;819;822;823;825;827;828;830;831;832;833;834;835;839;840;841;844;845;847;848;851;855;856;859;860;862;865;866;871;872;875;876;878;879;880;883;887;892;893;894;895;899;902;903;904;906;907;909;910;911;913;914;917;919;922;923;924;926;927;928;930;936;937;939;940;941;946;947;949;951;953;956;957;958;961;963;965;967;968;969;970;971;973;980;981;982;984;985;987;991;994;996;998;999;1000
402;2;5;6;14;15;17;18;19;20;21;22;23;24;26;27;30;31;32;33;34;35;40;41;45;46;47;48;51;53;55;56;57;61;65;66;79;80;82;83;84;85;86;87;88;89;92;94;95;99;100;101;104;105;106;107;108;110;111;115;117;118;119;120;125;127;128;133;135;140;142;145;147;149;150;151;153;154;155;157;160;161;163;164;165;166;168;171;175;176;177;179;180;183;184;185;187;188;189;191;192;193;197;198;200;202;205;206;208;209;215;216;218;219;222;223;226;228;229;233;234;235;236;237;240;242;243;247;249;250;251;255;256;257;260;262;264;265;266;268;271;273;274;279;282;283;286;287;288;289;292;293;295;296;298;299;303;304;309;312;313;315;316;323;325;328;330;332;334;336;337;340;343;344;348;350;354;355;357;358;361;364;366;370;371;372;374;376;378;380;382;383;384;385;388;389;390;398;400;403;405;407;408;409;412;413;418;419;424;425;428;429;430;431;435;436;437;438;439;440;441;444;447;448;449;450;453;454;456;458;466;469;471;474;476;477;480;481;486;488;489;490;491;494;497;499;501;502;503;506;508;510;512;519;520;522;523;525;526;529;531;532;534;535;536;537;538;539;541;552;554;555;557;561;564;567;568;569;570;573;574;575;578;580;581;583;584;585;586;587;588;592;593;596;598;599;601;602;604;605;607;608;609;611;612;613;614;618;620;621;622;628;629;630;634;637;641;643;645;646;648;649;650;652;654;656;657;658;659;664;665;668;671;675;677;678;679;680;681;683;684;685;686;689;690;691;695;698;700;701;705;708;709;715;716;717;723;724;726;729;731;732;735;736;739;741;743;744;745;746;750;753;754;756;757;760;761;762;763;764;766;767;768;770;772;773;777;778;782;784;785;786;787;789;791;793;797;798;802;803;805;807;812;813;814;815;816;817;821;824;825;830;832;835;837;838;839;841;842;843;844;845;848;850;851;852;854;858;863;866;867;869;872;874;876;877;878;881;883;884;886;889;892;893;895;896;899;900;901;902;904;906;907;910;911;912;919;920;921;925;927;928;930;932;934;936;937;939;942;943;944;945;949;953;958;960;962;963;965;968;971;973;974;975;976;977;980;983;984;985;987;990;992;994;995;996;997;998;1000
403;1;2;3;4;6;11;13;20;23;25;27;29;30;32;35;36;37;42;44;45;47;48;49;52;53;55;56;59;60;61;62;63;64;66;67;68;69;70;71;72;73;74;76;79;83;84;88;90;91;92;93;97;98;102;104;105;110;112;113;114;115;116;122;125;126;127;129;132;135;138;139;141;142;143;146;148;149;153;159;160;162;163;165;166;167;169;174;175;177;178;179;180;181;182;184;186;187;190;192;196;197;202;203;206;207;208;209;210;212;214;216;217;218;219;220;222;225;226;227;228;229;233;239;241;244;245;247;251;252;254;256;260;261;262;263;264;265;267;269;271;274;275;277;278;279;280;285;287;290;293;297;298;299;302;308;309;310;311;313;315;319;320;321;322;326;328;329;331;337;340;341;344;346;347;348;350;353;355;356;358;359;365;371;372;373;374;376;377;379;380;387;388;390;393;396;401;402;407;409;410;411;414;416;420;421;423;427;430;431;434;437;441;444;445;447;450;452;453;455;456;458;462;465;466;472;473;478;482;485;490;491;492;497;498;499;500;503;508;509;510;511;513;514;515;517;519;521;525;526;527;532;534;535;536;537;538;539;540;543;550;552;553;554;555;556;557;559;561;564;568;570;571;572;573;575;578;581;583;589;592;593;594;598;599;600;601;602;604;607;609;611;612;613;620;621;623;624;626;629;630;631;632;636;638;639;646;648;649;654;656;657;658;659;660;661;663;665;666;668;671;672;674;675;677;678;683;687;689;691;692;699;703;705;707;708;710;711;713;714;715;717;718;719;720;723;724;725;726;727;728;730;732;733;736;737;740;741;745;746;749;752;753;754;755;756;757;759;760;761;762;764;766;767;768;769;770;773;774;775;777;779;781;782;783;784;787;788;790;791;792;796;802;803;805;806;809;810;813;818;819;820;822;826;827;831;832;835;836;841;842;844;845;849;850;851;852;853;854;855;856;857;860;862;865;867;872;873;874;875;876;877;879;881;883;884;885;888;890;891;893;894;897;899;906;907;908;909;911;914;916;917;922;923;926;928;930;932;933;937;938;940;942;945;948;950;952;955;956;957;959;961;962;965;966;968;972;975;976;977;980;981;986;987;989;990;991;992;996;997;1000
404;2;5;6;8;10;11;12;15;17;19;20;26;29;31;34;35;36;40;44;48;49;50;51;52;53;55;57;58;60;63;67;68;69;70;74;76;77;78;80;81;82;85;88;89;90;92;94;96;97;99;100;105;108;111;113;118;119;121;123;127;128;129;130;131;133;135;142;143;144;147;153;154;155;158;159;161;162;166;167;169;171;173;175;176;177;178;179;181;182;183;185;187;188;193;194;195;198;201;202;207;210;212;213;214;216;217;220;221;225;226;227;231;232;235;236;239;241;243;247;248;250;253;255;259;261;262;263;264;265;266;270;274;275;276;280;281;284;285;291;293;295;299;302;303;305;307;309;314;318;319;320;323;325;326;327;329;331;332;333;334;339;342;343;344;346;347;352;353;355;356;358;359;360;365;366;367;368;370;371;375;376;378;381;382;383;388;390;392;393;394;397;400;405;407;408;409;410;412;415;418;419;421;422;425;426;427;431;433;434;435;436;437;443;444;446;448;451;452;455;457;459;462;466;468;470;471;472;473;474;475;476;478;480;481;484;485;487;493;495;501;503;507;511;515;516;521;522;523;525;526;527;528;530;532;537;538;539;540;543;544;545;546;549;550;551;553;556;559;560;562;564;565;567;568;570;571;572;575;576;578;579;581;582;583;584;587;588;589;592;593;594;595;596;597;600;601;604;605;606;609;610;612;614;616;620;622;628;629;631;632;633;634;635;636;637;638;641;642;644;647;648;650;653;654;655;657;659;661;662;663;664;665;667;668;669;670;673;675;677;679;682;683;685;688;691;692;693;696;697;699;701;703;704;706;707;709;710;715;716;717;720;721;722;723;729;730;731;733;736;737;738;740;743;744;747;749;750;754;756;759;767;768;769;773;774;776;777;778;780;781;783;787;790;794;795;796;798;799;801;804;807;809;811;813;816;817;819;820;823;824;825;827;830;834;836;837;840;841;842;843;844;845;846;847;848;849;852;854;856;857;860;863;864;865;866;867;870;872;873;874;875;877;880;882;884;887;888;889;890;894;895;897;898;899;900;903;908;909;910;911;914;915;916;920;922;925;926;929;931;933;935;940;941;942;945;946;947;948;949;950;951;952;954;956;958;960;961;963;965;969;970;971;973;977;979;981;983;986;988;992;993;994;997;1000
405;5;8;10;11;12;13;15;20;21;23;26;28;29;31;37;38;39;41;43;45;47;54;55;57;58;62;63;65;67;68;69;70;71;73;74;75;76;80;81;82;83;84;88;91;92;93;94;95;96;97;103;107;108;109;110;113;115;118;119;120;121;124;125;126;130;132;134;135;136;137;139;140;141;142;143;146;150;154;155;157;164;166;167;169;170;172;174;175;177;178;179;180;182;184;185;186;187;188;189;192;193;195;196;197;198;199;201;203;205;212;214;215;216;217;218;220;221;223;224;225;226;229;231;232;234;239;241;242;243;245;246;250;255;260;261;262;263;268;270;271;273;274;275;277;279;280;281;282;283;285;286;288;289;293;296;297;301;302;305;307;308;310;312;313;318;320;321;322;323;324;326;327;329;331;332;333;335;336;337;338;341;342;343;345;346;347;350;351;352;353;354;356;359;363;364;365;367;371;372;373;374;377;378;379;380;381;382;383;386;387;388;389;391;393;394;395;396;398;399;400;401;402;404;410;415;417;418;419;420;421;422;423;424;427;428;430;432;433;434;436;437;438;439;440;441;444;446;447;449;450;452;454;455;458;460;461;462;468;471;472;474;475;480;481;482;484;485;487;490;491;492;493;494;496;499;501;502;505;511;513;514;517;520;522;523;526;527;530;532;533;537;539;543;546;548;549;550;551;553;554;555;556;557;558;562;563;566;568;569;571;572;576;580;582;583;584;589;593;594;597;598;599;601;609;611;612;613;616;619;625;629;630;633;634;635;636;638;639;640;644;645;647;650;654;656;657;658;659;660;662;663;664;669;672;673;674;675;676;677;679;681;683;685;687;692;693;695;696;698;699;700;706;707;709;711;713;715;716;718;723;725;726;729;730;731;732;733;736;738;741;745;746;747;748;750;751;754;755;756;757;759;761;762;763;765;766;767;769;771;772;775;776;777;780;782;783;785;787;793;794;795;796;797;798;799;802;803;804;805;807;812;815;817;818;823;826;827;828;829;831;832;834;835;836;837;840;845;847;850;851;852;858;859;861;862;863;865;866;867;873;878;879;880;884;885;886;889;892;893;894;895;896;898;899;901;902;906;907;909;910;911;913;919;922;923;925;927;932;933;934;936;938;939;940;941;944;945;949;954;955;959;960;961;963;965;967;968;970;973;976;977;978;980;982;983;985;987;988;989;991;995;997;999;1000
406;2;3;4;5;6;9;10;11;13;14;16;19;22;23;24;25;27;29;30;31;33;35;37;39;40;41;42;43;46;49;52;54;58;59;60;62;69;70;73;76;77;78;81;83;84;86;89;90;94;95;96;99;100;101;102;105;107;108;110;113;118;121;124;125;126;131;133;135;137;145;146;147;150;152;153;155;157;158;163;165;166;167;171;172;173;174;176;178;180;181;183;186;190;192;195;196;199;200;201;204;215;229;230;231;238;239;240;241;242;243;247;248;250;252;254;259;262;265;266;267;269;272;273;274;276;285;286;290;292;295;298;299;300;302;303;305;306;308;311;312;313;315;316;318;320;322;324;325;326;328;329;331;332;333;337;340;341;342;345;354;357;358;360;361;365;368;369;370;371;372;375;377;378;379;380;382;384;386;388;389;393;394;396;397;398;400;401;410;413;414;419;421;422;423;425;426;428;429;430;432;435;436;437;440;441;442;443;446;447;448;450;454;456;461;462;464;465;466;468;473;474;476;477;479;483;489;491;492;494;495;497;502;503;504;505;506;507;509;510;511;512;514;516;519;520;522;524;525;527;532;533;534;539;540;542;545;547;548;552;554;560;561;562;566;568;571;575;577;578;580;582;584;587;588;589;592;594;595;599;600;602;603;604;606;607;609;611;618;619;620;621;623;624;627;628;631;637;638;640;641;642;643;644;647;648;650;652;654;655;657;658;659;661;666;671;674;679;681;682;685;686;688;689;693;694;697;698;704;706;710;711;713;716;717;721;724;727;728;733;734;736;739;743;746;748;750;752;755;756;760;761;762;764;765;766;769;770;774;777;781;789;790;792;793;795;796;797;799;804;805;809;810;813;815;816;818;819;820;825;827;831;832;833;835;838;839;841;842;843;844;846;847;850;851;857;859;860;863;864;866;867;869;870;876;877;879;881;882;885;886;888;889;892;893;894;895;896;897;900;901;903;905;907;908;909;912;914;916;917;918;919;921;922;924;925;927;928;929;930;931;933;936;937;942;943;946;947;948;950;953;954;955;956;958;959;960;963;964;966;968;969;970;971;973;975;976;979;980;981;983;984;985;989;990;992;993;998
407;1;3;4;6;12;13;14;17;18;19;20;21;23;25;30;31;32;34;37;38;39;40;41;42;44;45;49;51;52;53;54;55;57;59;61;62;63;65;66;68;70;71;72;73;76;77;78;79;81;82;83;84;89;90;92;93;94;97;98;99;101;103;106;110;111;113;115;116;117;118;119;121;122;123;125;126;127;128;132;133;134;136;141;143;144;148;151;155;159;161;162;163;164;167;168;170;171;172;176;180;182;185;186;187;188;189;192;193;194;195;196;198;201;204;205;206;213;214;216;218;220;223;224;226;228;230;233;235;236;240;241;244;245;248;250;252;257;258;262;263;270;272;273;275;277;279;281;287;288;289;290;295;298;299;302;303;304;306;309;310;316;320;321;322;324;326;330;333;334;335;340;341;343;344;346;348;350;351;352;353;358;359;360;361;362;364;365;366;368;369;370;371;378;379;385;386;392;395;396;399;401;402;403;404;413;414;417;418;419;425;426;427;436;438;444;448;449;451;453;454;456;457;458;460;461;462;466;468;471;472;473;474;479;480;484;487;488;492;493;494;495;496;498;500;501;502;503;504;506;507;509;510;511;512;513;515;517;519;522;523;525;527;530;531;536;538;539;544;547;548;553;554;556;562;564;567;568;569;570;571;573;574;578;581;582;583;584;585;586;587;590;594;596;598;599;600;601;602;603;609;611;612;613;617;618;620;622;624;628;633;635;636;637;639;640;642;643;644;645;646;647;648;651;655;659;660;661;662;663;664;665;667;669;672;674;675;678;679;680;681;684;686;688;689;691;693;700;701;703;704;705;706;708;709;710;712;717;718;719;720;722;725;726;727;730;735;740;743;746;747;750;751;752;754;756;757;759;764;772;773;774;775;778;779;780;783;785;786;788;789;791;792;793;797;799;801;803;807;809;811;813;814;817;818;819;820;822;824;827;829;831;833;834;835;836;838;844;846;848;849;850;852;856;858;859;860;862;864;866;867;868;870;872;873;875;876;881;882;883;885;889;891;893;899;901;902;906;907;908;909;913;914;917;919;921;925;926;929;932;933;935;937;939;940;942;946;947;952;953;954;956;957;959;960;961;965;969;970;971;972;973;976;977;980;981;982;987;988;991;995;996;999
408;1;2;4;5;7;8;10;11;14;15;17;18;23;24;26;27;28;29;30;31;35;36;41;44;46;47;50;56;60;63;70;71;73;74;78;79;84;86;87;89;90;91;92;93;95;96;98;100;101;103;106;113;115;119;120;122;123;124;128;130;132;133;135;137;138;139;141;142;144;146;147;151;152;155;156;158;159;160;161;164;167;169;173;174;176;179;183;189;191;195;198;201;204;205;206;207;209;210;214;215;217;218;219;222;225;229;235;236;237;238;239;240;241;243;244;245;246;248;250;252;255;257;258;259;260;264;265;270;273;276;278;280;281;283;285;287;288;289;290;291;292;293;296;297;298;299;300;303;304;307;309;310;311;312;313;316;319;321;323;325;327;328;329;332;333;334;336;338;339;340;343;344;345;346;347;348;352;356;358;359;361;363;366;367;369;370;371;372;373;377;380;382;383;384;385;386;389;391;392;396;397;398;399;402;404;410;411;412;415;417;419;420;421;424;426;428;430;433;434;435;436;439;440;443;444;445;446;447;454;459;461;464;465;466;470;471;473;474;475;476;479;484;485;486;493;494;496;497;499;501;503;504;505;507;508;509;513;517;518;520;521;522;524;527;530;531;535;536;537;539;540;542;543;545;552;556;558;559;560;562;563;566;571;572;573;575;576;577;578;586;587;589;592;593;594;596;597;600;604;606;607;608;609;610;611;612;613;614;618;622;623;624;626;628;631;632;633;638;640;641;647;648;651;654;657;658;660;663;664;666;667;668;671;672;673;674;675;678;683;686;688;689;690;694;695;696;700;701;702;704;705;706;708;710;711;712;713;715;717;720;721;722;723;724;725;726;727;729;732;734;735;736;740;742;743;745;746;747;748;760;764;767;769;771;773;775;782;785;787;789;792;793;795;798;799;801;803;804;805;807;808;814;815;818;819;820;821;823;827;829;830;831;832;834;835;837;838;839;840;842;843;847;850;853;856;857;858;859;864;865;867;868;869;870;873;874;875;876;879;886;891;892;893;894;895;900;901;902;903;905;909;910;914;918;925;926;928;931;932;933;936;937;940;943;944;945;946;948;949;951;954;955;956;959;961;964;965;971;972;973;974;976;977;980;982;985;986;988;991;992;993;995;998;1000
409;3;4;6;7;12;21;22;26;31;32;35;37;40;42;43;44;46;47;48;49;56;57;58;60;70;71;72;73;74;75;76;78;84;85;89;90;92;95;97;98;100;101;105;109;112;115;119;122;123;124;126;128;129;130;132;133;135;140;142;143;144;145;149;152;155;157;158;160;164;166;167;168;169;171;174;178;179;181;187;188;189;190;191;197;198;200;202;203;204;205;206;207;208;209;213;214;215;216;217;219;220;221;224;225;227;230;231;234;235;237;238;240;244;245;246;247;248;250;252;257;260;261;262;263;264;265;266;269;270;271;277;278;279;280;282;285;288;289;290;292;293;294;296;299;301;304;305;310;311;313;314;317;318;321;323;324;325;327;328;329;330;332;337;339;340;344;349;350;351;352;353;354;355;357;358;359;360;367;370;371;372;373;378;379;383;384;385;387;391;394;395;396;398;400;402;403;404;412;414;415;416;418;423;426;429;430;431;434;436;437;440;441;442;443;444;445;448;451;457;458;459;461;463;464;467;468;469;470;471;473;475;476;478;480;482;484;485;487;488;490;492;493;495;496;498;500;501;502;503;504;505;506;513;515;517;518;519;528;529;532;534;535;536;537;539;540;541;543;545;548;549;550;553;555;556;559;563;564;569;570;572;574;576;579;580;582;583;585;586;594;595;596;597;598;600;604;605;606;607;609;610;611;612;613;616;618;619;622;623;625;630;631;632;633;637;638;639;640;641;645;647;651;652;654;655;657;659;660;662;665;667;671;680;685;686;688;690;691;696;699;701;702;706;709;710;711;714;715;717;719;720;722;723;724;728;729;734;735;738;740;741;742;744;745;747;748;750;751;753;754;756;757;759;760;763;766;769;772;776;777;778;782;783;785;787;788;791;793;794;798;800;802;803;807;808;810;811;812;815;816;819;822;823;824;826;827;828;829;831;836;838;841;844;846;847;848;850;852;856;857;859;861;864;868;869;870;871;872;876;877;880;881;883;884;885;886;888;891;893;894;897;898;899;900;901;902;903;904;906;908;910;911;912;913;914;915;916;924;934;935;936;938;939;940;942;949;953;957;958;959;967;968;969;970;972;973;975;976;981;982;984;986;987;988;991;992;994;996;998;1000
410;5;7;12;16;17;18;19;22;26;27;29;30;34;35;36;37;39;40;41;43;44;45;49;50;51;52;54;59;60;61;64;68;69;73;75;80;82;84;85;86;91;95;96;97;98;100;102;103;105;108;110;111;114;116;119;120;121;122;124;125;126;127;129;133;135;136;138;140;143;148;149;153;154;159;160;170;172;174;175;177;178;179;187;192;193;197;198;200;202;203;204;206;207;212;214;217;221;222;223;226;227;228;229;230;231;232;235;236;240;242;244;245;246;247;248;251;253;256;259;261;266;267;268;269;270;271;274;275;279;280;283;284;286;287;290;296;298;301;302;303;304;305;306;308;309;314;315;316;318;320;322;323;324;327;329;333;336;338;340;342;344;345;350;353;354;355;357;358;359;363;364;366;368;369;370;372;375;377;378;380;382;385;387;390;392;394;395;396;400;403;404;405;406;408;411;412;415;416;418;419;420;423;424;427;428;430;432;433;435;439;441;442;444;445;448;450;453;455;456;457;459;461;462;463;465;467;468;469;474;475;477;478;480;481;482;483;485;492;493;494;495;497;499;500;501;506;509;512;513;514;515;516;519;522;523;524;534;535;536;538;539;540;544;545;554;555;558;559;563;566;567;568;569;571;573;574;581;582;583;584;585;586;590;592;594;597;602;605;608;611;615;616;617;618;619;621;622;625;626;627;628;631;634;637;639;641;644;646;654;655;656;657;658;662;663;664;666;670;673;676;677;678;679;680;681;684;686;688;689;691;692;696;698;699;701;704;705;708;711;713;718;721;722;723;724;727;728;729;730;731;732;733;734;735;737;742;743;744;745;746;747;748;749;756;757;758;759;763;765;766;768;769;771;772;773;774;775;776;778;779;781;785;786;787;788;789;790;795;797;798;800;802;803;804;805;807;816;818;819;820;821;822;825;829;830;831;834;837;840;842;843;845;847;848;849;852;853;854;856;860;862;864;867;868;869;870;875;876;877;880;881;883;884;887;893;894;895;897;898;899;902;904;905;906;907;911;914;917;918;920;921;922;923;924;929;930;931;932;934;936;939;947;950;951;957;960;966;969;970;972;973;976;978;980;982;983;984;985;987;989;991;992;993;995;996;997
411;1;2;5;7;8;9;10;12;13;14;15;16;18;19;20;21;23;25;27;31;38;39;42;43;45;46;48;49;50;51;52;59;60;61;62;64;65;69;71;75;77;82;83;84;85;88;89;90;91;100;102;103;106;107;108;110;112;114;118;119;124;125;126;127;128;129;130;131;134;135;137;141;142;145;148;149;151;152;155;156;157;158;159;160;161;162;166;167;170;171;173;176;180;182;189;190;191;193;194;196;201;202;205;206;210;211;212;216;217;220;221;222;225;229;230;231;233;234;235;238;239;241;242;244;245;248;253;254;257;260;263;266;268;270;271;272;273;276;277;281;282;283;285;287;290;291;292;293;294;296;297;298;299;301;302;303;304;306;307;308;310;311;313;314;316;318;319;320;322;323;326;327;331;332;333;335;336;337;338;341;344;347;349;351;352;354;357;358;361;362;364;367;369;370;371;372;376;377;378;379;382;384;386;387;388;390;393;394;396;397;400;401;403;408;410;412;414;416;417;418;420;421;422;425;426;430;431;432;435;436;438;441;442;443;444;449;450;451;452;453;455;459;461;462;465;466;469;471;472;473;474;475;481;483;485;486;487;490;495;497;502;504;505;506;507;508;513;514;515;516;517;518;520;521;524;526;529;530;532;533;535;537;541;542;543;545;546;549;551;553;556;557;560;562;566;567;570;573;574;577;578;586;589;590;592;593;594;596;597;599;600;601;602;603;604;606;607;608;611;612;613;615;616;617;619;621;622;623;625;627;629;631;632;634;636;639;640;642;643;644;645;648;651;652;653;658;659;660;662;663;666;667;670;671;672;673;674;676;677;678;679;680;681;683;685;686;687;689;696;698;700;701;703;705;706;707;713;716;718;719;721;722;725;727;729;730;731;734;736;738;739;741;743;744;745;746;750;751;752;753;755;757;760;763;765;771;772;773;774;775;776;778;779;780;781;782;783;784;786;788;789;791;792;793;794;795;796;799;800;801;803;809;812;813;814;818;821;823;824;825;826;828;829;830;835;837;843;845;846;847;850;851;855;856;858;861;863;868;869;871;872;877;881;882;884;887;890;891;892;896;902;904;908;910;912;913;916;925;926;927;929;931;933;934;935;936;939;940;942;943;944;948;949;950;951;952;953;957;959;966;968;969;970;972;979;982;984;985;986;988;989;993;994;997;998
412;2;4;8;9;11;13;14;15;16;18;21;22;23;24;26;27;30;31;32;34;37;38;39;47;48;49;50;55;56;58;59;62;63;64;65;70;74;76;77;78;80;82;83;86;87;88;89;90;91;98;104;105;107;108;112;114;116;119;121;122;123;126;127;128;132;133;134;137;139;140;141;142;143;145;148;151;153;154;155;156;157;158;159;161;164;166;167;169;174;175;177;179;180;181;182;183;184;185;186;187;188;190;192;196;197;200;201;202;205;209;210;212;215;219;220;221;222;224;230;232;234;235;236;241;246;249;251;254;256;257;260;261;264;265;271;274;275;277;280;281;282;284;285;286;292;295;297;298;299;304;311;312;313;315;317;319;320;321;323;326;327;328;329;331;334;335;336;337;339;340;341;342;343;348;349;350;353;355;356;358;361;365;367;369;370;371;372;373;374;378;379;385;387;388;391;394;395;396;397;400;402;404;408;409;410;411;418;420;421;422;423;424;425;426;429;430;433;434;435;436;438;440;442;444;445;447;449;450;453;454;456;459;467;468;469;472;474;475;476;478;480;484;485;488;490;492;493;494;495;497;498;500;503;506;507;511;513;514;516;519;520;525;526;529;532;533;534;536;537;538;539;543;544;548;555;557;560;562;564;565;566;568;570;572;573;577;579;581;583;586;587;588;590;591;592;593;595;596;599;600;602;603;607;609;610;614;615;616;618;619;620;622;624;625;627;634;635;637;639;640;643;645;649;651;654;655;659;660;661;666;669;670;671;674;676;677;683;685;692;698;699;700;701;707;709;710;711;712;714;716;717;723;725;726;728;730;731;732;735;737;738;740;741;742;747;748;749;751;752;755;758;760;761;763;764;766;768;770;771;778;779;780;784;786;797;798;799;800;802;805;807;808;811;813;814;815;823;825;830;832;833;835;837;839;844;848;849;850;851;852;853;854;855;859;860;861;862;863;866;867;868;869;874;876;877;879;881;885;887;892;893;897;899;900;904;905;906;907;908;909;910;912;915;916;917;919;920;922;923;924;925;927;928;929;930;931;933;934;935;941;946;947;948;951;953;954;957;958;959;960;963;964;967;968;970;973;974;977;978;979;980;981;983;985;991;995;998;999;1000
413;1;3;5;6;7;8;10;12;16;17;20;21;23;24;27;29;32;36;37;38;40;45;46;47;48;52;53;54;58;60;61;62;64;67;69;71;72;74;75;76;77;81;83;86;87;95;96;97;99;103;105;106;108;109;114;115;116;117;118;120;121;123;124;126;127;128;130;131;132;133;137;143;145;146;147;148;150;154;155;158;160;161;164;165;167;168;169;171;172;173;174;176;178;179;180;181;183;184;188;191;194;196;197;199;200;203;208;209;210;211;213;215;217;218;221;222;223;224;225;226;227;229;232;233;235;236;238;239;241;243;245;246;248;249;251;252;253;258;259;261;263;265;266;267;268;270;273;275;279;280;283;285;287;291;293;294;295;296;300;301;303;304;305;309;310;311;312;313;319;320;322;323;327;328;329;330;335;336;337;339;341;344;347;350;353;354;362;365;367;368;370;371;372;375;379;380;381;382;385;386;387;388;392;393;394;395;402;406;407;414;416;417;418;422;424;426;427;428;430;434;435;436;437;438;439;440;441;443;444;445;446;447;448;449;452;454;456;457;459;461;462;466;468;469;471;474;475;476;485;486;487;488;489;490;493;494;495;496;499;500;501;502;504;508;511;512;514;516;520;523;526;528;529;532;534;537;540;542;543;546;551;555;556;559;560;561;565;566;567;577;578;581;587;588;589;592;593;595;600;601;602;605;609;612;614;617;622;623;625;626;627;629;631;634;635;636;638;639;644;646;647;648;649;651;652;653;654;658;659;662;663;664;667;675;680;681;682;683;685;689;690;692;693;694;696;697;698;699;700;701;702;704;706;710;711;713;714;715;716;718;719;722;724;725;726;727;735;737;738;741;744;746;747;750;751;752;755;756;757;761;766;767;769;770;773;774;776;778;780;781;783;787;790;794;800;804;809;812;813;816;817;818;819;821;822;823;826;827;828;836;837;840;841;843;844;845;847;849;850;852;854;855;858;860;861;862;866;867;871;876;879;880;881;882;884;885;886;888;890;894;897;898;899;902;904;906;907;909;910;911;917;919;923;926;927;928;930;931;934;937;938;940;941;942;943;944;945;947;949;950;952;953;954;955;956;961;964;965;966;967;970;972;977;981;983;987;990;994;995;996;999
414;4;5;9;10;12;14;17;19;21;22;23;25;26;28;29;30;31;36;40;44;45;47;48;50;52;53;54;58;62;63;64;67;69;71;72;75;76;77;85;86;87;89;90;98;99;101;103;105;107;108;109;111;113;115;117;119;122;125;126;133;134;135;138;140;142;143;144;149;151;152;155;158;159;160;163;164;165;166;167;170;174;175;178;179;181;182;184;185;187;190;191;196;199;203;205;210;211;213;214;215;219;220;221;222;223;226;228;229;232;234;235;237;238;242;246;248;250;252;254;264;266;268;269;271;275;279;280;282;283;284;288;290;291;292;297;298;299;302;304;306;309;312;316;317;322;325;329;330;331;332;333;334;335;338;340;341;345;347;348;349;354;356;357;358;360;361;363;365;370;373;375;376;377;378;379;380;381;382;384;387;389;391;392;393;395;396;397;398;403;406;407;409;411;413;418;419;420;421;422;423;425;426;427;429;430;431;433;434;436;437;441;442;444;447;448;450;452;455;459;461;464;465;466;467;468;471;473;475;476;477;479;480;481;487;488;490;492;495;499;500;501;502;504;506;507;508;511;513;516;518;523;524;526;527;529;533;534;536;537;540;541;542;544;545;547;549;553;555;560;561;562;563;569;571;574;576;577;578;582;584;586;587;589;590;591;592;594;595;596;597;599;601;602;604;605;608;614;619;621;622;623;625;626;627;628;629;634;636;637;638;639;640;641;646;648;649;653;659;660;662;665;666;668;670;671;676;679;683;687;688;691;693;696;699;700;705;706;709;710;712;717;718;719;721;722;724;727;730;733;734;739;742;744;746;748;749;751;752;753;755;757;759;766;768;769;775;777;779;780;783;786;787;790;791;794;795;797;798;800;802;806;811;812;813;815;816;817;818;821;822;827;828;829;830;831;834;835;838;839;840;843;845;848;849;850;851;853;855;856;857;858;862;863;865;868;869;870;872;874;875;881;884;887;889;892;893;895;898;901;902;905;908;909;913;914;915;917;919;920;921;924;925;935;937;938;939;943;944;947;949;950;951;952;955;956;960;967;973;974;975;976;977;979;981;982;983;984;989;990;991;992;993;994;996;997;998;999
415;1;2;3;4;5;6;8;11;13;14;21;22;24;26;27;31;32;35;39;40;41;47;57;58;59;61;63;64;66;69;77;78;79;81;85;87;88;90;92;98;100;102;103;104;106;108;111;112;117;118;119;120;121;122;127;128;129;131;133;135;137;138;141;142;143;144;148;150;152;154;157;160;161;162;163;164;165;166;167;169;170;172;173;174;175;177;178;179;181;184;186;187;188;189;190;191;192;193;194;195;197;199;200;201;203;204;205;206;208;209;212;214;216;217;218;219;220;221;223;227;228;229;230;232;233;234;236;238;240;241;243;246;247;249;251;252;254;256;257;259;261;262;268;269;271;272;276;281;282;285;286;288;290;292;293;294;296;299;301;302;303;308;309;311;313;314;315;316;318;320;325;327;331;332;333;334;338;342;343;345;348;352;353;355;358;362;366;367;369;372;374;379;380;392;393;395;397;398;400;401;404;405;408;409;410;416;417;419;422;424;427;428;429;430;438;439;443;445;446;448;449;450;452;453;459;461;463;466;467;469;470;474;477;478;479;480;483;484;486;487;490;491;492;494;496;497;499;500;502;503;504;506;508;512;513;514;516;517;518;520;522;523;525;527;531;533;536;538;539;540;541;543;545;547;548;550;552;553;554;555;556;561;562;565;566;568;572;575;580;582;583;586;587;589;591;592;593;594;595;597;598;602;604;606;608;611;612;613;614;615;616;617;619;620;626;634;635;636;637;638;640;643;644;645;646;648;649;650;651;654;655;659;662;663;664;667;669;674;676;677;678;679;684;685;687;688;693;694;697;699;700;702;709;710;711;712;714;716;717;718;720;721;722;723;727;729;731;733;734;736;738;739;740;741;742;743;744;746;747;748;750;753;754;755;762;763;765;766;768;769;771;774;775;776;777;778;782;783;785;786;794;795;806;807;808;811;815;816;819;820;822;824;825;827;829;830;833;836;837;838;839;840;843;844;845;846;848;849;850;851;852;853;854;857;859;860;861;862;864;866;868;869;870;871;873;874;879;880;881;888;889;893;894;895;897;898;899;901;902;905;906;910;911;913;914;916;918;919;923;924;925;926;928;929;930;931;932;933;935;937;938;940;941;946;950;951;952;953;956;958;960;961;962;963;968;969;971;973;976;981;983;986;991;994;997;999;1000
416;1;2;3;4;5;6;9;11;15;21;23;25;26;29;31;33;37;38;42;43;47;48;50;51;52;57;61;67;69;70;75;78;81;82;85;87;89;90;93;95;96;97;98;99;103;104;105;112;113;115;117;119;122;124;127;128;130;131;133;134;135;136;139;141;144;147;148;149;150;152;154;155;157;158;160;166;168;169;170;171;172;173;176;178;179;180;182;183;186;189;190;193;194;195;197;199;204;205;206;207;212;214;217;219;223;225;227;229;230;236;237;238;240;242;244;245;246;249;250;251;254;256;257;258;260;261;262;263;264;265;266;267;268;269;270;272;274;277;278;279;280;281;283;284;285;287;290;291;296;298;299;301;302;303;304;306;307;309;311;313;316;318;319;321;323;324;325;326;330;331;335;337;338;340;342;344;346;347;348;351;353;354;355;356;357;358;359;360;362;365;366;367;369;372;373;377;381;383;387;390;391;393;396;397;399;400;403;409;410;411;413;415;417;418;421;430;432;434;435;437;438;440;444;445;446;447;448;451;452;453;455;456;457;458;459;460;465;468;469;471;475;476;477;478;479;485;486;492;493;494;497;498;500;510;511;512;514;515;517;519;522;523;525;527;529;530;532;533;535;537;539;540;541;542;543;544;546;550;551;553;556;557;559;560;563;564;568;569;570;572;573;574;577;578;580;582;584;589;591;593;594;595;596;597;598;599;600;601;606;607;612;613;615;617;618;619;620;621;623;624;631;632;635;637;638;639;640;642;643;645;648;649;652;653;656;659;667;669;670;671;672;673;675;676;677;678;679;681;682;684;685;686;689;690;691;692;695;697;698;700;701;703;704;706;707;708;710;711;716;721;722;729;730;734;736;739;740;744;745;748;749;756;757;758;761;763;764;765;767;768;769;772;777;779;781;784;786;787;792;794;795;798;800;801;802;803;804;805;808;809;810;811;812;813;815;816;817;819;820;823;824;825;827;828;829;830;831;833;835;837;838;840;843;844;845;846;852;853;857;858;859;864;867;869;871;872;874;875;877;879;880;881;882;883;885;886;889;890;891;893;894;895;896;898;900;901;903;908;910;915;917;918;921;922;923;925;926;927;928;930;931;934;937;940;941;942;945;946;948;949;950;953;956;958;960;962;964;967;969;971;973;974;976;977;982;983;984;985;989;990;993;994;997;998;1000
417;1;9;10;11;12;13;17;18;20;21;25;26;27;31;32;35;38;39;40;42;43;45;46;47;48;49;51;53;54;56;57;58;60;64;65;66;69;71;73;75;76;79;80;81;82;83;85;88;89;90;91;93;96;99;101;107;110;116;120;121;125;128;131;132;133;134;135;139;145;148;149;157;158;160;162;164;165;166;167;169;173;175;177;179;184;186;188;192;193;194;198;199;200;201;203;204;205;207;211;213;217;218;220;225;226;230;236;240;241;243;245;250;251;254;255;256;257;258;259;261;262;263;265;269;273;274;277;278;279;282;285;287;288;289;297;298;299;300;302;303;304;305;307;308;311;314;315;316;317;318;320;322;323;326;329;330;338;340;344;348;350;351;354;355;356;357;358;359;361;364;367;368;371;373;374;377;379;381;382;386;387;389;390;393;396;398;399;400;405;407;408;411;413;415;416;419;428;430;432;435;436;437;438;440;442;443;446;447;448;451;453;454;456;460;461;462;463;465;466;468;476;478;479;481;483;484;486;487;490;491;492;494;496;498;499;501;503;504;506;508;510;511;516;517;520;521;525;527;529;530;531;533;535;536;537;538;539;541;543;544;553;555;556;559;560;562;564;565;566;567;568;569;571;575;576;577;578;580;581;582;584;586;587;588;589;590;594;596;597;598;600;601;602;603;604;605;609;614;617;618;619;624;627;628;634;636;637;639;640;641;642;643;645;649;651;652;653;654;655;658;659;660;661;663;664;666;667;669;670;673;674;676;678;679;682;683;684;685;686;687;691;695;697;699;701;703;705;709;710;713;714;715;716;719;724;725;726;728;730;732;733;734;739;740;746;749;754;755;756;757;761;763;764;765;768;773;778;779;782;785;786;788;791;798;800;801;804;805;808;809;811;812;813;814;815;817;821;823;824;826;828;830;831;835;838;839;841;843;844;845;846;847;848;849;850;852;856;858;859;863;866;867;871;874;875;876;878;881;883;884;886;888;891;893;895;899;900;907;911;912;914;915;919;920;921;922;924;925;926;927;929;931;934;935;936;937;941;942;944;947;948;949;954;955;956;958;960;962;963;964;966;967;978;980;982;983;984;986;987;989;990;992;994;997;998;999;1000
418;1;3;4;7;14;15;17;19;22;23;24;28;29;30;33;36;37;40;41;44;46;47;49;53;54;55;58;60;63;65;66;68;74;75;76;79;80;82;83;84;85;88;91;92;93;95;97;100;105;107;108;111;112;113;114;118;121;122;124;125;126;128;130;131;134;135;136;138;140;143;144;145;146;148;150;151;156;158;160;161;162;165;167;168;169;170;173;177;178;180;182;185;187;189;192;193;195;196;197;201;202;204;205;206;207;208;209;212;213;214;215;216;218;221;222;224;225;226;227;229;231;237;238;240;242;246;248;249;251;254;257;258;261;262;263;264;266;267;268;269;270;271;275;276;278;279;281;285;287;288;290;291;292;294;295;296;297;300;302;303;304;307;308;311;313;318;321;331;333;334;336;338;339;342;344;349;350;356;358;359;360;363;366;367;368;370;379;381;382;384;385;387;388;391;392;395;396;397;398;400;402;404;405;407;409;410;411;412;413;414;416;419;420;421;425;428;430;434;435;437;438;441;447;449;450;451;452;456;458;460;461;462;463;464;466;467;471;472;474;475;478;481;483;485;486;487;490;491;495;497;499;501;502;504;505;507;511;512;513;514;515;518;519;523;524;526;527;529;532;533;534;536;537;538;539;541;542;546;547;550;551;552;553;554;556;558;559;560;561;565;567;568;573;574;577;580;581;583;586;587;591;592;593;594;595;597;598;599;601;603;604;605;606;607;611;612;613;615;616;619;620;621;624;626;627;633;634;639;640;641;643;644;645;646;652;653;654;657;659;665;666;667;668;670;671;675;677;678;681;683;688;689;690;691;694;696;698;699;700;703;704;706;707;708;710;712;716;717;723;725;730;731;735;737;739;741;743;744;745;747;748;749;750;751;752;754;755;759;760;762;763;765;767;768;769;771;774;776;780;782;783;787;791;792;793;795;799;800;801;804;810;811;813;816;818;819;820;822;823;824;827;830;833;835;838;839;840;841;842;843;845;848;853;854;856;857;859;861;865;868;874;875;877;879;881;886;887;888;889;890;891;893;894;898;899;900;902;903;904;907;908;909;910;911;913;914;915;917;921;922;923;925;926;927;929;930;931;932;935;936;937;938;945;946;949;951;953;957;962;963;965;968;970;971;973;974;976;977;978;980;981;982;983;986;989;991;993;994;996;997;998;1000
419;4;7;8;9;18;19;20;26;27;30;32;34;35;36;38;40;42;44;45;48;50;51;53;54;57;59;60;61;62;63;64;65;67;68;75;76;78;79;81;83;87;88;89;91;92;93;94;97;98;99;100;101;102;104;105;107;108;109;110;111;112;113;115;116;123;125;127;128;131;133;134;138;139;141;144;146;149;150;154;156;157;158;159;160;161;162;167;168;170;176;177;179;185;187;188;189;191;192;195;199;200;201;202;206;210;211;213;214;216;217;218;219;222;224;227;228;229;230;231;233;234;236;237;242;243;249;250;251;255;256;257;259;260;261;263;265;266;269;270;271;272;275;276;278;279;280;281;282;283;284;287;293;294;295;296;297;299;300;305;306;307;309;310;311;313;315;316;317;318;319;320;321;324;333;335;336;337;343;344;345;347;348;350;353;354;355;356;357;359;361;365;366;367;369;370;371;374;377;382;386;387;391;392;393;396;397;398;402;404;405;406;407;408;410;414;415;417;418;420;421;423;428;429;433;436;437;438;441;443;444;445;446;448;451;452;453;455;458;461;463;465;466;470;474;475;476;478;480;481;483;484;485;489;491;492;495;496;497;501;502;503;504;506;509;511;512;516;517;520;521;522;523;524;526;528;530;534;535;537;539;541;544;545;548;552;555;556;557;559;560;563;564;568;572;576;579;583;584;586;591;593;594;596;597;600;602;603;608;610;612;614;619;620;621;624;626;627;629;630;631;632;633;636;640;645;646;647;649;653;656;658;660;661;666;667;668;670;672;681;683;684;685;686;687;689;691;695;696;698;700;702;703;710;712;713;715;719;722;723;724;725;726;727;730;732;734;735;739;740;742;744;747;749;751;753;754;755;756;758;760;761;768;770;771;775;776;777;778;781;782;786;788;793;795;797;802;803;805;807;809;811;812;815;818;821;822;824;825;826;829;831;833;834;836;837;838;840;841;845;846;848;851;854;855;861;864;868;871;875;877;878;879;880;881;882;884;885;886;887;889;890;892;893;901;903;907;909;911;914;920;923;925;926;927;928;933;936;938;939;941;942;944;947;953;955;956;959;960;962;965;968;970;971;972;973;974;976;977;980;982;984;986;987;988;989;991;993;994;995;997
420;1;4;6;11;14;15;17;18;22;26;31;36;39;40;41;42;45;48;51;53;54;59;60;66;68;69;71;72;73;74;77;79;80;84;85;86;88;91;92;93;98;99;100;102;107;109;111;116;121;122;125;126;129;130;135;138;141;143;147;150;151;162;163;165;168;169;171;172;178;179;181;182;186;187;189;191;192;193;194;202;203;204;205;209;210;211;212;213;216;218;219;220;225;228;229;230;234;235;236;238;239;241;244;249;251;253;256;258;262;263;271;272;273;276;277;278;279;280;281;282;283;285;286;287;288;289;290;291;293;296;299;300;302;304;305;306;309;313;315;317;320;323;326;330;332;333;334;338;339;343;346;347;348;349;353;354;358;360;361;362;364;366;368;370;371;372;373;378;379;381;384;385;386;389;390;392;394;395;398;403;405;408;410;411;412;414;418;419;429;431;432;434;436;437;438;439;440;447;450;451;460;463;468;469;471;472;473;478;479;480;481;482;484;486;487;488;492;494;495;497;500;504;505;508;510;511;512;513;514;518;519;520;524;527;539;543;548;556;557;560;562;564;567;568;570;574;575;576;577;578;579;580;582;583;584;585;587;592;593;594;595;596;599;600;601;602;603;605;607;611;612;614;623;626;627;629;630;632;635;636;637;639;640;643;645;646;647;651;655;659;660;662;665;666;669;670;672;674;677;678;683;684;685;686;687;688;691;692;694;695;699;703;704;705;706;709;710;712;713;715;716;721;723;724;725;727;728;730;731;734;736;737;739;741;742;756;757;760;762;764;765;770;771;773;776;778;780;781;783;784;788;789;790;791;793;795;797;798;801;802;803;804;807;810;811;812;814;817;818;819;820;822;825;826;831;832;836;837;838;839;842;843;845;847;850;853;854;857;858;860;861;862;865;866;867;868;870;871;874;878;879;881;884;886;887;888;889;890;892;893;895;896;897;901;902;903;904;906;909;910;911;913;914;915;919;922;923;929;932;933;935;937;940;941;942;943;945;946;949;950;951;953;954;957;962;963;965;966;967;968;969;973;974;978;979;982;983;988;993;995;1000
421;1;2;4;5;8;13;14;17;19;21;22;25;27;28;29;30;32;34;36;39;41;48;50;51;56;61;62;63;67;68;72;74;78;79;80;81;83;88;94;95;97;98;101;103;105;106;108;109;114;118;119;120;121;123;126;129;132;133;134;135;136;138;139;141;150;152;154;155;157;158;164;165;170;171;172;173;174;175;176;177;179;180;190;191;194;195;198;199;202;205;206;207;211;212;213;216;218;220;224;225;228;229;231;233;240;241;242;246;247;248;249;251;253;255;256;258;260;262;263;265;266;269;275;276;278;282;284;285;289;290;291;297;298;303;305;309;311;312;315;317;319;320;321;324;327;330;331;333;334;340;341;342;344;345;346;347;348;349;352;353;354;355;356;357;358;360;364;365;374;375;380;381;382;383;386;387;388;390;393;396;398;399;401;403;404;405;406;408;411;412;414;416;418;419;425;426;428;431;432;434;437;438;443;445;446;447;449;453;454;456;458;460;461;463;466;467;470;474;475;479;480;481;482;483;484;491;492;494;497;500;501;502;504;505;506;507;508;509;510;511;512;514;515;516;518;519;523;524;525;526;529;530;531;532;534;537;539;540;542;543;545;546;550;555;557;559;560;562;563;564;565;566;567;571;574;577;580;582;583;585;586;587;591;592;594;595;596;598;600;601;604;605;606;607;611;612;615;616;618;619;624;626;627;628;632;635;636;637;640;645;647;648;653;654;656;658;662;666;668;671;672;673;674;675;676;677;678;679;681;683;684;686;687;688;689;692;693;694;695;698;700;701;703;709;711;715;721;723;724;727;729;730;731;737;739;740;742;743;744;746;748;749;754;756;757;758;759;760;761;762;764;767;769;771;772;773;775;777;778;779;783;784;785;786;788;789;795;797;799;800;801;802;804;805;807;809;810;812;815;816;827;828;829;831;833;834;835;836;837;840;841;846;850;851;852;854;855;857;858;861;862;865;870;871;873;879;880;881;882;884;886;888;891;893;896;897;898;899;902;904;905;908;909;910;911;912;913;914;915;917;921;922;923;924;926;928;932;933;936;941;942;947;948;949;950;951;960;963;964;965;970;971;972;973;976;983;984;985;991;993;994;995;1000
422;1;3;5;12;13;16;17;18;19;24;25;26;27;28;29;30;31;32;33;37;39;41;42;44;49;52;53;54;55;58;60;61;67;69;71;72;73;75;77;79;80;81;82;85;89;91;93;96;97;98;100;101;103;106;108;109;110;112;117;118;122;125;129;130;131;132;133;136;137;139;140;141;144;145;148;149;151;152;153;156;157;158;160;165;168;169;170;171;173;174;175;176;177;179;181;188;189;190;191;194;195;196;197;200;202;203;206;210;215;218;221;224;226;229;231;232;234;235;236;237;239;242;243;246;247;248;249;250;251;255;257;258;260;261;262;263;265;266;267;268;270;271;272;273;274;278;281;282;283;285;290;291;297;298;299;300;301;302;305;310;311;318;319;322;324;326;329;332;336;337;338;339;341;343;344;346;350;351;352;355;356;357;358;360;362;363;364;367;368;370;374;376;378;382;383;386;387;388;391;392;393;394;395;396;397;398;401;404;405;406;411;412;413;414;415;423;425;426;428;433;434;436;438;440;443;444;451;455;456;458;459;460;462;464;465;466;467;471;474;477;478;479;480;484;485;486;487;488;489;490;491;492;493;494;496;498;499;501;502;505;508;511;514;516;517;519;520;521;523;527;529;530;531;532;533;534;535;537;538;542;543;545;550;551;552;553;554;555;557;559;560;561;562;566;567;568;569;570;577;578;579;582;583;585;587;588;589;590;592;596;598;600;601;603;606;607;608;610;614;616;619;620;622;625;629;631;633;635;639;640;642;645;649;651;652;653;654;656;657;658;660;661;662;663;665;666;668;669;671;672;674;675;676;677;678;682;684;685;690;691;692;697;701;702;703;704;706;708;709;710;711;712;714;716;721;725;727;729;730;731;732;735;736;737;738;739;745;746;747;748;749;751;753;758;760;761;762;764;768;770;774;775;777;778;779;781;782;784;786;787;788;790;791;792;793;794;795;797;801;803;807;808;809;811;812;813;818;819;821;824;830;833;834;842;843;845;846;849;850;858;862;865;870;871;875;876;877;881;883;886;888;893;894;896;899;900;902;903;908;909;910;911;914;915;916;917;918;919;920;922;929;930;931;932;936;938;939;940;941;943;944;946;951;953;954;955;956;957;958;962;964;966;968;971;972;980;983;987;997;999
423;6;8;11;22;24;28;29;31;33;37;38;40;42;46;47;48;49;50;52;53;54;55;56;59;60;61;62;64;65;66;70;71;74;75;76;78;82;85;87;88;89;90;92;97;99;100;104;105;108;109;112;113;114;116;118;119;123;124;125;127;128;129;130;134;138;140;142;143;145;146;147;153;160;161;164;169;171;175;176;178;179;180;182;183;184;185;186;190;191;193;197;198;201;202;203;206;207;209;211;212;213;215;216;217;218;224;225;226;227;229;230;231;232;233;236;243;244;246;247;249;251;252;257;258;263;267;268;270;271;273;274;275;276;283;284;285;286;288;292;299;300;301;302;303;305;306;309;313;314;315;316;320;321;322;324;328;330;336;337;341;343;347;349;350;351;352;355;356;359;360;364;365;366;367;370;372;374;375;376;379;381;382;383;386;387;391;392;393;395;397;398;399;400;403;405;406;409;410;412;414;419;422;424;425;426;427;428;430;435;437;442;446;447;449;451;455;458;459;461;462;465;469;470;473;475;477;479;480;481;482;484;485;486;491;492;495;496;499;500;504;505;506;508;509;510;515;518;519;520;523;525;526;529;532;533;535;536;540;543;545;546;547;549;550;552;553;554;557;560;562;563;565;566;568;572;574;575;576;577;581;583;588;589;597;598;600;603;604;605;607;608;609;611;614;616;617;620;623;624;625;626;628;629;631;635;636;637;639;640;642;644;647;648;649;651;652;653;654;657;658;665;668;671;672;675;676;677;680;682;686;688;693;695;698;700;702;705;707;710;711;712;713;715;716;717;721;722;723;724;727;728;729;730;731;734;735;736;737;739;741;742;743;744;748;749;750;751;752;758;759;760;761;762;763;765;766;774;777;779;780;781;782;784;785;788;789;790;793;795;796;799;801;803;804;805;806;807;810;811;813;814;815;823;824;825;827;828;830;832;834;839;843;847;851;853;854;855;857;859;862;864;866;867;872;873;874;875;876;877;878;880;881;882;886;887;889;891;893;894;897;898;901;903;904;907;911;913;914;916;918;919;920;922;924;926;929;930;931;933;936;937;938;939;941;942;943;948;949;951;953;957;960;961;962;966;969;970;971;972;974;976;977;979;981;982;983;986;989;992;993;995;996;998;999
424;1;3;4;5;11;13;14;15;16;17;18;19;20;21;22;23;24;26;29;30;31;32;34;43;44;46;47;48;49;51;56;57;58;59;62;64;73;75;78;80;82;84;86;88;89;90;95;97;98;101;103;108;109;110;113;114;115;116;117;118;120;123;124;125;127;128;131;132;133;136;139;140;143;146;148;149;152;154;161;164;166;167;170;171;172;174;175;178;179;180;188;189;192;195;196;202;204;206;210;211;212;214;218;220;222;223;225;228;230;237;239;240;244;247;248;251;255;256;257;260;263;264;266;267;271;272;274;276;277;278;281;282;284;285;286;288;294;295;296;302;304;305;306;307;308;312;313;314;316;317;319;321;326;328;330;331;334;335;336;340;341;343;353;356;358;362;363;364;365;367;368;369;370;371;373;374;375;376;377;378;380;383;385;386;387;388;389;390;392;394;396;399;400;402;405;408;410;412;413;415;423;428;430;431;432;434;435;436;437;438;445;447;448;452;453;455;459;461;462;463;464;465;468;469;470;472;474;475;477;484;485;487;488;489;491;493;494;495;499;500;502;503;504;505;508;513;520;521;524;525;528;529;532;533;536;537;539;542;543;545;546;547;548;549;550;551;555;556;557;559;560;561;562;565;568;571;573;574;575;578;579;580;582;586;587;589;590;591;592;593;594;595;600;602;605;606;607;609;610;611;612;616;620;621;625;626;627;629;633;635;636;637;638;639;640;642;643;648;649;654;657;658;661;663;664;667;668;670;672;673;674;680;681;683;685;686;687;688;689;691;693;694;695;697;698;699;700;703;704;705;706;708;711;712;714;716;717;721;722;726;728;729;733;734;736;737;740;741;742;743;744;745;750;751;752;753;755;758;759;760;761;762;763;765;766;767;768;771;773;774;775;776;779;780;781;783;785;786;790;791;792;794;795;798;799;800;801;803;804;807;808;809;810;814;817;818;819;825;827;829;830;832;834;836;837;838;839;842;844;847;849;851;855;857;858;859;861;868;871;872;873;874;875;883;885;886;888;889;890;892;893;895;896;901;902;903;904;906;908;909;910;911;917;918;919;920;921;922;923;924;925;927;929;930;932;933;936;939;942;944;945;947;952;957;958;961;962;963;966;971;972;975;976;977;981;982;983;984;985;987;988;991;993;997
425;1;3;4;5;6;7;9;10;17;21;23;25;29;32;33;34;38;40;41;45;46;47;49;50;51;54;57;59;60;65;66;67;68;69;70;71;76;81;82;83;84;85;87;88;89;90;102;103;104;107;109;118;120;123;124;125;127;128;130;131;133;136;137;138;140;141;144;145;146;148;150;152;154;157;158;160;161;163;164;165;166;167;168;170;171;172;174;175;177;179;180;184;185;187;189;190;194;196;197;198;199;200;202;203;209;212;213;216;219;222;225;230;233;235;237;239;240;242;243;244;246;249;250;251;252;253;254;255;258;259;260;262;263;266;272;273;279;287;288;289;293;296;297;299;300;301;307;308;309;310;311;314;317;318;321;322;323;324;329;330;332;334;335;340;341;342;344;346;348;349;351;352;355;356;363;364;374;378;383;384;386;389;391;394;396;397;398;399;400;401;402;404;406;407;411;412;414;418;421;422;423;426;428;430;431;432;434;435;436;438;442;446;448;450;451;454;457;460;461;462;466;469;470;472;473;474;475;477;478;480;481;483;484;487;488;490;492;497;499;500;501;502;503;504;505;507;508;509;512;515;516;517;519;521;522;526;527;529;531;534;536;538;540;541;542;544;546;547;548;551;553;555;558;559;562;569;570;571;572;574;576;577;578;580;581;586;588;589;590;591;593;595;598;600;601;608;611;612;615;616;618;621;623;624;627;629;634;635;637;639;640;641;645;651;655;656;658;659;660;662;663;664;665;667;673;676;679;680;681;683;684;686;688;689;690;691;692;693;694;696;697;702;704;705;709;710;711;712;715;719;720;725;727;730;733;734;736;737;738;739;740;742;744;746;747;748;752;755;756;757;759;762;763;768;774;775;777;778;779;781;782;783;785;786;787;788;789;793;794;796;797;800;801;802;805;806;808;809;813;814;816;819;822;827;828;830;831;832;833;834;837;838;840;841;842;843;844;845;846;847;848;852;853;857;859;862;863;867;869;870;871;874;876;882;884;885;889;891;892;893;896;901;903;905;907;908;909;912;913;916;917;920;922;923;925;928;933;934;935;936;939;943;944;948;949;952;954;958;960;961;965;970;972;976;977;981;983;988;989;993;994;995;996;999
426;3;7;12;15;16;17;19;20;23;25;26;27;28;32;33;34;37;38;42;44;46;48;49;50;51;52;53;54;56;58;61;62;65;67;72;77;79;81;82;83;84;88;90;91;92;93;95;97;99;102;103;106;107;108;109;110;112;115;117;121;124;126;127;128;130;131;135;136;138;139;141;142;144;145;146;147;151;152;154;155;156;157;158;159;163;164;168;172;173;175;182;183;184;191;193;194;195;198;199;202;203;204;206;207;209;212;213;214;215;216;217;218;219;220;221;222;223;224;225;226;227;228;230;231;232;233;234;235;236;238;239;242;244;246;248;249;250;251;254;258;261;262;263;267;276;278;279;280;281;282;283;287;291;293;296;297;300;301;304;306;314;319;321;322;324;325;326;331;334;338;339;340;342;346;347;348;350;351;353;354;355;357;358;361;362;363;364;365;366;367;369;371;372;373;374;375;378;380;381;383;384;385;388;389;391;394;395;396;398;400;404;406;407;408;409;411;412;413;414;421;422;423;425;430;431;435;444;445;446;447;448;454;455;456;457;460;461;462;464;466;468;470;471;472;473;474;475;477;479;483;484;486;487;490;493;494;496;498;502;506;509;510;511;513;515;518;519;520;523;530;535;536;537;538;541;542;543;545;546;547;549;552;553;556;557;558;559;560;561;563;564;565;566;568;569;570;573;578;579;580;582;584;587;588;589;590;591;592;593;594;595;596;598;599;600;601;603;604;605;607;608;609;611;612;614;615;616;623;629;630;632;633;638;639;640;643;645;646;648;649;650;651;652;653;654;656;661;664;665;666;667;668;670;671;672;675;676;677;678;682;683;684;685;691;692;696;697;705;706;707;713;714;715;717;719;720;721;723;725;726;728;731;733;734;741;742;744;745;746;747;751;752;754;756;757;758;760;763;765;767;768;772;773;775;776;777;778;780;783;785;787;790;792;794;797;801;802;803;805;806;807;808;810;813;817;818;822;824;825;827;828;830;831;832;833;834;835;837;839;840;841;842;843;844;846;847;848;851;852;853;854;860;862;868;871;872;873;876;877;880;881;885;886;890;891;893;894;896;899;900;902;904;905;908;914;918;919;922;924;929;931;935;937;939;941;946;950;951;958;960;962;964;968;971;972;974;975;980;981;984;986;989;990;993;994;997;998;999
427;3;4;6;7;8;9;10;12;14;16;17;19;21;22;25;26;29;31;33;34;35;36;37;38;39;41;42;43;50;53;54;56;60;61;62;64;67;69;71;72;75;77;80;81;83;84;85;93;96;99;102;105;106;111;113;115;116;119;122;124;127;129;132;136;137;140;141;143;144;145;146;148;149;153;154;156;158;162;164;165;171;172;173;175;177;178;179;180;181;182;184;187;188;191;193;195;196;197;199;200;202;205;206;210;211;213;215;216;219;220;225;228;230;233;237;238;239;241;246;248;251;254;255;256;258;260;261;262;263;264;266;269;273;274;275;276;278;279;284;285;289;292;293;296;297;298;299;300;305;308;309;310;311;314;317;318;320;325;328;329;330;331;335;339;340;341;342;343;344;347;348;349;350;353;354;358;359;360;361;362;365;366;367;369;370;373;376;380;382;383;384;385;386;388;389;390;391;395;397;398;399;403;404;405;407;410;413;414;415;423;428;429;431;434;437;439;440;445;449;452;456;457;465;471;476;477;479;481;482;483;484;487;488;489;491;493;496;498;500;501;502;506;507;509;513;515;516;518;521;527;528;529;532;534;535;538;539;542;545;546;548;550;551;552;554;555;556;557;561;563;564;567;568;570;572;576;577;580;581;582;584;586;587;590;591;592;593;594;597;601;605;608;609;613;615;616;617;618;619;622;623;624;626;627;630;631;637;638;640;641;644;646;649;657;659;660;663;664;666;668;669;670;671;677;678;680;683;685;686;689;692;693;695;696;697;700;701;703;706;707;713;715;718;727;731;733;734;735;736;737;739;740;742;743;744;746;748;750;752;754;755;756;757;758;762;763;766;767;769;773;774;777;778;779;781;788;791;793;794;795;797;798;800;801;803;804;807;808;809;810;811;812;816;818;821;822;827;829;832;835;836;837;841;844;845;846;848;850;851;852;854;855;857;858;860;862;863;865;868;871;872;874;875;876;878;880;882;883;884;885;886;888;890;894;895;897;899;900;902;903;905;909;910;911;912;913;916;917;920;924;926;927;928;929;931;932;933;935;939;941;942;946;950;953;954;956;957;958;961;963;964;965;967;969;971;974;975;976;977;979;980;981;982;983;987;988;989;990;994;995;996;997;999
428;1;2;4;5;9;12;14;15;16;18;19;21;24;26;27;28;30;31;32;34;35;39;43;45;46;49;50;51;52;53;54;56;57;58;61;63;71;75;77;78;79;83;84;85;86;87;89;93;96;97;98;100;101;103;104;105;106;107;108;111;112;113;115;116;120;121;122;124;125;126;128;132;133;134;138;139;140;141;142;143;145;149;151;154;156;158;159;162;169;170;174;175;181;183;188;193;194;196;201;202;203;204;205;207;208;209;211;214;218;221;225;226;228;230;231;232;233;234;237;238;240;243;246;248;250;253;254;256;258;261;262;266;267;268;269;275;277;278;282;287;293;294;297;298;299;300;301;302;304;306;307;308;309;310;312;317;319;320;322;324;325;326;328;332;337;340;341;343;348;349;350;351;354;357;359;360;361;363;365;372;373;374;377;378;379;381;382;385;386;388;389;392;395;396;399;400;402;405;406;408;410;413;415;417;418;419;421;422;423;424;425;427;429;431;436;437;442;443;447;448;449;450;451;452;454;456;458;459;460;464;465;468;470;471;473;474;477;479;482;484;485;488;489;492;493;494;495;497;498;503;505;506;507;508;515;518;520;522;527;530;531;532;536;537;538;540;542;543;547;551;555;556;564;569;570;572;575;578;579;580;584;587;590;593;594;595;597;598;600;601;602;605;608;611;612;618;619;624;625;629;632;633;634;636;637;638;639;640;642;643;645;647;651;652;653;654;655;656;657;662;663;666;667;669;670;675;676;677;679;680;681;682;683;684;685;687;688;694;696;697;698;699;700;701;706;708;709;711;713;718;719;720;721;724;726;728;732;733;734;735;736;739;740;741;743;744;745;747;749;750;756;757;759;760;765;767;770;772;773;774;776;778;779;782;783;784;785;786;787;789;797;798;801;803;804;810;811;813;815;816;817;818;819;821;822;823;826;827;830;831;832;836;838;841;843;846;847;848;849;854;856;859;860;861;862;865;867;868;869;871;872;873;875;876;879;881;882;883;885;886;887;888;889;892;893;894;896;899;901;902;903;904;907;908;911;912;913;914;915;916;917;920;922;927;928;930;932;935;938;939;940;942;945;949;950;951;952;957;960;962;967;969;972;976;977;979;980;982;983;984;986;988;990;991;992;994;995;998
429;1;2;4;6;7;11;12;16;18;20;22;24;26;28;33;37;38;39;40;41;42;43;46;47;48;49;50;57;60;61;62;63;66;67;68;69;70;74;76;77;78;81;84;85;86;87;88;91;93;96;101;102;105;106;108;111;112;116;119;120;122;125;127;129;130;132;133;135;136;137;141;143;144;145;146;147;149;153;155;156;159;161;165;166;168;170;171;172;173;174;175;176;178;179;180;182;184;185;188;190;191;193;196;197;199;200;201;203;204;205;207;208;209;210;212;213;214;216;218;223;224;225;227;230;234;237;239;241;243;245;246;247;251;253;256;257;260;261;263;264;267;270;271;273;274;276;278;280;284;285;287;288;292;293;295;298;302;303;304;305;306;307;309;310;311;312;313;315;320;324;327;329;330;331;332;335;336;337;338;340;343;346;347;351;353;354;355;356;357;358;359;361;362;365;366;367;371;372;373;375;376;378;381;382;383;384;386;388;394;396;397;398;400;401;402;406;409;412;414;415;419;420;427;428;430;431;432;433;435;436;437;439;440;441;442;444;445;448;449;451;452;453;454;457;459;461;466;467;468;469;470;471;472;483;486;488;492;493;496;503;504;506;507;508;512;513;515;517;519;521;522;529;531;534;535;537;538;539;540;541;543;547;548;549;552;553;556;557;560;561;563;564;573;575;576;580;581;584;585;591;592;593;602;603;605;607;608;609;612;613;614;618;619;624;625;626;627;628;630;631;632;633;634;636;639;642;643;649;650;652;658;659;662;663;667;672;673;674;680;682;684;685;686;687;688;689;693;694;698;700;702;704;706;707;710;711;712;713;714;717;718;720;721;722;726;727;730;731;732;733;734;736;740;741;742;744;745;747;748;752;753;755;756;757;760;761;764;765;767;768;771;772;774;778;780;783;784;786;787;790;791;794;798;799;801;802;808;814;817;818;819;820;821;822;824;827;828;829;830;831;838;841;845;851;855;856;857;859;862;864;867;869;874;876;879;880;881;883;886;887;888;889;890;893;894;896;897;899;900;903;904;906;908;909;910;912;913;914;915;917;919;920;921;926;930;931;932;934;935;936;937;938;939;940;941;942;944;946;949;950;951;952;956;958;959;961;962;963;969;970;972;973;975;978;979;981;982;983;984;986;987;989;990;993;994;995;997;998
430;1;2;3;5;6;8;10;11;13;15;17;18;19;21;22;23;24;26;28;30;32;33;35;37;38;39;42;45;48;49;50;51;53;54;55;56;57;58;59;64;66;67;71;72;73;77;80;81;82;85;88;89;90;91;92;94;97;98;99;103;110;112;113;114;115;116;117;120;121;124;126;128;129;133;134;135;138;139;141;144;145;146;147;148;149;150;151;153;156;160;162;163;164;166;168;169;171;172;174;175;176;178;182;184;185;188;189;191;193;194;196;197;198;199;200;201;203;204;205;206;210;213;218;219;220;222;225;226;228;229;231;232;235;239;240;241;242;243;244;247;249;254;255;256;259;262;263;264;265;266;267;269;271;272;273;274;280;283;284;288;291;295;298;299;300;301;303;307;308;312;313;314;315;317;318;320;322;323;325;327;329;331;333;334;335;339;343;344;351;354;360;362;366;367;370;371;372;373;376;377;378;380;381;384;386;387;389;392;393;397;399;401;402;403;405;406;408;409;410;411;412;413;414;415;416;417;418;423;424;425;426;429;431;432;434;435;440;441;444;445;449;452;453;455;458;461;463;465;466;468;474;475;476;479;480;485;489;491;493;495;496;500;501;502;503;504;507;509;510;511;513;514;520;522;523;524;526;529;534;535;537;540;541;543;544;545;548;553;554;556;557;559;560;562;563;565;567;569;571;572;575;582;583;589;591;593;594;597;600;601;607;612;615;616;617;619;622;623;624;625;627;633;634;636;641;646;648;650;653;656;658;661;662;664;666;669;671;672;673;676;678;679;682;684;687;689;693;694;699;700;702;710;711;712;713;716;717;719;720;721;722;724;725;726;728;729;732;735;736;737;738;740;746;750;755;757;763;766;767;769;770;772;774;775;782;783;784;786;787;788;789;790;791;792;793;795;796;797;801;803;805;806;807;809;811;812;813;815;817;821;822;823;825;828;830;833;835;836;839;840;842;843;844;847;849;850;853;856;859;860;861;863;866;867;871;873;874;875;878;880;883;889;891;892;893;895;896;897;899;900;902;904;906;908;909;910;911;912;913;915;916;918;919;921;922;923;924;926;927;929;930;931;932;933;934;935;936;937;939;940;942;943;946;947;948;951;952;956;958;959;962;963;965;966;968;969;970;972;973;975;980;981;982;983;985;986;988;990;991;992;994;998;999
431;1;3;4;5;6;8;12;17;19;20;22;25;27;28;32;34;35;36;42;43;45;46;47;49;51;53;56;57;58;61;66;67;68;70;71;72;73;75;76;77;78;79;82;83;85;86;88;90;93;95;96;99;101;102;103;104;105;106;107;108;112;113;117;120;122;123;127;129;131;133;134;135;138;143;144;145;147;149;150;151;152;154;157;161;162;163;164;165;166;172;173;177;180;183;185;186;188;190;191;192;194;197;198;199;202;205;206;207;210;211;212;214;215;216;219;220;222;224;227;228;231;232;235;237;238;239;242;246;248;252;254;259;261;263;264;265;266;267;269;271;272;273;275;278;281;282;283;289;291;293;294;299;300;303;305;310;312;314;317;319;321;322;323;325;326;329;330;333;343;344;349;351;353;354;363;364;365;367;370;372;373;374;375;376;378;379;380;382;384;385;386;387;388;402;403;404;409;411;414;420;421;424;425;426;427;428;429;430;433;435;436;438;440;442;446;448;449;452;453;454;458;461;462;463;465;466;471;478;480;483;484;485;487;488;490;493;495;498;499;500;501;502;503;504;506;507;508;510;513;514;515;516;518;519;520;521;522;523;526;527;528;529;531;532;536;537;538;542;543;545;548;549;550;551;553;554;557;559;562;563;565;566;572;573;574;575;576;577;579;583;585;586;587;590;592;597;601;605;609;613;616;619;620;621;623;624;625;626;631;632;633;634;638;639;640;642;645;647;648;649;657;664;665;666;667;670;672;673;674;676;677;687;688;689;693;694;695;698;701;703;704;705;708;709;710;711;712;715;716;717;720;726;728;729;731;735;736;738;739;740;741;744;746;751;752;753;754;755;758;761;764;765;769;773;775;777;780;781;782;783;785;788;792;793;795;796;798;801;802;803;804;806;807;808;810;811;812;814;815;816;818;824;825;827;829;831;832;837;838;839;842;843;844;845;848;850;852;853;855;857;863;864;866;867;868;869;870;871;873;874;882;884;889;890;891;895;896;897;898;900;901;903;907;908;912;913;918;919;920;921;924;929;931;937;938;946;951;952;953;956;957;958;959;960;965;966;967;969;972;974;976;977;978;979;981;982;983;986;988;990;991;992;994;995;997;999
432;2;3;5;6;7;8;10;11;13;15;20;21;22;23;24;27;28;29;30;31;33;36;37;38;46;47;48;50;51;52;58;59;65;66;70;71;73;75;76;78;79;81;84;92;96;97;98;100;101;102;104;106;107;109;110;111;113;114;115;116;117;118;119;120;121;124;126;127;128;130;132;134;135;138;139;141;142;143;144;149;150;152;155;158;159;160;163;164;165;166;167;170;173;175;178;183;186;188;192;194;196;197;200;201;203;205;207;212;213;214;218;219;220;221;225;226;227;229;233;234;236;238;239;240;246;247;248;249;250;251;252;253;254;255;257;258;259;263;265;266;268;270;272;276;279;280;282;284;285;293;301;302;303;304;307;308;310;312;314;315;317;319;320;321;322;323;324;325;326;327;328;329;330;331;336;337;338;339;340;341;342;346;348;349;351;352;353;354;359;360;362;365;370;373;374;376;377;378;379;380;382;383;385;386;388;390;391;394;396;397;400;401;405;406;410;411;416;417;420;421;424;425;429;430;433;437;439;440;441;444;446;447;449;450;451;453;454;461;464;466;467;468;472;476;479;480;481;483;487;488;489;490;491;492;494;495;496;498;501;502;503;504;505;506;515;516;519;520;521;522;523;524;525;531;533;535;536;539;541;542;543;544;546;547;551;552;553;558;559;560;561;563;565;566;568;571;577;578;579;580;583;584;586;598;603;604;605;606;608;612;614;615;617;618;620;622;626;627;630;632;633;634;635;640;645;648;653;654;657;662;663;664;666;671;672;673;677;678;680;682;683;684;686;687;689;694;695;696;698;699;700;702;704;706;707;710;712;713;715;716;717;718;719;720;722;723;724;725;726;727;728;730;732;733;734;735;737;738;740;741;743;744;746;747;748;749;751;752;754;755;756;757;758;759;761;762;763;764;769;772;773;775;776;779;784;785;787;788;789;790;792;793;794;796;800;801;807;808;810;811;812;816;818;819;822;823;827;828;830;832;834;835;836;837;840;841;843;845;847;849;850;855;857;863;865;866;867;868;869;870;872;873;878;879;881;886;891;894;896;899;901;904;905;906;907;910;913;915;916;919;926;927;930;932;933;934;935;936;938;939;940;941;942;943;947;948;950;953;954;955;957;958;960;961;966;968;971;972;974;975;976;977;978;981;983;984;992;996;998
433;1;2;7;8;10;13;14;15;16;17;18;20;21;22;23;27;30;31;33;34;35;38;39;41;42;43;45;47;50;52;53;55;56;65;66;68;69;70;73;75;76;80;81;82;84;86;88;91;94;95;96;98;99;100;103;104;112;113;114;115;119;121;122;123;124;126;129;130;135;136;142;143;144;146;147;151;152;153;155;156;158;159;160;161;163;164;165;166;167;169;171;172;173;175;176;178;179;181;182;183;184;185;186;187;188;190;191;193;194;195;199;200;203;207;209;212;214;221;222;223;227;228;234;235;236;238;239;240;243;245;247;249;251;253;254;255;258;259;260;262;263;264;267;268;270;272;273;275;278;279;280;281;282;283;284;285;288;289;290;291;292;293;294;295;296;299;300;301;302;303;304;305;309;310;311;312;314;317;321;322;323;324;325;326;329;330;331;333;335;336;337;340;344;346;347;350;351;352;354;356;357;358;361;362;364;365;366;367;369;371;373;374;380;385;392;393;394;396;397;398;399;401;404;405;408;410;412;414;419;422;429;431;432;434;436;441;443;444;445;457;458;459;462;463;466;468;470;474;475;477;485;486;487;488;491;492;498;499;501;502;503;505;506;507;508;510;511;512;515;516;518;520;521;523;526;528;530;531;532;533;539;551;552;554;555;560;562;563;566;568;572;576;577;580;581;582;583;584;589;590;592;594;595;597;599;600;602;608;610;612;613;615;617;620;621;622;623;625;626;628;630;632;636;637;638;642;643;646;653;654;655;656;659;660;661;662;664;668;670;671;672;674;675;676;679;683;684;686;687;692;693;694;701;702;704;705;706;708;709;710;720;722;724;725;726;727;729;730;732;734;738;745;748;753;755;756;759;761;762;764;767;771;772;774;776;777;778;779;780;781;783;784;791;793;795;796;798;799;800;803;805;806;807;808;810;813;816;818;820;823;824;826;827;828;829;830;832;834;837;838;839;840;844;847;848;850;851;852;854;855;856;858;859;861;864;865;866;870;871;872;874;875;877;879;881;885;886;888;890;891;893;895;897;899;900;903;906;907;908;909;910;911;914;916;918;921;923;924;927;928;930;933;934;937;939;941;942;945;946;947;949;950;952;955;958;959;961;963;964;966;967;969;970;971;972;974;976;977;978;980;981;984;985;986;987;989;991;993;996;997
434;2;4;7;12;13;15;17;19;20;26;28;30;34;35;37;38;40;41;45;48;49;50;51;53;56;57;58;59;61;68;69;72;75;76;85;86;87;90;91;93;95;97;98;102;103;104;108;110;111;113;118;120;121;122;123;125;126;127;128;129;130;132;135;136;137;138;139;140;141;142;143;146;149;155;156;157;158;159;161;162;163;165;166;167;168;169;170;173;175;176;178;180;183;184;187;190;191;192;193;194;195;198;204;205;207;208;209;210;212;213;217;220;222;225;226;229;230;232;233;234;235;236;237;238;239;241;242;245;246;250;253;256;257;258;259;262;263;264;265;266;268;269;270;271;272;273;283;284;286;291;294;295;298;300;301;303;304;306;313;315;317;321;322;324;326;331;332;334;335;336;340;341;343;345;346;348;353;354;359;360;361;364;365;366;372;373;374;375;376;380;383;385;389;391;392;393;396;397;401;403;404;405;408;409;412;413;414;416;418;420;421;422;424;425;427;430;433;436;439;441;443;444;448;452;455;458;463;464;465;466;468;472;474;475;480;481;483;484;486;488;492;496;499;501;503;505;510;513;515;516;518;519;520;521;522;525;527;528;529;531;534;536;538;539;540;542;544;550;551;553;554;556;557;558;559;560;561;566;569;572;578;579;581;583;584;587;588;591;592;593;595;596;597;598;601;603;612;613;615;616;617;619;623;624;625;626;627;631;632;634;637;638;639;641;644;645;646;648;649;653;656;658;659;660;661;662;663;668;670;671;673;684;686;688;691;696;697;698;701;703;704;706;709;711;715;716;717;719;720;721;723;730;733;734;735;737;738;739;740;743;747;748;751;757;758;759;760;763;766;771;772;774;776;777;780;781;784;786;787;789;791;794;797;798;800;803;804;807;808;809;810;812;818;819;820;821;823;828;830;831;832;833;834;835;838;839;845;850;851;858;859;861;862;863;864;867;868;870;871;873;876;877;880;884;885;888;889;890;891;895;896;897;900;901;902;903;904;906;907;908;912;913;914;916;917;918;920;921;923;927;928;929;930;940;944;946;952;954;955;957;958;959;961;962;963;964;968;969;971;975;976;978;979;983;984;985;988;989;991;992;993;996;998;999
435;3;5;8;9;13;16;18;20;22;23;24;25;26;30;34;35;38;40;41;43;45;47;50;51;52;53;56;58;60;61;62;66;67;73;74;75;77;78;79;82;83;84;86;90;91;92;95;96;97;98;99;101;102;104;105;107;108;109;112;113;114;115;116;117;119;120;121;126;128;129;131;132;136;138;140;141;142;143;144;145;146;147;148;149;151;152;153;156;157;158;159;161;162;165;166;169;171;174;175;178;179;185;190;191;192;195;197;198;200;201;202;203;209;210;211;214;215;218;220;223;226;227;228;230;233;234;239;241;244;247;248;251;254;257;259;260;262;263;264;265;266;267;268;269;270;272;273;274;276;278;279;280;281;284;286;287;291;293;294;296;297;298;299;301;304;311;312;314;315;318;319;321;325;326;328;330;333;334;336;341;343;344;345;346;347;348;351;352;356;357;359;361;364;368;371;372;373;374;375;377;378;379;380;381;382;384;386;388;395;400;401;402;404;406;408;410;411;412;413;416;417;418;423;424;425;426;429;430;431;437;442;444;447;450;451;452;454;455;457;458;459;460;461;466;467;468;470;471;473;474;475;476;480;481;483;484;485;487;490;492;494;495;500;503;504;505;506;507;514;515;516;518;519;520;521;522;523;524;525;527;529;531;532;535;536;538;540;541;542;545;546;547;548;550;556;557;558;559;561;562;566;568;571;575;577;580;583;585;587;588;589;590;595;596;599;600;606;607;608;612;613;614;615;616;617;619;621;622;623;626;628;632;633;636;638;639;640;641;644;646;647;648;650;652;654;655;659;660;662;663;664;665;667;668;671;672;674;679;682;683;684;691;692;694;696;697;707;714;720;721;723;726;727;730;731;733;734;735;736;738;740;742;743;744;747;748;749;750;752;753;757;758;764;765;768;770;771;774;778;781;783;787;788;791;794;795;796;799;801;802;806;807;810;811;819;820;821;823;824;826;828;830;831;832;833;834;837;845;847;849;850;851;854;855;857;863;864;865;868;869;870;871;872;873;874;876;878;879;880;885;886;890;893;895;896;897;898;900;901;905;906;909;911;912;917;918;919;920;922;923;925;926;928;929;930;931;933;934;935;936;937;938;939;940;943;944;945;946;947;949;953;957;958;959;961;962;963;964;967;970;971;973;974;976;978;979;981;983;984;985;989;993;994;995;996;997;999
436;1;5;6;10;11;15;18;19;20;22;25;29;31;32;33;36;38;39;42;43;44;45;46;47;48;50;51;52;53;54;55;58;62;64;67;68;69;70;85;86;87;88;90;92;93;95;96;97;99;100;102;104;106;108;112;113;114;116;117;118;119;120;121;126;127;129;130;131;132;134;135;136;138;140;142;143;145;149;150;154;155;156;163;164;168;171;175;176;178;181;182;186;188;189;192;193;194;199;200;201;202;203;205;206;208;210;212;213;215;216;217;218;221;222;226;228;230;232;236;238;240;241;243;247;249;250;251;252;253;254;256;261;262;266;267;270;271;273;275;277;278;280;281;284;285;286;287;288;291;293;295;296;299;300;301;302;304;305;306;307;311;312;317;323;324;325;327;329;331;332;333;335;336;338;340;341;343;344;346;347;348;349;351;353;355;361;363;364;366;367;369;370;371;372;374;377;378;379;381;382;385;386;388;389;390;391;393;395;398;399;402;404;405;406;407;408;409;411;412;413;414;417;419;420;422;424;425;428;429;431;433;434;441;443;444;445;446;448;452;454;455;456;458;459;460;462;464;465;466;467;468;471;472;474;475;477;479;480;481;482;485;486;487;488;492;493;494;495;497;501;513;515;517;518;519;522;523;526;534;537;539;541;543;544;547;551;552;553;554;555;556;559;560;563;564;565;567;569;571;572;573;574;575;577;578;580;581;583;586;587;588;593;594;596;600;602;604;606;610;611;616;618;619;626;627;629;630;633;637;638;639;640;643;646;647;648;649;651;652;653;654;655;658;659;661;663;667;669;670;671;672;674;681;682;683;685;687;688;690;692;694;697;698;699;701;702;704;707;708;709;710;719;720;721;722;723;724;727;728;730;731;733;737;741;743;744;748;749;750;751;754;755;758;759;760;761;765;768;769;770;774;778;782;783;784;785;786;787;796;799;800;801;802;806;807;810;811;814;815;816;817;818;820;823;828;831;832;833;834;837;838;839;842;843;846;847;848;849;850;853;855;858;860;861;863;864;865;866;869;871;873;875;877;879;880;882;883;884;885;887;888;890;891;894;898;902;904;905;910;911;913;917;918;919;921;929;930;931;932;934;935;937;941;942;945;948;950;952;953;956;957;958;960;961;962;963;966;967;969;970;973;975;977;981;982;984;985;987;994;995;997;998
437;1;2;6;7;8;9;10;13;17;20;22;23;25;26;30;34;37;41;42;43;44;45;46;47;57;59;60;61;63;67;73;74;75;79;81;82;85;88;93;98;100;103;104;107;108;109;112;113;116;117;120;121;126;131;135;136;138;139;142;144;145;146;147;149;150;154;158;159;160;161;163;165;167;168;170;172;177;178;179;180;182;184;185;186;189;191;198;199;202;206;209;211;213;214;217;218;219;220;221;227;228;230;232;236;237;238;240;241;242;243;244;246;249;250;251;252;254;255;260;261;263;268;269;271;272;274;275;277;281;282;285;286;287;290;294;296;299;302;307;309;312;313;318;319;320;321;323;326;327;328;330;332;333;335;336;337;338;342;343;345;346;347;348;349;350;353;354;355;356;358;360;361;363;365;366;368;371;373;374;376;381;382;385;389;392;394;395;397;398;399;400;401;402;403;404;405;406;409;413;414;416;417;418;419;420;421;423;424;427;428;429;432;435;439;441;445;448;450;451;454;455;456;459;461;463;464;468;470;471;478;480;482;485;488;489;492;494;496;500;502;505;506;509;513;515;517;520;523;525;528;529;530;531;532;533;534;535;539;540;541;542;543;544;547;548;550;551;553;554;555;557;558;559;562;563;564;567;568;573;574;575;578;579;580;581;582;586;588;589;592;596;597;599;600;603;604;605;606;613;614;616;617;618;625;629;630;631;633;634;636;638;639;641;642;644;646;648;649;650;651;652;654;655;656;657;660;661;662;663;670;674;675;676;677;679;680;681;682;683;684;686;687;691;692;694;695;699;700;701;704;706;712;713;715;719;721;726;728;731;736;737;738;740;741;742;744;747;749;751;752;756;758;760;761;763;764;765;766;769;770;772;775;785;787;793;795;799;800;801;802;803;804;806;807;808;809;811;812;815;816;817;818;821;823;824;826;830;832;835;837;838;841;844;846;847;849;850;851;852;853;856;859;860;861;865;867;868;869;871;872;873;874;878;880;881;883;884;889;890;892;893;894;895;898;900;901;903;904;908;909;910;911;912;913;916;917;919;920;923;924;927;929;930;931;934;937;938;939;941;942;943;944;946;947;948;949;950;951;952;954;955;956;958;959;960;964;965;968;971;972;973;975;977;980;981;985;987;990;991;993;994;995;996;997;998
438;4;5;8;10;11;12;13;15;18;20;22;32;33;36;37;43;44;45;48;50;51;54;57;58;61;62;63;65;66;67;69;70;75;76;78;83;86;88;89;91;92;96;97;98;100;101;103;104;106;107;112;113;114;115;116;117;121;126;128;129;131;132;133;135;137;138;140;146;148;152;153;155;159;162;163;164;165;167;169;171;172;173;176;180;184;186;187;189;190;191;193;196;200;201;205;206;208;212;216;218;219;220;222;223;225;228;233;234;235;237;238;240;241;242;244;248;249;250;252;253;254;255;258;259;260;261;264;265;266;267;268;269;276;278;280;283;285;286;288;293;299;301;302;303;307;309;310;311;312;313;314;315;316;317;318;320;323;324;325;327;329;331;332;335;338;343;344;345;346;347;348;350;353;356;357;358;364;366;367;368;372;374;377;378;380;381;383;386;388;392;398;399;401;402;405;407;411;412;413;415;416;417;418;419;420;421;422;424;425;431;441;442;444;445;446;449;450;452;454;456;457;458;460;462;470;471;472;474;476;477;479;480;482;485;488;489;493;494;495;497;498;499;503;504;506;509;513;514;515;516;517;518;519;520;523;524;528;532;538;539;541;542;543;544;545;546;548;549;550;551;552;554;557;559;560;561;562;563;568;571;572;573;574;575;576;577;579;580;582;583;586;587;589;590;591;592;593;594;596;600;601;602;603;604;605;608;610;611;612;614;615;617;618;619;621;622;623;624;631;632;634;635;637;638;640;641;642;643;646;647;655;656;658;659;661;662;663;665;669;671;672;676;678;679;683;684;685;686;690;691;693;697;698;701;702;704;708;714;716;717;721;722;723;724;725;727;728;729;730;731;735;737;739;740;741;742;743;744;745;746;748;749;750;751;752;754;755;756;758;760;761;762;764;767;769;770;771;775;779;781;782;783;787;791;794;796;801;804;805;806;807;808;810;812;814;818;819;822;823;826;828;829;830;831;836;837;841;842;843;847;848;851;853;855;861;862;867;868;869;870;871;872;873;874;875;876;877;878;880;884;885;893;894;895;898;902;907;909;910;912;913;914;917;918;919;920;921;923;924;926;927;929;931;932;935;936;937;938;939;940;941;943;945;947;948;949;951;952;953;954;955;956;958;959;960;962;963;964;965;966;972;974;977;978;979;984;986;989;991;994;995;996
439;2;3;6;7;11;15;16;17;18;24;28;31;32;34;40;42;46;47;50;53;54;60;61;63;66;67;71;72;74;76;77;80;82;84;89;99;103;105;106;108;111;114;118;126;128;130;131;132;135;140;141;144;146;147;148;149;152;153;157;158;159;161;163;164;166;168;169;174;177;179;181;183;184;185;186;189;191;195;197;198;202;204;205;209;210;212;213;216;220;221;223;224;225;226;228;232;233;234;235;236;237;238;239;240;245;246;247;255;258;260;262;266;267;269;270;271;274;275;276;278;279;280;284;285;287;289;291;295;296;297;299;304;305;306;307;308;312;313;314;315;317;319;320;323;325;326;327;330;331;332;333;335;339;340;343;344;345;346;348;349;351;354;361;363;366;367;370;371;375;376;378;379;380;388;390;391;392;394;395;396;399;401;402;405;408;410;413;415;420;427;429;432;434;437;440;441;442;443;446;447;450;451;452;455;457;460;463;464;466;467;468;469;470;473;474;475;479;480;481;484;485;486;490;497;500;501;502;504;506;509;510;512;513;515;517;519;521;523;524;525;528;531;532;533;534;535;536;537;540;541;543;544;546;549;551;552;555;556;559;560;562;563;564;566;567;568;570;571;576;578;579;580;583;584;585;586;589;590;592;593;596;597;598;599;600;601;602;604;605;608;611;612;615;616;617;618;619;622;624;625;629;630;632;633;634;636;637;643;644;650;652;653;654;659;661;665;666;668;671;673;674;677;678;680;682;683;685;687;688;689;691;692;693;695;696;698;699;701;702;709;712;713;714;715;717;718;719;721;724;725;729;731;733;735;737;739;740;742;746;750;758;760;761;762;763;764;765;766;767;768;769;771;772;776;778;779;780;783;784;785;786;790;794;802;804;807;808;809;811;812;813;814;816;817;818;819;824;830;832;833;834;837;838;853;857;858;863;864;865;866;867;870;880;882;887;888;892;894;895;896;897;898;899;901;902;905;906;910;911;912;920;922;924;925;927;928;929;932;936;937;945;947;948;950;951;952;955;956;957;958;959;961;964;965;968;969;970;971;974;975;976;977;980;981;984;985;986;990;991;996;999;1000
440;1;4;5;6;8;11;12;13;15;17;19;21;22;23;24;28;31;32;33;34;35;37;38;45;48;49;50;57;58;60;61;62;64;68;70;71;72;73;75;76;78;82;85;86;87;91;93;95;97;98;100;104;106;111;113;114;115;120;121;123;124;125;130;132;134;135;136;137;140;141;143;145;147;148;150;151;153;155;158;159;161;162;166;167;168;170;173;176;177;180;185;187;195;198;200;202;203;204;205;210;211;213;215;216;217;218;219;224;226;229;233;234;237;239;242;245;247;250;252;253;256;257;258;264;265;267;269;273;274;275;278;279;282;283;286;288;293;294;295;296;298;301;303;306;307;308;310;312;314;318;319;322;323;324;327;329;331;332;334;335;337;341;342;343;345;346;347;352;353;358;360;361;362;363;368;369;372;376;379;381;382;384;385;386;387;388;392;393;394;396;398;400;401;402;405;406;408;409;412;413;416;417;420;422;427;429;430;431;432;439;443;445;446;447;450;451;453;455;456;457;458;460;461;462;465;467;469;470;471;472;473;474;475;477;481;485;486;491;492;494;495;496;501;503;505;507;513;518;522;525;528;530;531;532;533;535;536;538;539;541;542;547;550;551;552;553;554;555;556;557;558;560;562;563;564;565;566;567;568;571;575;577;579;580;584;588;589;590;591;593;595;596;599;603;604;609;610;611;615;616;618;622;624;626;628;630;631;633;636;638;640;642;643;644;645;649;651;654;659;666;667;668;669;670;672;673;674;675;676;679;680;683;684;688;689;690;694;700;701;703;704;705;706;707;708;712;713;720;721;723;725;728;730;731;733;736;739;741;743;744;746;747;749;750;752;753;754;755;757;759;765;766;767;768;769;770;772;775;776;777;778;781;787;788;790;794;795;796;800;803;804;810;812;818;820;821;825;827;828;830;831;833;835;836;839;840;843;844;846;849;850;852;853;858;861;862;866;871;875;877;881;889;890;893;899;900;901;902;906;908;911;912;918;919;920;922;923;926;931;932;941;944;945;947;950;951;952;953;954;955;958;962;963;964;965;967;968;969;970;971;974;975;981;982;983;986;988;990;991;994;996;997;999;1000
441;2;3;8;9;10;13;15;16;18;20;21;22;25;26;29;31;32;33;34;35;36;37;40;41;42;44;45;47;48;49;51;52;55;60;63;64;68;69;70;74;76;78;79;80;81;83;86;87;89;91;92;95;99;100;101;102;103;104;107;111;112;113;116;118;119;123;124;128;129;133;134;135;137;140;141;142;143;144;147;150;151;152;154;159;161;162;168;171;175;178;179;180;181;182;185;187;189;190;194;198;200;201;207;211;212;213;215;217;218;219;222;225;226;227;229;230;232;233;239;240;241;243;244;247;251;252;254;255;257;258;260;263;266;267;268;271;281;282;283;289;290;292;293;294;299;300;302;303;310;311;312;318;321;322;325;328;329;330;335;337;340;342;343;344;346;347;351;356;358;359;360;363;364;365;366;367;368;370;371;375;376;377;381;384;385;386;388;391;392;393;394;395;397;398;402;403;405;406;409;410;411;413;414;418;419;429;430;432;433;434;436;437;438;439;442;445;446;448;449;454;458;460;461;462;463;464;465;472;473;474;476;477;478;479;480;481;483;484;486;487;488;489;490;492;493;494;495;496;498;499;501;505;507;511;512;514;515;516;520;521;522;525;526;528;530;531;533;535;536;537;540;541;542;546;547;548;549;550;551;552;555;559;560;563;565;566;568;571;572;574;576;579;581;582;584;586;587;589;592;594;596;599;600;601;605;606;607;610;612;613;614;615;616;620;623;626;631;632;633;635;636;637;638;640;641;642;644;648;652;654;657;659;663;665;666;671;672;673;677;678;681;683;684;687;688;689;691;692;693;694;695;696;697;699;700;705;707;708;709;710;713;714;715;717;719;721;727;730;731;733;734;739;741;748;749;751;754;755;756;757;758;759;760;761;763;765;766;771;772;774;776;778;779;780;781;782;785;786;787;788;789;790;792;795;796;798;800;801;802;803;804;808;809;816;820;826;827;829;830;832;833;835;836;838;839;843;844;846;849;851;852;854;855;857;858;861;863;864;866;867;868;871;872;873;874;879;880;886;887;888;890;892;896;897;898;905;906;908;909;910;915;916;918;920;921;922;923;924;925;929;931;935;936;943;944;945;948;949;950;952;955;956;958;959;960;961;962;967;969;970;972;975;977;980;982;983;984;985;986;987;991;993;996;998;999;1000
442;5;6;8;10;16;17;18;21;24;25;26;27;28;31;33;35;36;38;41;42;45;46;50;51;53;54;55;59;63;64;65;68;69;73;75;76;77;79;82;84;86;87;90;93;94;96;98;100;101;102;103;108;109;111;112;114;116;118;119;120;122;125;126;127;128;132;133;134;135;136;138;139;143;146;149;151;153;156;158;172;175;176;178;181;182;186;188;191;193;194;195;197;199;203;205;206;208;209;210;213;216;217;219;221;222;224;226;230;231;233;237;239;240;243;244;246;247;249;252;254;255;256;263;264;272;274;276;277;278;279;282;283;287;288;289;290;293;294;299;301;302;306;307;313;315;317;318;319;322;323;325;326;329;331;333;334;337;340;350;351;353;356;357;359;361;362;364;368;370;377;380;381;382;383;387;389;390;391;392;393;394;396;397;399;400;401;406;409;410;411;412;414;417;423;425;428;429;431;435;438;439;441;443;445;446;447;448;456;464;465;466;469;472;475;477;479;480;482;487;488;489;492;493;494;496;497;500;503;505;506;509;510;511;512;513;515;516;520;522;524;525;526;530;531;532;541;542;546;547;548;549;550;553;555;556;557;560;562;567;569;570;574;583;586;588;590;596;598;599;602;606;608;609;610;611;612;617;619;621;626;627;628;629;632;634;640;642;643;644;647;648;649;651;652;655;657;661;662;663;665;667;668;669;670;674;677;679;680;681;683;685;687;688;689;697;698;704;705;706;707;708;709;711;714;715;717;720;726;728;730;732;733;734;740;741;744;745;748;751;752;755;756;757;760;761;763;764;765;766;769;771;773;778;779;785;786;788;789;790;791;796;797;799;801;802;803;804;807;812;815;818;819;821;823;824;825;826;827;828;830;831;832;833;834;839;841;844;847;849;852;853;855;858;860;861;864;865;867;868;869;870;872;873;874;875;876;879;882;883;884;885;886;889;890;891;892;893;894;897;898;900;901;903;905;906;909;910;911;912;913;914;916;917;918;921;922;924;925;931;932;933;935;937;939;942;946;947;950;957;960;961;962;966;968;972;973;975;977;980;981;986;987;992;997;998;1000
443;2;4;5;6;7;9;11;12;13;14;16;17;20;31;33;34;36;37;40;41;45;46;47;51;52;54;59;60;62;65;67;69;71;73;77;79;80;81;83;84;85;87;88;91;93;94;98;100;101;102;104;106;110;111;113;114;115;116;118;121;122;127;130;132;133;134;136;137;140;141;143;148;149;150;151;155;156;164;166;167;168;169;170;171;173;174;179;180;181;182;183;185;189;192;193;194;195;196;198;200;201;203;206;207;208;210;215;220;221;223;224;225;226;227;228;229;230;231;233;234;236;239;240;241;242;243;245;247;248;253;255;257;259;260;263;265;266;270;273;278;279;280;281;282;284;286;287;291;292;293;294;296;297;298;300;302;303;304;305;306;308;310;311;314;315;316;317;320;322;323;324;325;326;328;336;339;340;342;343;344;345;348;349;350;352;353;354;355;357;358;359;360;361;364;366;367;369;370;372;373;374;375;376;379;380;382;386;388;389;390;391;392;393;395;397;399;404;406;408;409;411;413;415;417;419;421;422;428;433;434;436;439;440;442;444;445;446;451;453;455;456;457;459;460;462;464;467;470;471;474;477;478;482;484;487;488;490;492;494;498;499;500;503;505;506;509;510;514;519;521;522;525;526;528;531;533;534;536;537;538;539;540;541;545;546;550;553;554;555;559;560;561;562;564;565;567;569;570;573;576;577;578;579;580;581;583;587;588;589;590;594;595;596;598;600;602;604;606;607;612;616;617;618;622;624;625;626;627;628;630;634;635;637;640;642;644;645;648;649;651;652;653;654;655;656;658;659;660;663;664;666;667;668;670;673;674;676;680;682;686;688;689;690;692;694;696;698;699;701;703;704;706;709;713;717;724;728;731;733;737;739;744;750;753;754;756;757;758;760;761;764;765;767;768;769;770;772;773;776;777;779;786;788;794;797;798;806;808;811;812;814;817;818;819;820;821;822;823;824;826;828;830;836;837;841;842;844;845;846;847;849;850;851;854;855;857;858;860;861;864;868;869;871;872;873;876;878;879;881;883;884;886;889;891;894;895;896;897;898;899;900;902;905;906;908;910;911;912;913;915;917;918;920;921;922;927;929;931;933;934;935;936;937;938;939;940;941;942;944;947;948;949;950;952;953;954;958;959;960;966;969;971;972;973;977;979;980;982;984;986;988;989;992;1000
444;2;3;4;6;8;9;10;11;15;17;18;21;22;23;25;26;28;29;30;31;32;34;36;37;38;40;42;43;44;48;49;50;52;53;59;60;64;65;66;68;69;71;72;73;75;76;77;78;80;81;82;83;85;88;89;92;93;98;99;101;102;103;104;105;106;109;114;115;118;119;124;125;126;128;129;130;131;132;133;134;136;139;142;145;150;151;153;155;156;158;160;163;166;167;168;169;171;174;176;177;184;186;189;191;192;193;194;199;200;201;203;207;209;211;214;218;221;223;225;226;230;232;233;234;236;238;239;241;242;245;246;248;249;252;253;254;255;259;260;261;266;267;270;271;274;275;277;280;283;284;285;286;289;290;296;298;300;301;305;310;311;315;319;320;323;324;325;326;328;329;330;331;332;333;335;337;339;341;342;346;347;349;350;351;352;355;356;357;358;360;363;364;365;366;368;370;371;375;378;380;381;383;384;386;387;390;391;392;393;394;395;398;400;401;402;403;404;405;407;408;409;410;411;412;413;414;416;419;422;426;429;430;432;433;434;435;436;438;443;445;446;447;449;450;451;452;453;454;456;459;460;464;466;467;468;470;473;475;477;478;479;481;483;484;485;486;492;494;495;497;500;502;503;505;507;510;512;514;516;518;524;525;526;534;538;539;540;541;542;544;546;549;550;552;555;556;557;558;559;562;564;565;566;567;568;571;572;574;575;576;577;579;581;583;584;586;588;590;591;596;597;599;601;602;604;605;608;609;613;615;616;618;619;621;622;623;624;625;626;630;632;633;638;639;640;642;644;645;648;649;650;652;653;656;657;658;659;663;664;666;667;670;674;675;678;679;683;684;685;686;690;695;700;701;702;703;705;707;708;710;711;714;716;720;721;724;725;727;728;729;730;732;741;744;745;746;748;749;750;751;753;754;756;757;758;759;762;763;765;769;773;775;776;780;781;784;786;788;789;791;792;793;801;802;804;805;806;807;809;810;812;814;816;817;818;819;820;824;826;827;829;830;831;836;837;839;840;842;843;847;849;855;857;858;860;862;867;868;869;870;871;872;874;876;877;882;883;885;886;887;890;892;896;897;898;903;904;905;908;913;916;917;918;920;923;924;925;926;929;932;933;934;938;941;942;943;944;945;946;947;949;951;953;954;955;958;960;961;963;964;965;967;968;970;971;972;973;974;975;979;982;983;985;986;987;988;989;990;992;993;994;995;996;998;1000
445;1;3;4;5;6;8;9;12;13;14;15;17;18;20;25;26;27;28;30;33;34;35;36;37;38;39;42;44;45;48;49;51;53;54;58;59;62;65;69;71;72;77;78;79;81;83;86;87;89;93;94;95;107;108;109;110;111;112;114;115;116;117;122;123;126;129;130;131;132;134;135;136;137;139;141;143;144;145;146;147;149;151;155;157;159;160;161;163;164;166;167;170;171;174;175;178;179;180;181;183;188;193;194;195;197;201;204;206;209;212;213;216;217;218;219;221;222;224;225;226;227;229;231;233;235;236;238;239;240;241;244;246;247;252;255;256;258;260;265;266;269;272;273;277;280;282;285;290;292;297;301;303;305;306;307;308;309;311;314;316;317;319;320;321;322;324;327;328;330;332;333;336;345;347;351;352;354;355;356;360;361;362;363;364;365;366;369;372;374;375;376;378;379;381;385;386;387;389;391;392;393;394;396;397;398;400;403;408;409;410;412;413;415;416;419;421;424;426;427;429;430;433;436;437;438;440;441;442;443;444;446;448;452;453;454;455;456;457;459;463;464;468;472;475;476;478;479;480;482;483;484;489;490;491;492;494;495;496;497;499;500;501;503;506;507;508;511;514;515;517;521;522;524;525;527;528;529;531;535;538;539;541;542;543;545;547;548;550;553;554;555;556;557;558;559;561;563;564;565;569;572;574;576;577;578;579;580;581;582;583;586;588;592;593;596;597;599;602;604;605;607;608;614;616;617;618;619;620;621;623;624;627;629;631;632;634;636;637;638;640;642;643;645;648;649;650;651;654;655;656;663;665;666;667;668;670;673;674;675;677;681;687;688;690;691;694;695;696;697;699;701;703;706;707;708;712;713;714;717;719;722;723;724;727;728;730;733;736;739;740;741;743;744;748;750;752;753;759;760;761;762;766;767;770;775;778;779;780;782;783;785;788;789;790;792;793;794;796;797;799;800;804;805;806;809;812;813;821;823;826;827;829;830;832;833;835;836;839;840;843;851;852;854;855;858;861;862;864;865;866;868;871;873;876;879;880;885;886;889;892;893;894;897;898;899;900;903;904;905;907;911;914;921;923;924;925;926;931;934;935;938;939;941;942;944;945;946;947;950;951;953;956;962;965;967;972;973;977;980;981;984;988;989;992;994;995;999
446;1;2;3;4;6;7;10;11;12;15;16;20;21;22;28;29;31;32;33;35;36;37;38;45;46;47;53;54;58;60;62;63;66;68;69;72;75;76;78;81;82;84;86;90;93;94;95;96;97;98;100;103;104;106;111;112;114;115;116;117;118;120;121;122;123;124;125;126;127;128;129;131;132;133;134;135;139;140;141;143;144;145;147;148;150;151;155;156;158;159;164;166;167;168;170;172;174;176;177;179;180;183;184;191;192;193;196;197;198;199;200;202;204;205;206;207;209;211;213;214;215;220;224;226;228;230;231;232;234;235;238;239;240;242;244;245;246;247;249;250;253;255;258;261;262;263;264;266;267;268;269;270;278;279;281;282;283;285;287;288;290;291;292;293;296;297;300;301;305;307;308;309;310;311;312;315;316;320;321;322;323;332;335;336;338;341;342;343;344;346;347;348;349;352;353;355;356;357;358;361;363;364;365;367;369;370;371;372;374;376;379;384;386;388;389;390;392;394;396;398;399;400;404;405;406;408;413;415;416;417;419;421;423;425;426;431;432;436;438;439;440;441;442;443;444;445;448;450;454;455;458;459;460;461;465;466;469;470;472;482;484;485;487;489;491;492;494;496;499;500;501;502;505;506;507;508;509;510;511;515;517;519;521;523;525;526;528;531;532;537;539;541;545;547;548;549;552;555;557;558;559;560;562;565;567;569;570;571;574;576;579;580;581;585;586;591;593;594;595;597;600;601;602;603;606;608;611;612;613;615;616;617;619;620;621;623;624;625;627;630;631;632;634;635;636;637;638;639;640;644;645;648;649;651;652;659;661;662;663;664;666;669;673;674;685;686;688;689;692;694;695;697;699;700;702;703;704;705;707;712;719;721;722;723;724;725;727;728;729;730;731;734;737;743;749;751;754;755;756;758;760;763;765;766;770;778;779;781;782;787;790;796;806;807;812;813;815;816;817;819;820;824;825;826;831;832;834;835;836;838;840;841;842;847;848;849;850;852;859;860;861;863;869;872;876;877;880;882;883;885;886;887;891;892;896;898;899;900;902;904;906;907;908;909;911;912;915;916;918;919;920;921;923;925;926;927;929;932;935;938;940;941;943;944;945;947;948;950;951;952;953;955;956;957;959;960;962;965;966;973;975;976;980;981;982;987;990;992;993;995;996;998;999
447;1;5;7;8;9;10;11;13;15;17;20;25;31;32;33;35;39;42;45;48;51;55;59;63;64;65;68;70;71;72;74;75;77;78;81;83;84;85;86;89;90;91;94;95;96;98;99;100;103;105;107;109;113;117;119;122;123;124;125;126;133;134;135;138;143;144;146;148;149;150;152;156;159;160;161;162;164;165;166;169;170;171;172;173;177;178;181;182;184;187;189;191;193;195;196;197;201;202;209;212;213;217;219;222;224;225;227;230;235;236;237;240;241;246;247;248;249;250;251;253;254;255;256;259;262;263;265;267;268;275;276;277;278;279;280;281;284;285;286;287;288;290;292;296;297;298;299;302;304;305;306;308;309;310;312;313;314;316;322;323;326;327;330;332;333;335;336;337;339;340;342;346;347;349;350;351;352;354;355;356;357;358;359;360;364;366;367;368;369;370;371;372;374;375;378;380;381;382;383;384;386;389;392;397;398;400;402;403;405;406;408;412;413;414;416;417;418;420;421;423;424;426;428;432;435;439;440;442;444;448;451;452;453;455;456;457;459;461;465;466;468;469;470;471;473;474;475;476;477;480;484;485;488;489;492;494;506;507;508;509;512;514;515;516;517;519;521;526;527;529;531;537;539;540;542;543;544;545;546;547;548;554;555;556;558;559;561;563;564;567;570;573;574;575;577;581;582;583;584;585;586;587;588;590;591;595;597;600;601;603;605;606;610;612;614;616;619;622;624;625;629;630;635;636;638;639;642;643;650;654;658;660;661;662;663;664;666;667;669;672;676;679;680;681;682;684;685;686;687;688;690;692;693;694;699;703;704;705;707;708;709;711;712;713;715;717;718;721;722;724;729;730;731;732;733;737;738;739;743;744;747;749;752;754;758;761;764;772;773;776;777;778;780;783;785;786;787;788;789;791;793;794;795;797;801;802;803;804;805;806;807;808;809;810;811;813;814;818;819;820;821;823;825;826;827;828;829;834;835;837;840;841;842;844;845;848;849;850;851;852;853;854;859;860;865;866;868;869;870;871;872;875;876;877;878;880;881;882;884;885;886;887;888;889;890;891;892;893;895;897;898;900;902;903;906;908;910;911;914;916;920;922;925;926;928;929;931;932;937;938;939;942;946;947;949;950;951;952;954;961;967;968;970;973;974;975;977;979;980;983;984;985;986;990;992;994;995;996;998;999
448;2;8;9;11;12;13;16;20;21;22;23;24;27;28;30;39;44;46;47;49;61;62;65;66;67;70;71;72;75;76;77;81;82;87;89;90;92;94;98;99;102;103;104;105;108;110;112;113;119;121;127;128;129;131;134;135;139;143;144;147;152;153;157;158;160;162;165;167;168;169;170;171;175;177;180;181;185;187;188;195;196;197;199;200;202;204;205;206;208;209;210;212;219;220;222;225;227;228;229;235;236;237;238;239;240;242;244;247;248;249;251;256;258;260;261;262;263;264;265;266;274;278;279;284;285;286;287;289;292;294;295;297;298;301;302;303;307;311;312;314;315;316;317;318;322;327;328;332;333;334;335;337;341;344;346;347;348;350;354;355;358;359;360;362;365;366;367;369;370;376;377;382;383;385;388;389;390;391;392;393;396;397;398;399;400;402;404;406;407;409;410;413;414;415;416;417;419;424;425;426;428;429;431;434;436;437;441;442;445;446;447;449;450;452;453;454;456;457;459;464;465;466;467;470;473;474;475;480;482;483;485;486;488;492;493;494;495;496;497;498;499;500;505;506;507;509;511;514;518;519;522;523;526;528;530;534;537;539;540;541;544;545;546;547;552;556;557;558;560;561;564;565;566;571;572;577;578;579;580;582;584;586;587;589;591;592;593;594;597;598;599;601;602;603;604;605;606;609;610;611;612;613;614;615;616;617;618;621;622;623;624;625;627;628;631;635;637;639;640;642;644;645;647;648;653;654;656;658;662;663;664;665;667;668;669;670;671;673;674;676;678;687;688;689;690;693;696;697;699;700;701;705;706;707;710;711;712;713;715;716;719;721;723;724;727;728;729;730;731;732;735;738;739;740;741;742;745;746;749;750;751;752;754;756;757;759;760;761;762;763;764;765;766;768;771;772;774;775;784;785;786;790;794;796;797;799;800;804;805;806;807;810;814;815;817;818;819;820;821;823;824;825;827;829;839;841;842;843;845;846;847;852;854;858;860;863;865;866;867;868;871;872;873;875;878;879;881;882;883;884;886;887;889;890;891;894;895;897;899;900;902;903;908;914;919;922;924;925;926;927;928;929;930;938;940;941;942;944;947;949;956;959;960;964;969;972;973;976;979;980;981;982;984;985;986;987;990;991;993;994;996;997;998
449;1;4;6;8;10;12;13;14;15;16;24;26;28;30;31;32;33;38;39;41;43;44;46;47;49;50;51;53;55;56;58;59;60;63;65;66;67;69;70;72;73;74;79;80;83;84;85;86;87;90;92;93;96;97;99;100;102;103;104;105;110;112;114;117;119;121;124;125;126;128;130;134;135;137;139;142;145;146;147;148;149;150;153;154;156;157;158;162;167;172;174;175;176;180;183;184;185;186;187;188;190;195;197;198;199;201;202;203;204;206;209;213;214;219;222;224;226;227;229;232;233;234;237;238;242;244;245;246;249;251;252;253;255;257;258;260;261;262;263;264;265;266;270;271;276;277;282;283;284;285;287;290;292;300;301;303;304;308;310;313;314;315;318;319;321;322;325;326;328;329;330;333;334;335;336;338;339;347;351;353;356;358;359;360;361;362;366;368;369;371;372;383;385;387;388;391;395;396;398;399;400;401;402;405;407;411;412;413;415;418;421;423;427;428;429;430;431;432;438;441;444;448;451;454;455;457;458;461;463;464;466;471;472;473;474;479;481;482;483;484;486;487;488;489;490;491;493;496;499;500;503;504;506;507;508;509;510;512;517;519;520;521;522;523;525;526;527;533;534;536;537;541;542;544;546;547;549;551;557;558;559;562;565;567;569;571;572;577;579;580;582;585;588;589;590;593;596;600;604;605;609;611;612;613;615;616;618;619;621;623;626;636;638;639;640;642;643;644;645;647;649;652;656;658;660;663;666;667;668;670;671;673;680;682;683;684;686;687;688;689;691;692;693;696;697;698;701;702;704;708;712;714;715;716;717;718;720;721;722;723;725;726;727;728;730;731;734;735;736;738;740;741;742;743;744;746;747;748;753;755;756;758;760;765;766;767;775;779;780;782;784;786;787;788;791;794;797;799;800;801;802;808;811;812;813;814;818;820;821;823;824;826;827;833;834;836;840;843;844;846;847;848;849;850;851;852;854;856;860;862;863;865;866;867;872;874;875;879;882;883;884;886;888;890;891;892;894;896;898;901;903;904;906;909;911;912;913;915;916;919;921;928;930;932;936;937;938;939;941;942;945;947;948;951;953;958;960;961;962;963;965;967;969;970;971;972;973;977;984;985;986;987;989;991;993;994;995;996;998;999;1000
450;2;6;7;8;9;11;12;13;15;16;17;18;19;23;24;25;26;27;28;29;36;39;42;47;48;49;50;51;58;59;63;69;70;72;77;78;80;81;82;85;87;88;90;91;93;94;97;98;101;106;108;110;112;113;115;117;119;120;122;125;128;136;137;138;140;141;143;144;145;146;148;150;153;156;157;162;163;165;166;167;173;175;180;181;182;183;184;186;187;192;193;195;196;198;201;203;204;205;206;207;212;213;215;217;219;220;223;226;230;233;234;235;241;244;245;248;249;252;255;259;260;261;263;266;267;268;269;270;271;272;274;275;276;280;282;284;285;288;289;290;294;296;297;299;300;301;303;305;306;307;309;310;311;313;315;317;319;320;321;322;323;324;327;328;330;331;333;334;337;339;342;343;345;347;351;352;355;358;359;367;374;375;378;382;383;385;387;390;391;392;393;395;396;399;402;403;405;406;410;411;412;414;415;418;420;425;428;432;435;437;438;439;440;444;446;448;452;459;462;464;466;467;468;469;470;471;472;474;484;485;486;488;492;493;496;497;499;501;502;503;504;506;507;508;509;510;513;515;516;518;520;522;524;525;528;529;530;535;536;540;542;545;546;547;549;551;554;555;557;559;560;562;565;566;567;570;574;576;579;582;584;591;592;593;595;596;600;601;602;603;604;605;607;617;618;619;620;621;623;624;625;626;627;628;630;633;634;635;638;640;641;644;649;650;652;653;654;658;660;661;663;665;667;669;670;671;672;674;677;679;680;684;685;688;691;693;699;701;704;705;707;708;709;710;711;713;715;717;719;720;722;726;727;733;736;738;739;741;742;744;745;746;747;748;749;750;751;753;754;755;756;757;758;759;760;761;762;764;766;767;769;771;772;773;774;775;778;780;782;783;786;787;788;791;793;796;797;801;802;805;806;808;809;815;816;817;819;822;825;826;827;828;829;830;832;833;834;835;836;838;840;841;846;851;852;853;854;856;857;858;860;863;864;868;869;870;871;872;875;878;880;882;885;888;889;890;894;895;896;897;899;900;901;903;904;905;908;911;912;913;923;926;929;933;934;935;936;937;939;943;944;945;949;952;954;955;957;960;966;967;970;973;974;977;981;982;984;985;986;987;990;991;992;994;997;998;1000
451;1;4;5;6;7;10;11;12;13;14;18;20;22;23;29;40;44;46;49;50;51;53;55;58;60;61;64;65;66;67;71;73;75;76;78;82;83;84;86;87;91;92;94;95;100;101;102;105;106;107;108;112;114;116;120;121;122;123;125;127;129;130;131;132;133;135;136;137;138;140;143;144;146;148;150;153;155;159;160;163;164;165;169;171;174;176;181;182;184;185;186;187;190;191;192;193;194;198;203;204;206;207;208;209;210;213;214;215;216;217;218;219;220;221;223;224;225;227;228;230;232;233;234;237;241;243;244;245;247;251;252;254;255;259;261;263;265;267;272;274;275;283;287;289;290;291;295;299;300;301;303;305;306;307;310;312;314;315;318;321;325;326;327;328;329;330;332;333;334;336;337;338;339;342;343;346;347;348;349;351;352;353;360;362;363;364;366;367;368;369;370;371;374;375;376;377;378;379;380;381;383;384;385;386;387;389;391;392;394;397;399;400;401;404;407;409;411;416;417;418;419;420;422;423;425;428;429;432;435;437;439;440;443;444;447;449;452;454;455;456;458;459;463;464;465;468;469;470;471;472;474;476;477;479;480;481;483;484;485;486;488;489;491;492;494;498;499;500;501;503;505;506;507;511;514;515;516;517;519;520;521;522;523;525;527;534;542;543;545;547;548;549;553;558;559;560;561;562;566;572;574;577;580;581;583;588;590;591;596;601;602;609;610;611;613;615;616;617;620;621;622;624;625;626;627;631;633;634;635;636;637;641;642;644;646;653;657;659;660;663;664;673;674;677;678;679;681;683;685;687;691;693;695;697;698;699;700;701;702;703;704;707;708;713;720;725;728;731;733;735;737;738;739;740;742;743;745;748;749;753;754;757;758;760;762;765;767;768;771;772;773;774;776;778;786;787;788;789;790;793;794;795;796;798;799;800;801;806;807;808;809;811;816;819;822;825;826;827;829;835;836;837;838;839;840;841;844;846;847;850;852;853;854;857;861;862;863;866;867;869;871;872;873;874;876;880;882;883;885;887;888;889;890;892;893;894;896;897;898;899;902;904;908;909;910;911;914;917;920;924;925;927;928;929;930;934;935;937;940;941;945;947;948;949;950;951;953;955;957;959;960;961;962;965;968;969;973;974;975;977;978;979;986;987;988;989;990;992;993;995;998;1000
452;1;5;6;7;8;9;11;12;13;17;18;20;22;25;26;27;29;30;31;32;33;34;38;40;43;44;46;49;51;53;54;55;56;57;59;62;65;66;69;70;73;75;76;80;81;84;85;86;88;93;94;96;97;99;101;102;103;105;107;109;110;111;112;113;114;115;116;118;120;122;125;127;128;129;130;131;133;134;135;136;138;141;144;146;151;155;157;158;162;164;166;167;169;173;174;176;177;181;182;183;184;185;187;192;194;195;196;198;202;203;204;205;206;207;209;211;215;219;223;224;225;227;228;237;238;239;243;245;246;248;253;255;256;257;258;259;260;262;263;264;265;266;267;268;269;270;272;273;275;276;277;280;282;288;289;290;295;296;299;300;302;306;308;309;310;311;315;316;319;321;322;323;324;326;329;332;333;334;335;336;338;339;341;343;344;346;347;350;351;352;354;356;357;360;362;365;367;368;370;372;374;375;379;380;381;384;385;386;387;388;390;393;396;399;401;403;404;405;411;413;414;415;416;418;419;424;427;428;429;430;431;434;435;436;438;439;444;445;447;448;450;451;454;455;456;457;458;463;465;466;469;473;474;477;480;481;483;487;490;491;492;495;497;501;503;505;506;508;510;511;512;513;514;517;518;519;520;521;522;523;524;525;528;529;534;535;536;537;539;541;542;546;548;549;551;552;553;554;556;557;558;563;566;567;568;570;575;577;579;580;582;585;586;588;590;591;594;596;597;601;606;607;611;613;614;615;616;617;625;626;627;628;633;634;637;638;639;640;641;644;645;648;649;650;652;654;656;661;662;663;664;666;667;668;669;673;676;677;678;679;681;682;683;685;687;688;691;692;694;695;701;704;708;710;714;716;725;726;728;730;732;733;734;737;738;740;741;743;746;747;749;752;753;754;756;758;760;762;766;769;770;772;773;774;779;780;781;783;788;789;790;791;793;794;799;800;802;806;807;808;810;811;815;817;818;819;820;822;823;824;827;829;832;834;843;844;846;847;854;855;856;857;859;860;861;864;865;866;867;870;872;875;877;878;880;882;884;886;891;893;895;897;898;904;908;909;911;912;913;914;916;920;922;924;928;929;930;931;933;935;937;938;940;941;944;946;947;949;952;953;955;957;960;961;962;963;964;965;966;969;970;973;977;978;979;981;982;984;986;988;989;990;992;994;996;998;999;1000
453;4;5;6;7;10;11;12;14;17;19;20;23;27;28;29;33;38;42;47;51;52;54;56;57;58;59;61;63;68;69;70;73;75;77;79;80;84;85;87;91;93;95;96;98;99;100;101;103;106;107;109;114;116;121;122;123;124;127;128;129;134;135;137;138;139;140;143;148;152;153;154;155;156;157;158;160;166;167;168;169;172;173;175;176;179;181;182;184;185;186;187;188;191;193;194;196;197;198;201;211;212;213;214;216;217;220;221;222;223;226;229;231;232;233;234;236;239;240;241;243;245;246;248;249;250;251;252;254;256;258;262;263;264;266;272;275;276;277;279;283;284;285;299;303;305;306;308;310;311;312;314;316;317;318;320;322;323;325;326;328;331;334;336;338;340;342;344;349;351;352;353;354;355;357;359;360;361;362;368;370;374;375;377;378;380;381;382;383;384;385;387;391;393;397;400;401;402;403;407;410;411;412;415;416;417;419;421;424;429;430;431;432;440;443;444;445;447;448;455;458;461;462;465;468;469;470;473;477;478;479;481;482;483;485;488;489;490;493;497;499;501;506;510;513;514;515;517;518;519;520;521;523;524;525;531;532;533;535;536;537;541;542;543;545;549;553;556;557;558;559;560;563;565;566;568;569;571;573;574;576;577;578;579;580;581;591;593;595;596;603;605;610;611;612;614;617;618;619;621;623;628;631;634;635;638;639;640;643;644;645;648;649;651;652;653;654;656;658;660;661;662;666;667;668;671;674;676;677;678;679;681;689;690;698;701;704;707;708;709;711;712;714;715;716;717;718;721;722;723;728;730;735;742;744;748;751;753;763;766;768;769;770;772;773;776;780;781;782;783;786;788;789;790;793;794;796;797;801;802;806;807;808;812;814;816;818;822;832;835;838;843;844;845;848;849;852;855;856;858;859;860;862;863;864;866;870;871;872;873;877;879;880;882;883;885;887;888;889;890;893;895;896;898;900;901;902;906;908;912;913;914;916;917;919;920;921;923;925;927;930;931;932;934;940;942;945;946;948;950;951;955;958;960;962;965;966;968;970;971;973;974;976;978;979;980;984;985;986;987;989;990;991;992;993;994;995;999
454;1;2;4;10;11;12;13;14;15;18;19;20;22;24;25;27;28;31;32;33;36;41;43;44;47;50;51;52;53;61;62;63;64;66;68;70;72;73;75;76;77;78;79;80;83;85;86;88;90;93;96;97;98;102;104;107;110;112;113;115;116;119;120;121;127;128;132;133;135;137;139;140;142;144;145;147;148;149;151;152;153;160;161;162;163;164;166;171;172;174;177;185;186;188;191;194;197;199;200;201;205;208;210;211;214;217;223;224;227;229;230;231;232;233;236;240;241;242;243;245;247;248;249;250;252;253;254;255;256;258;260;261;262;263;269;272;273;278;279;280;281;283;284;285;286;288;292;294;298;300;304;310;312;315;318;320;321;322;323;324;326;327;329;331;332;334;335;336;337;338;340;342;344;345;346;348;349;350;351;352;354;356;357;361;362;364;365;368;373;375;376;380;383;384;386;388;389;390;391;394;395;397;398;400;401;402;405;406;407;408;412;413;417;421;425;426;428;429;431;432;435;436;437;438;441;444;445;446;448;449;451;452;455;456;457;458;459;461;462;465;466;468;473;475;479;480;481;483;484;485;489;492;493;494;496;498;499;501;504;505;508;509;512;513;514;517;518;519;525;528;530;531;532;534;539;542;543;545;546;547;549;550;553;555;563;564;570;572;573;577;579;580;584;585;587;590;591;594;596;600;602;603;604;605;607;608;609;612;613;614;619;622;623;624;626;628;629;632;633;637;638;642;643;646;647;651;653;654;655;656;658;660;663;664;665;666;675;678;679;680;681;682;683;685;686;687;689;690;692;693;694;696;699;700;701;703;704;707;712;715;718;720;721;726;727;731;732;733;736;737;739;740;742;743;745;746;747;749;750;752;756;759;760;761;764;766;767;768;769;770;771;774;780;783;787;788;789;792;794;796;798;800;803;809;810;816;817;823;827;828;829;830;832;833;834;836;838;840;843;844;845;846;847;852;853;856;860;861;863;864;866;868;870;872;873;874;876;877;882;884;889;895;898;900;904;907;908;912;914;915;919;920;922;923;924;925;928;930;932;933;939;940;945;949;951;953;954;955;956;959;964;966;975;977;978;979;980;981;983;984;985;988;989;990;991;993;994;995;996;999;1000
455;1;6;7;8;10;11;12;16;17;18;22;25;26;27;28;32;33;34;37;41;43;45;49;51;52;53;55;56;57;59;60;63;65;66;67;68;69;72;76;78;81;82;85;86;87;89;90;92;98;99;100;101;102;107;108;109;111;116;119;123;124;126;127;131;133;134;135;138;141;144;146;148;149;151;152;153;154;155;156;158;164;165;166;167;168;169;173;174;175;176;178;179;180;183;184;185;186;188;194;197;200;201;202;208;209;212;213;215;220;221;223;224;225;227;228;229;230;231;233;234;238;239;240;241;245;246;247;248;251;254;255;257;260;264;265;266;267;269;271;273;275;277;278;279;281;282;284;287;288;289;290;292;293;294;296;297;298;300;301;303;304;307;310;311;313;314;315;318;321;322;325;326;327;328;329;331;332;333;338;339;343;344;347;348;349;351;352;353;358;360;365;366;368;371;373;374;376;377;378;379;382;383;384;392;395;396;399;401;403;404;405;410;411;414;416;419;422;423;424;426;430;434;435;436;437;439;440;443;445;446;447;449;451;452;453;454;458;469;471;475;476;477;482;485;486;487;490;491;492;494;496;497;498;503;504;505;508;510;519;521;522;525;529;530;534;538;540;541;543;547;549;551;552;553;554;555;556;559;560;563;564;565;566;568;571;572;573;577;581;582;583;586;589;590;594;595;597;598;599;600;601;603;606;609;610;613;614;615;617;619;621;624;625;626;627;628;631;632;635;636;637;640;643;646;648;649;651;653;655;656;658;659;661;662;663;668;669;670;674;675;676;677;681;682;684;686;689;692;693;695;697;699;705;709;710;711;712;715;717;718;720;722;723;724;726;727;731;733;738;739;741;744;746;748;751;754;756;757;758;759;760;763;764;766;771;772;774;779;782;783;785;788;789;791;793;794;796;798;799;802;804;806;807;809;810;812;813;814;815;818;819;823;825;826;830;831;832;834;835;836;840;841;842;843;847;850;851;854;855;857;862;863;867;868;869;871;873;876;879;880;884;889;892;893;895;896;898;901;903;904;906;907;910;911;913;914;915;918;920;922;925;928;929;930;932;933;934;935;937;938;943;947;948;952;955;957;959;960;964;968;969;977;978;980;981;982;987;988;991;993;998
456;1;2;4;6;7;8;9;15;16;17;19;20;21;24;27;32;34;36;39;41;42;43;46;53;54;55;56;57;60;61;65;66;67;72;73;74;75;76;77;78;80;81;84;85;86;87;91;92;96;98;101;102;104;105;110;111;112;114;116;117;119;121;122;124;126;127;128;133;139;141;143;149;151;156;157;158;161;162;168;169;170;172;173;176;179;180;181;184;193;194;196;197;199;201;205;206;207;210;213;219;220;221;222;223;226;228;229;233;237;238;241;242;243;246;248;249;250;251;252;261;262;271;275;276;278;279;281;283;284;285;287;290;291;293;295;296;298;299;300;302;303;304;307;308;309;310;311;312;314;316;319;320;324;325;331;333;334;337;339;340;341;343;349;351;352;354;356;357;359;360;361;364;366;367;368;370;372;373;375;378;379;381;383;384;386;390;395;398;402;403;406;407;410;412;413;416;417;418;421;422;426;427;428;436;437;438;440;442;443;444;445;447;448;451;452;454;458;459;460;461;464;465;466;472;475;476;477;480;482;483;486;487;489;491;493;495;497;498;500;504;505;506;509;510;512;515;520;521;523;524;525;527;530;531;532;536;537;539;545;546;553;561;562;570;571;573;575;578;579;582;583;585;587;588;589;591;594;595;596;597;602;604;608;610;613;614;615;620;621;622;624;626;627;628;629;630;632;634;636;638;639;641;643;647;650;651;652;655;658;661;662;663;664;667;668;669;670;671;674;675;676;680;682;685;686;691;692;694;695;697;698;700;701;702;704;705;706;709;712;713;716;718;722;723;725;726;727;729;730;731;732;734;735;736;737;738;739;740;741;743;745;747;749;751;752;753;755;758;759;760;763;767;769;770;771;773;777;779;781;784;787;788;789;791;794;796;797;800;802;804;805;806;808;809;811;814;815;816;818;820;821;822;825;829;832;834;837;840;841;843;846;847;848;852;854;856;857;858;859;860;861;864;866;867;868;869;871;872;880;881;884;885;888;893;894;896;897;902;903;911;913;914;915;916;917;918;919;920;922;923;925;926;927;929;930;934;935;936;938;940;943;945;946;947;948;949;950;952;953;955;957;958;959;962;963;964;966;969;970;972;974;975;979;981;982;983;985;989;991;992;993;994;996;1000
457;1;2;3;6;7;8;9;10;11;13;14;15;16;17;19;22;28;29;31;34;35;36;37;38;40;41;43;45;46;47;50;56;57;59;60;66;67;68;72;75;78;80;86;87;88;89;91;94;95;99;100;103;104;106;107;110;111;115;116;118;119;123;125;127;131;133;137;138;139;144;145;149;150;151;153;154;155;157;158;159;160;161;166;167;168;169;170;171;172;173;175;176;177;180;182;183;184;187;189;192;193;197;201;203;205;207;208;213;214;215;216;217;218;221;222;223;224;227;228;230;232;233;235;236;238;239;240;242;243;244;245;247;248;251;256;259;261;262;263;264;266;267;270;274;278;280;281;282;284;287;288;291;294;295;296;300;301;302;304;305;306;307;309;310;311;315;316;317;319;320;322;324;325;326;330;331;332;334;340;341;343;347;349;351;352;354;355;362;363;367;369;372;373;378;379;382;386;387;389;390;392;397;404;407;409;410;413;416;425;426;427;429;433;435;438;439;440;443;445;447;448;449;452;454;458;460;461;464;467;473;474;476;477;479;480;482;484;485;488;489;490;491;492;493;496;499;500;503;506;510;511;512;513;516;520;521;525;526;527;529;532;534;537;541;542;544;546;547;549;550;552;553;554;555;557;563;564;567;568;571;579;580;582;583;585;587;588;592;597;604;605;608;609;611;612;613;617;618;620;621;622;623;626;628;629;631;633;634;635;638;645;646;648;649;650;651;652;654;656;657;658;664;665;666;667;668;669;671;672;674;678;679;682;685;689;691;695;696;697;702;703;707;708;709;710;712;714;719;726;727;728;731;735;736;741;743;744;747;750;752;757;758;763;766;770;771;772;773;774;779;780;781;784;787;788;789;790;791;792;793;794;796;797;798;799;800;803;806;807;809;814;815;816;820;826;828;830;831;833;834;835;836;837;838;840;841;842;843;846;847;849;852;853;854;855;856;858;864;866;867;868;869;871;872;877;883;884;886;895;896;897;898;900;901;902;905;908;910;911;912;916;917;919;920;921;927;929;931;936;938;939;941;942;943;945;946;947;948;953;954;956;958;960;964;967;976;977;978;983;984;985;988;993;995;996;997;999
458;4;5;7;8;9;10;12;13;14;16;18;19;21;22;24;25;30;31;32;36;37;38;39;40;41;42;44;47;49;50;51;52;53;55;56;58;61;62;64;66;67;68;69;70;72;81;82;84;88;90;91;95;96;98;101;102;103;104;106;110;112;113;114;116;120;123;127;128;130;131;134;136;137;138;139;141;142;144;147;148;149;150;157;159;160;164;165;166;167;168;169;171;172;175;176;179;180;181;183;185;186;189;190;192;193;197;198;199;200;202;209;210;214;215;216;217;218;219;222;226;228;229;230;231;232;234;237;242;244;246;247;248;250;251;255;257;262;264;265;267;268;269;270;271;272;274;275;276;278;279;282;283;284;285;291;292;294;296;297;299;300;302;303;304;308;309;312;313;314;317;318;319;320;322;323;324;329;331;332;337;338;342;345;348;349;352;354;355;358;360;361;366;367;369;370;376;378;380;386;387;388;392;393;394;396;397;399;400;401;402;403;405;407;409;416;418;419;421;422;423;428;430;431;433;434;435;436;438;440;441;446;449;451;452;453;454;455;456;457;459;460;461;462;463;464;465;467;468;470;471;473;474;477;479;485;489;491;493;494;499;500;503;506;508;510;511;515;517;518;520;523;527;529;531;532;537;538;540;541;542;543;549;553;555;557;558;561;563;564;565;566;569;570;573;576;577;579;580;582;583;585;587;591;595;598;604;610;611;613;615;619;622;623;626;628;634;635;636;637;638;640;641;642;643;645;646;648;649;651;652;657;658;659;660;661;663;666;668;669;670;671;674;677;685;686;690;691;693;694;695;697;699;702;703;705;706;708;710;713;714;715;717;718;720;721;722;727;728;735;739;741;742;743;744;751;752;754;755;756;758;759;761;762;766;768;769;772;775;776;777;778;781;784;788;790;793;795;800;801;803;805;806;808;809;810;811;813;815;819;827;828;830;831;832;833;837;839;840;842;843;844;853;858;859;861;863;873;875;877;880;882;885;886;887;889;890;896;897;899;902;907;909;911;912;913;914;917;918;921;925;926;928;931;932;933;934;936;937;938;939;940;944;945;946;951;956;959;962;964;966;967;969;970;973;974;975;977;978;982;985;988;989;990;991;992;995;996;999;1000
459;3;4;7;10;12;13;15;17;21;22;23;24;25;28;30;32;33;34;36;38;49;55;57;58;59;60;61;63;65;66;71;72;74;76;78;80;82;85;87;90;91;95;96;97;99;101;104;106;107;109;110;111;113;116;121;124;125;127;128;129;132;133;134;135;136;137;139;142;144;145;146;147;148;149;153;154;155;158;160;162;164;165;166;167;169;170;171;172;174;176;178;179;180;181;184;186;189;190;192;194;195;197;203;205;206;208;211;213;215;217;218;219;222;223;224;226;227;228;231;232;233;234;237;241;242;245;246;248;249;250;251;252;253;254;257;261;264;266;269;270;271;272;274;276;277;278;279;282;283;284;286;287;289;290;293;294;296;301;303;306;309;310;311;312;315;317;318;320;321;323;327;328;330;332;334;336;340;341;343;344;345;346;347;348;349;351;353;354;355;359;360;361;364;365;368;370;374;375;376;381;382;383;384;390;391;394;396;398;399;400;404;408;409;410;411;412;413;414;415;416;422;423;424;428;429;433;435;436;437;443;444;445;446;447;448;450;451;454;456;458;460;462;463;464;466;468;471;472;476;480;481;482;483;485;488;490;492;495;500;503;505;507;515;516;517;519;522;523;524;526;527;529;533;539;544;545;546;547;548;549;550;552;554;555;557;558;559;561;562;563;566;572;573;574;575;576;581;585;586;589;590;593;598;601;603;604;609;610;613;616;617;618;619;620;621;622;623;624;625;627;629;631;632;638;642;643;644;649;650;651;652;653;654;655;657;660;664;665;669;670;673;674;680;681;685;691;693;697;698;702;703;704;705;708;709;712;714;718;720;721;722;725;729;731;733;736;737;739;740;742;743;744;747;748;749;750;751;752;753;754;756;757;762;763;764;765;766;767;769;770;771;772;774;775;776;778;779;780;784;785;786;787;788;790;791;794;795;796;797;799;801;803;804;806;807;808;811;812;813;815;817;818;819;821;825;827;828;829;831;832;835;836;839;842;843;844;846;848;851;856;861;862;863;864;866;868;869;870;877;878;881;883;885;886;895;897;898;899;900;903;907;908;909;910;913;917;919;922;924;925;926;927;929;930;933;936;937;938;939;940;943;944;945;946;947;949;953;954;956;957;958;960;962;963;964;965;967;968;971;975;977;979;980;981;986;988;989;990;992;995;997;1000
460;5;9;12;17;19;21;23;24;25;28;29;30;34;35;38;39;40;41;42;43;45;46;51;52;56;60;62;66;67;69;70;73;76;77;86;89;90;93;95;99;101;103;104;106;108;111;112;114;118;119;121;123;124;125;127;128;134;135;138;141;142;143;144;148;149;151;152;154;156;161;163;165;166;167;169;172;173;175;177;178;179;180;184;185;186;187;189;191;192;193;194;195;198;200;206;208;210;211;212;214;216;217;224;227;228;231;234;235;238;239;240;241;242;246;248;249;250;252;253;254;255;256;257;259;260;263;265;266;267;270;271;274;275;276;279;280;286;287;288;290;292;294;297;299;305;308;309;310;312;313;315;319;320;321;322;327;329;330;332;337;338;340;343;345;346;347;349;350;351;352;355;358;362;364;365;373;375;377;380;385;387;392;394;398;399;400;405;407;416;417;418;420;421;422;425;426;428;435;436;438;439;440;441;443;444;446;456;457;458;459;462;464;466;467;468;471;474;475;477;478;479;481;483;485;488;490;491;495;497;498;499;501;502;505;506;508;509;510;512;513;515;516;521;522;523;524;527;528;529;531;533;537;538;540;541;545;546;548;549;550;551;553;554;555;559;561;562;565;566;567;568;569;570;574;575;577;578;579;582;583;587;588;591;592;595;599;603;605;606;609;613;614;617;618;619;621;624;628;629;630;633;635;636;639;643;645;646;651;652;654;655;657;658;659;660;662;664;666;669;671;674;675;677;678;682;683;685;686;687;689;690;692;693;694;696;697;698;701;703;705;706;707;708;710;712;714;715;716;718;719;720;722;723;724;725;727;729;732;733;740;742;743;748;749;750;751;754;755;759;760;761;762;763;767;769;770;772;775;777;778;779;780;781;783;784;790;792;794;798;799;801;803;807;809;811;813;816;817;818;819;820;821;826;827;830;831;833;835;836;838;839;841;843;846;848;849;851;853;854;855;860;861;862;863;864;865;867;869;870;871;873;874;876;878;879;881;883;884;887;890;894;895;901;902;905;910;912;917;920;922;925;926;928;938;939;940;943;944;945;947;948;949;950;952;954;956;958;960;961;963;964;965;966;967;968;969;970;972;973;975;979;980;983;986;989;994;997;998
461;1;2;4;5;8;9;10;11;12;15;16;18;19;20;21;22;24;25;26;27;28;29;32;34;35;39;40;41;54;55;59;60;61;62;63;66;67;68;71;72;79;80;83;87;88;89;91;95;96;97;100;102;103;104;105;109;110;111;114;116;118;122;125;126;129;132;134;135;136;137;138;139;141;144;145;146;147;148;149;150;153;158;159;160;161;164;165;166;167;168;170;171;172;173;175;177;179;180;181;182;184;186;192;194;195;196;198;200;204;205;206;207;209;211;213;214;215;217;219;220;221;223;226;228;232;234;235;236;237;238;240;244;250;251;253;254;256;258;259;261;264;265;270;272;273;276;278;279;284;287;290;294;295;296;298;302;306;309;310;312;313;314;316;317;318;319;320;321;322;324;327;328;331;332;337;340;342;343;346;347;348;352;353;354;355;356;359;360;362;364;365;367;368;369;374;376;377;378;379;380;382;383;385;390;391;393;397;399;400;405;406;407;408;409;410;411;413;414;415;417;418;419;421;423;424;425;426;429;430;431;432;435;437;440;441;446;447;449;453;454;456;457;458;463;465;466;467;468;469;470;471;474;476;478;480;482;483;484;486;487;490;491;493;495;496;497;499;501;502;503;504;506;508;509;510;513;516;517;519;521;522;523;527;528;530;534;535;537;538;541;542;546;547;548;550;554;555;556;557;559;562;564;566;567;569;571;572;574;575;576;577;579;580;581;586;588;592;593;597;598;601;602;603;604;607;608;612;613;614;615;616;617;618;619;621;623;624;625;626;628;630;631;632;636;637;642;643;645;646;648;650;654;656;658;660;666;667;668;671;672;675;677;678;680;681;683;687;689;690;691;694;695;697;698;699;701;703;704;705;706;707;708;709;710;711;712;714;716;722;723;724;727;731;732;735;737;738;739;740;746;747;750;752;753;754;756;759;760;762;763;771;774;777;778;780;781;782;783;788;789;790;792;797;799;805;808;812;814;815;817;821;824;825;829;831;832;833;834;836;838;840;842;843;844;846;847;851;853;854;855;857;858;859;860;861;864;868;870;871;872;873;876;877;884;886;889;890;891;893;894;898;899;901;902;903;904;906;911;912;913;914;915;916;919;921;924;928;930;931;932;933;934;935;936;938;940;941;942;943;946;950;952;953;954;956;959;961;965;966;968;969;970;972;974;975;976;977;979;980;981;982;987;991;992;993;994;996;998;999
462;1;5;6;8;9;11;15;16;18;19;20;25;26;28;29;32;38;39;41;42;43;44;46;47;48;49;50;51;52;54;56;57;58;59;61;63;66;67;68;72;79;80;81;83;84;85;87;88;90;91;92;93;94;95;101;102;103;106;110;111;113;114;117;119;122;123;124;127;130;131;135;137;138;139;140;143;146;148;149;150;151;153;155;157;159;161;163;164;165;166;168;170;171;173;177;178;179;180;181;187;188;189;190;191;192;196;197;199;200;202;204;206;207;208;210;211;213;214;215;216;217;218;220;222;223;225;226;227;229;231;233;235;238;239;241;247;248;253;255;259;260;261;264;266;268;269;272;273;274;276;277;279;280;282;283;287;291;294;296;298;301;302;305;306;308;309;311;315;316;318;319;320;322;323;324;327;330;333;337;341;343;344;345;347;350;351;352;361;363;366;368;373;376;377;378;379;380;381;382;384;386;389;390;393;394;395;396;397;399;400;403;404;405;406;407;410;411;413;417;418;422;423;424;425;426;431;433;436;438;440;441;443;450;453;454;458;459;460;463;466;468;469;472;474;475;478;479;481;482;483;484;486;488;489;494;495;497;498;499;500;502;505;506;508;512;513;515;516;517;519;521;522;524;525;526;530;531;532;533;534;537;538;542;543;547;551;554;555;556;559;560;561;563;564;565;566;567;569;570;572;573;574;575;576;577;580;581;583;584;589;590;591;592;596;598;599;600;601;602;603;605;607;608;610;612;613;614;616;617;620;621;622;624;628;632;634;636;640;642;643;648;649;650;654;655;657;660;662;669;670;671;673;674;676;677;678;679;680;681;685;686;687;688;690;696;697;704;707;709;710;714;715;717;719;721;722;723;724;727;728;731;732;733;735;736;740;741;743;747;748;749;751;752;753;755;757;758;763;764;765;766;767;769;772;776;778;781;782;783;786;790;791;793;794;797;801;805;806;807;809;811;812;813;815;818;824;826;827;830;832;833;834;837;840;841;845;846;847;848;849;850;851;852;853;854;856;860;862;864;866;870;872;873;874;876;879;880;881;882;885;887;889;892;893;896;897;899;900;904;907;911;915;916;919;920;923;926;927;928;929;930;932;936;937;943;944;946;947;948;951;952;953;954;955;957;960;962;963;965;966;967;968;971;973;976;978;979;981;983;984;987;990;992;993;994;996;999
463;1;2;3;4;5;6;7;8;9;10;11;13;14;15;18;20;21;27;28;31;37;41;48;51;55;57;61;62;63;64;65;66;68;69;70;73;75;77;78;80;82;84;86;87;88;93;96;97;98;100;104;107;108;110;112;113;114;116;118;120;121;122;123;126;127;130;131;138;143;147;148;149;151;152;154;155;156;157;163;165;166;167;168;170;171;173;174;175;177;180;183;187;191;192;193;195;198;199;200;201;202;204;207;209;211;213;215;216;218;222;223;224;225;227;228;229;231;232;233;234;236;237;238;239;243;245;246;247;248;249;251;252;257;258;262;263;264;265;272;273;274;275;276;279;280;282;284;285;287;290;292;297;302;303;304;305;306;307;310;313;314;316;317;318;319;321;322;328;329;330;332;336;338;340;343;346;348;349;352;353;355;356;357;359;362;363;364;366;368;370;371;372;373;374;378;379;381;382;383;384;385;386;388;389;390;391;395;397;398;399;401;409;410;415;417;418;419;420;421;424;430;431;433;434;437;439;441;445;449;451;452;458;459;461;462;464;465;467;468;470;472;474;475;479;482;485;488;489;490;492;493;495;496;497;499;500;501;504;507;516;517;518;519;521;522;527;529;530;531;534;536;537;538;541;542;544;545;547;549;552;553;554;555;556;559;561;562;563;564;565;568;569;570;572;573;579;581;586;587;588;590;592;595;596;598;604;605;607;608;609;611;612;614;616;618;623;625;626;627;628;629;635;637;640;641;642;643;646;647;651;653;654;658;661;662;664;665;666;667;668;669;670;671;672;673;675;678;679;680;681;684;685;687;689;690;692;693;694;695;696;699;701;705;706;707;708;713;716;718;719;720;721;722;723;725;728;729;731;733;735;736;737;738;742;743;745;746;748;749;750;751;752;754;757;759;760;763;764;765;766;767;772;775;777;778;779;788;790;791;799;800;803;812;813;814;815;816;819;820;823;824;826;827;831;832;833;835;836;839;841;842;846;847;848;850;851;852;854;857;859;860;862;863;864;872;875;879;880;882;884;886;893;896;898;899;900;904;907;910;911;912;913;921;928;929;930;931;932;933;934;939;940;941;943;945;946;948;951;952;955;956;957;960;961;962;963;967;969;970;972;974;976;977;978;981;982;983;985;988;990;992;993;996;1000
464;1;2;3;5;6;7;9;11;14;16;17;18;20;28;31;33;34;36;40;45;49;52;55;59;60;62;64;66;70;73;81;82;83;84;85;90;91;97;99;100;105;106;111;112;115;116;117;120;122;123;126;127;128;129;131;134;135;137;139;140;142;146;149;150;152;154;155;156;161;162;165;166;167;171;175;176;177;178;181;182;183;185;188;189;195;198;200;201;203;205;206;211;212;214;217;218;219;220;223;226;227;228;229;230;235;236;237;240;243;245;246;248;250;251;252;256;257;258;260;261;262;266;267;268;273;274;275;276;279;280;282;283;285;290;293;294;295;296;297;300;302;303;304;305;306;307;309;311;312;314;315;318;320;321;323;325;326;327;329;333;337;338;341;345;347;348;349;350;352;353;354;355;356;357;358;359;360;361;362;363;364;365;368;370;371;375;376;378;379;380;382;385;386;388;389;392;393;396;397;401;406;408;409;414;418;422;424;426;428;432;434;436;437;439;441;442;443;444;445;448;449;450;451;456;457;458;459;460;463;465;467;468;469;470;473;474;475;478;479;480;482;483;487;488;489;490;491;493;494;495;496;499;500;501;502;503;505;506;509;511;513;515;517;520;521;522;526;529;531;534;535;537;540;541;543;546;550;551;553;555;556;558;561;562;563;565;568;571;572;574;575;576;577;579;581;587;591;593;595;598;599;601;602;603;604;605;609;610;612;614;615;619;621;622;626;627;629;630;637;638;639;640;642;643;646;648;649;652;655;657;659;661;664;665;668;669;671;672;673;674;676;677;681;682;683;684;685;686;687;698;700;702;707;711;712;713;717;718;720;724;727;729;731;732;733;734;735;736;737;739;740;743;744;746;750;752;755;756;759;760;761;764;765;767;768;770;773;774;776;778;780;785;786;787;788;789;791;792;793;794;796;798;803;804;807;808;809;811;813;815;816;817;819;821;824;830;831;832;834;835;837;838;852;853;854;857;858;859;860;862;864;865;866;868;869;870;872;873;875;877;878;879;882;883;886;887;888;889;890;891;896;897;898;899;900;902;903;904;905;910;912;914;916;922;923;925;926;927;928;931;932;934;941;944;947;951;952;954;956;958;959;960;961;963;965;974;975;976;977;978;979;983;985;987;988;989;990;991;998
465;2;3;6;9;10;12;14;15;16;17;21;23;24;25;32;33;34;35;41;42;51;54;59;61;62;74;75;77;78;79;81;82;83;84;85;87;88;90;93;95;97;98;101;102;103;104;106;107;109;112;114;117;118;119;121;122;123;125;127;129;131;139;140;141;142;143;147;148;150;152;153;155;156;158;159;160;161;164;166;167;169;171;172;173;176;178;179;183;185;188;193;195;198;202;203;206;207;208;214;217;221;223;224;225;228;230;231;232;233;234;236;238;240;241;243;246;247;251;252;258;261;262;265;266;268;271;277;278;279;280;281;283;284;288;290;294;295;298;300;305;306;307;312;313;314;315;316;321;322;323;325;331;332;334;335;341;342;345;347;352;353;355;360;361;368;369;370;374;375;376;379;384;387;388;390;391;392;393;395;396;398;400;403;406;408;410;411;414;416;417;419;422;423;424;427;428;430;431;434;436;440;441;442;446;447;448;451;452;453;454;456;458;461;463;464;467;468;469;471;472;473;474;475;476;477;478;480;482;488;489;490;491;492;493;497;500;501;503;504;508;510;512;513;516;518;519;524;526;529;533;535;536;539;540;548;549;551;552;553;554;555;558;559;566;567;568;569;572;573;574;576;578;579;581;583;585;588;592;599;603;606;608;611;613;615;617;623;624;625;626;627;628;634;637;638;639;641;642;643;645;646;647;648;651;653;654;655;658;659;661;667;668;669;670;671;673;674;675;677;678;682;683;684;686;688;689;690;692;693;695;696;697;701;704;705;707;709;711;713;715;716;717;720;721;723;726;728;730;731;733;738;740;741;744;746;751;752;753;754;755;760;761;763;764;765;766;767;771;773;776;777;779;780;781;782;783;788;789;790;791;792;793;794;795;796;799;800;801;803;805;809;812;814;818;819;820;821;825;830;831;833;834;835;837;838;841;842;843;844;846;847;850;851;852;854;856;858;862;863;864;865;866;871;872;876;879;880;882;883;884;885;886;887;888;891;892;894;896;897;898;900;903;905;906;907;908;909;910;915;916;918;920;921;922;924;928;929;933;935;938;940;941;944;945;949;953;954;955;956;958;959;960;961;962;964;967;969;972;974;977;978;979;980;983;985;986;990;992;995;996;997;999
466;1;2;3;5;7;9;11;12;15;17;18;19;21;25;27;31;33;34;36;39;40;42;43;46;47;48;49;52;53;54;56;57;58;59;60;63;65;68;69;73;75;78;79;80;82;83;86;88;89;91;94;96;97;98;99;100;102;103;104;105;106;109;110;111;113;114;117;119;120;121;124;126;131;132;135;136;137;138;140;142;143;145;146;150;151;152;153;155;156;158;161;163;165;166;170;171;172;174;175;176;178;183;186;187;189;190;191;193;196;197;198;200;202;205;206;207;208;209;212;214;216;217;218;219;220;221;225;226;228;229;231;233;234;235;236;237;238;239;243;244;248;249;251;253;254;255;258;259;260;261;262;263;264;265;266;268;272;273;274;275;277;279;280;282;284;285;287;291;295;296;299;300;305;308;310;314;315;318;319;324;325;329;330;339;341;342;344;345;347;349;350;351;353;355;357;359;360;361;362;365;366;367;368;369;373;375;376;377;382;383;385;386;389;390;391;393;394;395;396;397;400;401;402;403;404;406;407;408;411;413;414;415;417;418;419;421;422;425;426;429;430;431;432;433;434;435;436;439;442;444;446;447;448;449;450;452;454;456;459;460;461;462;468;470;471;477;478;479;481;482;484;485;487;489;490;491;492;494;497;499;501;502;503;509;512;514;515;518;519;521;523;527;528;530;531;534;535;536;541;546;547;548;549;552;553;554;555;556;558;559;561;562;564;566;573;574;575;578;579;581;582;583;584;585;586;587;589;590;591;595;596;598;600;603;605;606;607;608;610;613;615;617;618;619;621;623;626;627;630;631;633;635;636;640;641;645;653;660;661;662;663;666;668;669;672;673;674;675;676;677;678;683;684;688;690;695;696;698;699;700;704;706;709;710;711;713;716;719;720;721;722;723;725;727;728;731;732;735;738;739;744;746;747;749;751;752;753;755;756;757;760;763;764;765;770;775;776;777;778;779;780;782;783;784;787;788;792;795;796;801;802;804;805;811;812;813;814;816;820;821;823;824;825;827;831;834;836;837;838;840;841;842;843;844;845;847;848;851;852;862;863;864;870;871;877;878;880;881;882;883;884;887;889;894;895;899;900;902;904;906;908;909;910;912;913;917;920;928;929;930;935;936;937;938;939;941;944;946;948;950;952;954;956;957;962;964;965;972;973;974;975;976;977;980;984;986;987;988;990;991;992;998;999
467;3;4;6;7;10;12;13;14;15;19;21;22;24;26;27;28;29;30;34;38;39;40;42;44;46;48;50;53;59;62;65;66;67;68;69;71;73;74;78;79;80;81;86;87;90;91;95;96;97;99;101;102;104;105;107;109;110;111;113;115;116;117;118;119;121;122;126;128;129;130;131;132;133;135;137;138;139;140;143;144;147;149;150;151;152;158;159;160;161;163;167;169;172;173;174;177;178;180;182;183;184;186;189;192;193;194;197;198;200;201;203;204;206;211;212;220;221;226;228;230;232;233;235;236;237;239;240;242;244;246;247;255;257;261;268;272;275;278;279;280;281;284;290;293;296;298;300;301;302;304;305;309;310;314;316;317;319;320;323;324;326;327;328;332;333;335;336;338;340;345;346;347;348;351;355;356;357;359;361;363;365;371;373;375;377;379;380;381;384;385;388;390;391;393;394;396;398;399;400;401;409;410;412;414;415;418;421;422;429;432;435;436;439;440;443;444;448;450;457;458;460;461;463;464;465;468;469;470;471;473;477;479;481;484;485;487;488;490;491;492;493;495;499;500;501;503;504;511;513;516;520;522;523;527;528;530;531;537;538;541;542;543;544;549;550;551;552;554;555;563;565;566;567;570;571;572;573;576;584;586;590;591;595;596;597;598;599;600;602;608;612;614;616;617;620;621;624;628;632;634;635;636;637;640;644;646;647;648;649;650;652;656;658;664;665;666;667;668;669;670;671;672;674;675;679;680;681;682;685;690;691;693;694;696;697;699;701;702;703;704;705;710;711;714;715;717;720;722;725;728;731;735;737;739;740;741;742;744;747;748;749;750;753;755;757;758;759;765;766;767;769;774;776;777;778;779;781;786;787;788;789;790;793;794;796;798;799;800;804;805;808;810;811;815;817;819;821;823;824;825;826;827;828;830;831;833;834;836;837;839;840;842;844;846;848;849;850;854;855;858;859;860;861;862;863;866;869;871;872;873;874;875;876;878;879;886;888;889;890;891;893;894;895;897;900;901;905;909;912;913;915;917;918;919;920;926;927;928;931;933;935;936;940;943;945;949;951;952;953;954;955;956;957;958;959;961;962;963;964;966;967;969;970;974;975;977;978;979;980;981;982;983;985;986;987;988;989;992;994;995;996;997;998;999
468;2;3;4;5;6;7;8;10;11;12;13;16;17;18;19;20;21;23;28;31;32;33;34;38;40;42;43;45;46;48;51;54;55;56;58;59;62;63;64;65;67;69;72;73;75;76;77;78;79;80;81;83;86;87;88;90;94;95;96;97;100;102;103;111;112;115;117;119;121;123;129;132;135;136;138;139;140;143;145;146;147;148;149;155;159;161;163;165;168;169;170;172;176;177;178;179;180;182;183;184;186;189;190;191;193;194;196;199;202;203;206;208;209;211;212;213;214;217;218;220;222;223;224;226;229;230;231;232;235;236;239;241;242;243;244;246;247;250;257;259;260;262;265;267;268;269;273;274;276;277;278;279;284;286;293;300;302;303;304;306;310;312;313;315;318;319;321;325;328;329;333;334;337;339;341;344;349;350;353;354;358;359;360;367;369;370;372;373;374;380;381;383;384;385;386;389;390;391;392;393;394;398;400;404;405;406;407;409;410;412;413;414;416;417;420;424;426;428;429;430;432;433;434;435;436;437;439;444;445;447;450;451;453;454;458;459;460;461;462;463;464;465;466;467;469;471;478;479;481;485;486;487;488;489;490;491;492;493;494;497;501;502;503;506;507;509;512;513;516;518;519;520;522;523;524;527;528;530;532;534;535;538;542;544;545;547;548;549;550;551;553;554;555;557;559;560;561;563;564;566;567;568;569;570;575;579;582;588;589;590;591;592;594;598;600;601;602;603;606;607;609;611;612;613;614;615;617;621;623;625;627;629;631;633;635;636;637;639;643;650;653;655;657;659;661;663;664;665;671;672;673;674;676;677;680;681;682;687;688;689;691;693;694;700;702;703;704;705;706;707;710;712;713;714;715;716;723;724;725;727;728;729;731;734;736;737;739;741;742;744;748;752;754;755;757;759;761;764;765;767;769;770;772;774;775;778;779;780;781;782;783;785;787;788;790;796;797;798;802;803;804;808;810;811;813;814;815;816;821;822;823;826;827;832;833;836;837;839;840;842;843;845;848;849;850;851;854;855;856;859;860;862;864;867;871;876;881;882;884;885;886;887;890;891;894;895;898;905;906;908;909;911;915;917;919;920;922;923;925;926;929;930;931;933;934;935;936;938;940;945;947;953;956;959;961;962;966;970;971;973;974;975;976;981;982;985;986;989;992;994;995;996;998;1000
469;1;6;12;13;14;16;19;21;22;27;28;30;31;32;33;37;38;40;41;43;44;45;46;49;50;51;56;57;59;62;64;65;67;68;70;72;73;77;78;79;80;81;82;83;85;88;89;91;96;98;100;102;103;104;105;106;109;110;111;112;115;116;117;118;124;129;131;132;134;136;137;138;144;146;147;148;149;152;155;156;157;158;159;160;162;163;164;168;171;173;179;181;182;183;187;188;191;192;193;196;205;206;208;209;210;213;218;219;222;223;226;227;229;231;232;233;234;235;237;238;239;240;244;245;247;248;249;250;251;252;253;254;255;256;257;258;260;262;264;266;267;273;275;277;278;279;281;284;287;289;290;292;297;298;300;301;305;306;307;309;313;314;316;317;319;323;324;326;329;331;333;335;338;340;342;346;347;348;349;353;357;359;360;361;363;364;366;368;371;372;374;378;379;380;381;382;384;385;390;391;392;396;398;399;400;402;409;410;411;412;413;415;416;420;423;424;425;429;439;440;442;446;447;450;451;452;453;455;461;462;464;465;467;468;470;472;473;475;476;477;479;480;481;483;487;488;490;493;496;498;500;501;503;505;507;508;509;510;515;517;520;521;522;525;527;528;531;532;534;538;539;543;545;546;547;549;550;554;556;559;560;561;563;564;565;566;567;572;574;578;579;583;588;591;592;598;600;601;604;607;609;610;611;613;617;619;622;624;625;626;627;628;629;632;633;634;635;636;637;641;644;649;651;654;655;657;659;661;663;665;666;667;668;670;671;675;678;679;681;683;684;685;686;687;688;689;690;691;693;694;698;700;702;704;707;708;709;711;712;714;715;717;722;723;724;737;738;739;740;745;746;748;749;751;752;754;755;756;757;758;759;763;766;767;769;770;771;775;776;777;779;780;781;784;787;788;789;792;793;796;798;801;807;808;810;813;814;815;816;818;819;826;827;828;831;834;836;838;839;842;844;845;846;847;848;850;853;857;859;861;862;865;868;869;870;871;873;874;875;877;878;881;882;883;886;887;890;891;892;893;895;896;899;900;904;907;908;912;917;922;924;925;926;928;929;932;933;934;936;940;942;944;945;948;949;950;951;953;955;958;959;964;966;967;968;971;972;973;976;977;980;981;982;983;990;992;993;996;997;999
470;2;4;6;15;16;17;20;23;25;28;29;30;31;32;33;35;37;38;39;41;45;46;47;48;49;52;57;58;59;60;61;62;65;67;68;69;71;72;73;74;78;79;80;81;82;85;86;88;89;95;96;97;98;100;103;108;109;111;113;114;115;118;119;120;121;122;124;125;127;128;129;133;134;135;137;141;143;148;153;158;159;163;164;166;167;168;169;171;172;174;175;176;178;179;180;183;187;188;189;192;194;195;197;199;201;202;206;207;209;210;211;212;216;217;218;225;228;229;231;232;233;236;237;239;240;241;242;243;245;246;248;251;254;255;256;257;261;262;264;265;271;272;274;276;279;282;285;288;291;294;295;296;299;301;312;314;317;318;319;320;324;325;326;327;329;330;333;334;336;338;339;340;342;343;344;345;346;348;349;350;353;358;359;360;362;364;365;368;369;371;372;373;375;377;378;380;381;382;383;384;385;387;389;391;393;397;399;400;401;404;408;409;415;419;421;423;424;425;426;428;429;433;435;437;438;439;440;443;444;446;447;448;450;451;453;458;461;463;464;466;467;469;471;473;475;477;481;484;486;487;491;492;498;499;500;503;504;506;508;512;515;516;519;520;524;525;526;529;532;533;536;538;539;541;542;543;544;547;548;551;553;554;555;559;560;561;562;563;564;565;566;568;569;570;572;574;577;578;579;581;583;584;585;587;588;589;590;593;597;598;602;603;604;609;610;611;612;613;614;615;616;619;620;621;625;626;629;632;633;634;636;638;640;642;643;645;646;652;654;656;658;659;660;662;663;668;674;677;678;679;681;685;686;688;689;692;694;697;698;699;701;704;706;708;709;710;713;714;716;717;719;720;722;726;727;730;734;735;736;737;738;741;745;750;752;754;756;757;758;760;761;768;769;770;776;777;778;779;781;782;786;787;788;791;793;794;795;796;797;798;800;801;802;803;804;805;810;811;812;813;814;815;818;819;820;823;824;825;826;827;828;829;831;834;835;837;838;839;841;842;843;845;846;847;849;850;852;853;854;856;857;860;861;866;867;869;872;873;874;877;878;879;881;882;886;889;891;893;895;896;899;904;905;907;908;909;910;913;915;919;922;923;924;927;928;931;932;934;936;937;939;940;942;943;945;947;948;949;950;954;955;959;960;961;962;966;969;970;972;973;974;976;978;979;980;983;984;989;991;993;995;999
471;4;7;13;17;19;23;24;25;26;27;31;33;35;39;40;41;47;48;51;53;54;56;58;59;60;62;63;64;66;67;68;69;70;71;73;74;75;78;80;86;87;89;90;91;93;94;95;96;97;98;100;101;103;105;106;107;108;109;110;111;114;115;118;119;121;124;125;126;127;129;130;131;132;137;138;140;141;142;143;148;150;151;152;153;157;158;159;161;163;166;168;171;172;173;174;176;177;180;181;182;186;190;192;195;196;197;199;203;204;207;209;211;213;217;218;220;221;222;223;224;226;229;233;236;239;240;241;242;249;250;252;254;255;256;257;259;262;264;265;266;267;271;278;285;288;290;296;300;301;303;304;306;307;310;312;316;318;319;320;322;323;324;325;326;327;330;332;333;334;338;339;340;345;351;353;354;359;360;363;366;370;372;375;376;377;378;380;382;383;384;387;388;389;390;391;396;397;398;401;402;404;405;407;408;409;411;413;414;416;418;420;422;426;427;428;429;431;435;436;437;438;440;443;447;449;450;451;455;458;459;460;461;465;466;467;468;470;475;478;479;480;481;482;483;484;487;488;490;491;492;493;494;495;496;501;502;503;508;510;514;515;519;523;526;527;528;529;531;532;534;535;540;541;544;547;548;554;555;556;558;559;560;561;563;564;565;569;570;572;573;577;578;583;585;587;589;591;593;594;595;599;600;601;605;606;607;608;609;611;614;616;624;625;626;629;632;636;641;648;653;655;656;659;660;661;663;664;665;668;669;672;673;676;677;678;681;684;685;691;692;693;696;697;699;707;708;709;711;712;714;715;716;719;720;722;724;726;727;731;733;734;735;736;737;738;740;741;742;743;745;746;747;749;753;756;757;760;763;764;765;766;768;770;776;777;780;786;788;789;792;793;794;796;798;799;803;805;808;811;815;822;824;829;830;831;832;833;838;842;843;845;847;848;849;850;852;854;855;856;859;861;862;863;867;869;870;871;874;875;876;877;879;880;881;882;884;887;889;890;891;895;896;897;901;902;903;905;906;909;911;912;914;915;917;919;920;921;923;925;926;934;937;939;941;944;945;948;951;953;954;956;959;960;962;963;964;965;967;969;971;974;977;978;981;983;984;986;987;988;990;992;993;1000
472;2;3;5;7;8;9;12;13;14;18;20;21;25;26;27;30;31;33;34;36;39;40;47;48;50;53;54;60;61;62;63;64;68;69;70;72;73;74;75;76;77;80;83;87;91;92;93;94;97;98;99;101;102;104;105;106;107;108;110;112;113;114;116;117;118;121;122;123;124;125;129;130;132;134;135;136;139;141;144;147;150;151;153;154;155;158;159;162;167;175;177;178;180;181;185;186;188;189;190;192;197;199;200;201;204;205;206;207;208;209;213;215;217;222;224;225;232;234;235;238;240;241;242;244;246;247;249;252;256;257;263;264;265;267;268;274;278;279;281;284;285;287;289;294;296;297;298;299;300;302;303;306;307;309;310;314;319;320;324;326;331;333;336;337;341;342;343;346;348;351;354;355;356;357;360;362;364;367;370;378;380;382;384;385;389;390;392;397;401;403;404;405;407;411;412;418;420;424;425;426;429;432;434;436;438;440;441;442;445;446;449;450;451;456;459;462;463;465;469;474;475;478;481;483;489;490;491;495;497;501;503;504;508;514;515;516;519;525;526;527;529;530;531;532;533;534;536;537;541;543;546;549;550;557;560;562;564;565;567;568;571;572;574;575;578;580;582;585;586;587;590;591;592;596;598;601;606;609;612;614;615;616;617;618;619;621;628;630;631;633;635;638;639;640;641;642;643;644;646;647;648;651;653;654;655;656;657;658;659;660;665;670;674;678;679;680;683;684;685;686;688;689;694;695;699;700;701;702;704;709;711;712;713;715;716;722;725;727;730;733;734;736;737;738;743;746;747;748;751;758;760;762;763;764;765;766;768;774;776;777;778;779;782;786;788;791;793;795;797;799;801;803;804;805;808;809;810;811;814;815;818;819;824;826;831;832;833;834;835;836;837;838;842;843;844;845;846;847;848;849;850;853;854;858;859;862;863;867;868;870;871;872;873;874;875;877;882;883;884;885;887;888;890;892;893;895;898;903;904;905;908;911;913;915;918;920;924;925;928;929;931;935;937;939;941;942;944;946;949;952;954;955;956;959;963;967;968;971;972;973;977;979;981;982;983;984;988;989;990;994;997;998
473;1;3;6;8;9;13;14;15;16;20;22;23;24;25;28;29;34;37;41;42;43;44;45;46;49;52;55;60;61;62;63;64;65;67;69;73;78;81;82;85;87;90;91;95;99;101;102;103;104;108;109;111;113;117;120;121;122;127;128;131;132;136;139;141;143;144;145;146;150;153;159;160;162;165;167;168;169;172;173;175;176;178;181;185;188;189;191;193;194;195;196;200;201;202;203;204;206;207;209;210;211;212;216;219;223;225;227;228;229;230;233;234;238;239;240;241;242;244;247;249;250;251;252;253;255;259;261;263;264;269;271;272;274;275;276;277;279;280;281;282;283;285;286;292;294;297;298;299;301;304;305;307;311;314;315;317;319;321;326;328;332;333;334;335;336;340;342;343;347;348;349;350;357;358;359;361;365;369;372;373;378;379;380;381;382;384;387;388;390;393;395;397;399;403;404;406;407;408;409;411;414;420;423;425;426;428;435;439;440;441;444;447;448;449;452;453;454;457;458;464;465;467;469;470;476;478;481;485;488;489;490;491;498;501;502;503;507;509;511;512;513;515;518;519;522;523;527;528;529;535;538;540;541;543;545;546;547;548;550;551;553;554;556;560;561;563;569;570;573;574;575;577;580;582;583;586;588;593;594;595;598;599;603;613;614;615;616;617;618;619;620;622;624;625;627;629;630;631;632;634;636;637;639;641;642;643;646;647;651;653;654;655;657;660;664;666;667;670;673;675;677;678;682;683;684;685;686;688;689;690;693;694;695;697;702;705;709;710;711;712;713;716;719;720;721;727;728;730;732;733;734;735;737;738;740;741;742;744;745;746;749;750;752;753;756;757;758;761;762;764;768;769;770;771;772;776;779;781;782;783;784;785;799;800;801;804;805;806;807;818;821;822;823;824;825;828;829;832;837;838;840;843;846;847;848;850;852;853;855;857;859;864;867;869;873;875;877;878;879;882;883;884;887;888;895;896;899;900;901;902;903;906;912;913;914;915;918;920;921;922;925;926;927;928;932;935;936;938;939;940;941;943;945;948;952;953;954;959;961;963;966;968;969;971;974;977;978;979;983;984;985;986;987;988;989;994;995;997;998;1000
474;8;9;11;13;14;15;16;21;22;24;26;29;30;33;34;36;37;38;42;43;44;46;48;50;51;52;53;54;56;57;58;60;62;67;68;69;72;73;75;78;79;80;81;83;88;89;90;91;92;97;98;99;102;103;104;106;107;108;110;111;113;114;115;120;124;125;126;127;128;130;131;132;136;137;139;140;141;143;145;147;148;157;159;162;163;165;166;167;169;171;172;176;179;182;184;186;187;188;191;194;196;197;202;204;205;206;207;215;216;223;224;225;229;230;231;232;235;237;240;241;245;247;248;250;251;253;254;256;266;267;269;274;275;277;279;281;282;283;286;287;288;290;293;295;297;298;299;300;303;304;305;311;312;315;316;319;320;322;323;325;326;330;334;335;338;342;343;344;345;347;349;350;351;353;354;355;356;357;358;361;363;365;367;368;369;373;374;375;376;377;378;380;382;383;386;388;389;390;391;392;393;394;397;398;399;401;402;404;405;406;407;408;410;411;412;413;415;418;419;421;422;424;425;426;428;430;433;434;435;436;438;439;440;441;443;447;448;449;450;451;452;457;458;460;461;462;463;464;465;472;477;478;479;484;486;488;489;491;494;496;499;501;503;508;509;510;512;514;521;524;528;531;535;538;544;546;549;552;554;555;557;558;565;567;570;572;574;577;578;582;584;586;587;588;589;590;591;592;595;596;597;600;601;604;605;606;608;614;615;616;617;619;621;622;623;624;625;626;627;628;630;633;634;636;637;641;643;644;650;656;660;663;664;666;667;669;670;674;676;677;678;679;681;684;686;687;690;692;695;697;701;702;704;705;707;708;710;713;715;716;718;719;720;722;725;726;732;734;735;736;738;739;740;743;745;746;748;749;753;755;756;758;759;763;765;767;768;770;771;772;773;776;777;781;784;785;786;791;793;794;796;797;800;802;803;805;806;808;810;813;814;815;817;818;822;823;824;826;829;833;834;835;840;843;845;848;850;851;853;855;858;860;862;863;866;868;870;871;872;873;875;877;882;884;885;888;889;890;894;895;897;898;900;902;903;904;905;906;907;912;915;916;917;919;920;921;922;923;924;925;926;928;929;930;935;936;938;939;943;945;947;948;949;950;952;953;956;957;958;960;962;963;964;968;969;970;971;972;973;976;980;981;984;985;986;992;996;997;1000
475;5;7;17;19;21;24;25;28;33;35;36;38;41;42;49;50;55;57;59;60;61;64;65;69;70;76;78;79;80;82;84;86;87;89;92;93;98;103;105;108;110;112;114;116;121;125;126;131;133;134;135;136;137;139;141;142;143;145;147;148;149;157;158;159;160;161;163;164;165;166;167;169;171;173;177;178;179;180;182;184;188;189;190;191;192;193;194;195;198;199;201;205;208;211;212;214;215;216;217;218;221;227;232;233;235;236;238;243;244;245;246;248;250;254;256;259;260;262;265;266;267;269;271;276;281;282;285;286;289;290;292;294;295;298;299;300;302;304;305;306;307;308;309;311;312;318;319;320;321;322;323;324;326;327;332;333;335;336;337;340;341;342;345;351;352;353;354;359;360;361;362;364;367;371;373;375;377;379;380;381;382;383;386;388;392;396;398;399;400;401;404;405;408;409;410;411;412;413;414;416;418;419;421;423;424;425;426;430;433;434;435;436;439;440;442;444;445;447;448;454;455;456;460;462;463;464;465;469;470;471;472;478;483;485;488;490;491;494;497;498;500;501;503;507;508;511;516;517;518;519;521;522;526;527;528;529;532;535;537;540;541;542;544;547;548;550;551;553;560;562;563;564;565;566;568;569;570;571;575;577;578;587;590;592;595;597;598;600;602;606;607;612;613;620;623;624;626;629;630;631;633;640;641;642;643;644;645;649;650;655;662;663;665;666;667;670;671;673;674;676;680;685;690;692;693;698;699;700;701;702;704;705;706;708;710;711;712;715;716;717;722;727;728;729;731;733;735;738;741;747;748;749;750;751;752;754;755;756;758;759;764;765;766;768;769;777;778;779;780;784;789;790;792;793;797;803;807;810;814;815;818;820;821;822;823;824;826;827;828;830;831;832;834;835;837;839;842;843;847;848;850;851;852;853;856;859;860;861;863;864;866;870;871;872;874;876;884;885;889;896;897;899;900;901;903;908;910;913;915;916;917;919;920;921;923;926;927;928;929;930;931;933;936;938;941;942;943;944;945;947;950;952;954;956;957;959;962;965;968;969;971;979;981;988;990;993;994;998
476;2;3;6;7;8;9;10;11;12;13;14;16;17;20;21;22;23;24;26;27;29;30;36;38;39;40;42;43;46;47;49;51;52;53;54;55;57;59;63;64;65;68;73;74;77;79;80;84;94;97;98;99;100;102;103;104;106;107;109;111;113;116;117;118;119;121;124;125;134;135;136;139;141;142;143;144;145;148;149;152;154;155;156;159;160;163;164;166;167;168;170;172;173;176;179;180;181;183;184;185;190;191;192;193;194;197;200;201;202;203;206;207;208;209;210;211;213;215;217;218;219;222;223;224;225;229;233;236;239;240;241;242;244;246;247;248;249;250;251;255;257;258;260;261;263;266;268;269;270;272;273;274;276;277;278;280;281;283;287;290;291;292;294;295;296;297;299;300;301;302;304;306;307;309;311;312;313;315;319;320;321;322;323;324;325;330;331;332;334;337;340;342;344;345;346;347;348;349;352;353;355;356;357;359;360;362;367;368;370;374;375;376;377;378;380;381;383;384;385;386;387;389;390;391;392;393;394;395;396;397;402;404;406;408;409;412;413;414;416;417;419;427;430;432;435;438;441;445;447;451;455;456;457;459;461;465;469;473;477;478;482;484;485;486;489;493;495;499;501;502;503;506;507;508;509;511;513;514;515;516;517;521;522;525;527;528;531;534;535;536;538;539;541;542;543;544;545;546;547;548;549;551;554;555;557;558;559;560;561;565;566;567;569;572;573;575;585;587;589;590;591;594;597;598;599;602;605;607;608;610;614;615;617;618;619;622;625;628;630;633;637;640;641;643;645;646;647;648;651;652;654;655;656;657;660;661;662;663;665;673;677;678;679;683;684;688;691;692;693;695;697;701;703;705;706;707;709;712;718;720;724;725;728;729;730;731;733;734;738;739;740;741;747;749;750;751;752;758;759;761;763;765;769;771;772;774;778;783;784;785;786;788;789;791;793;795;796;798;800;803;816;817;820;821;822;823;826;827;829;833;835;837;839;840;841;844;847;848;849;850;851;863;864;865;867;868;869;870;871;872;873;874;876;877;878;879;880;881;882;883;885;887;891;892;893;896;897;898;900;902;904;907;911;912;913;915;920;921;922;925;928;931;933;937;938;941;943;947;948;949;950;951;955;956;957;959;961;962;963;964;967;971;974;975;978;980;982;983;984;987;988;990;991;992;993;994;996;1000
477;1;6;11;12;14;17;19;21;24;27;28;31;32;33;34;36;38;39;41;42;44;45;46;48;49;50;51;52;55;57;59;62;64;65;67;69;72;75;80;81;83;88;90;91;94;95;96;98;99;100;102;103;104;107;108;109;110;111;112;113;114;118;119;120;121;122;127;128;129;130;132;134;135;142;145;146;147;148;153;156;158;160;162;163;171;172;173;174;178;179;180;184;185;190;191;192;194;199;202;203;204;205;207;208;210;211;212;214;215;219;221;222;223;224;226;230;231;232;233;234;235;236;240;241;243;244;245;246;248;249;251;253;255;256;257;258;262;263;264;265;266;267;268;269;272;273;274;275;276;277;278;280;282;284;285;287;294;295;296;297;299;301;302;303;306;308;310;315;316;320;321;324;325;327;330;332;335;336;339;341;343;344;346;347;349;350;352;353;354;356;359;363;365;366;368;371;372;373;375;379;382;384;385;386;388;389;393;398;400;402;406;410;414;415;416;422;423;424;425;426;427;428;433;436;438;440;441;442;443;444;447;451;452;453;455;456;457;458;460;465;466;467;469;470;474;476;481;482;483;484;485;491;492;493;495;497;500;502;506;507;508;509;511;512;513;514;516;520;522;523;526;527;528;529;530;531;532;533;534;535;536;538;539;542;545;546;547;548;549;550;551;554;555;556;563;564;565;568;569;572;574;575;578;582;584;586;588;590;591;595;597;599;601;603;604;606;608;609;614;616;619;620;622;623;628;633;635;636;637;638;639;640;642;644;645;647;651;653;655;658;660;663;664;668;669;674;675;676;677;681;682;683;684;685;688;690;694;695;696;698;704;708;709;712;716;717;719;720;723;724;725;727;728;730;734;735;736;737;738;743;744;745;747;751;752;754;759;761;762;765;766;767;768;769;770;771;772;775;777;779;785;786;788;789;790;794;797;801;803;805;807;808;809;810;811;815;819;822;824;825;826;829;831;832;834;836;838;840;841;843;845;847;848;849;850;853;857;859;860;863;864;866;867;869;870;871;873;874;878;880;882;886;887;889;890;891;893;894;897;903;909;913;914;916;917;918;920;921;923;926;927;929;932;934;937;943;945;946;948;951;955;956;959;963;964;967;972;973;977;979;981;982;984;987;989;991;992;993;996;998;1000
478;4;6;7;15;16;18;20;21;22;23;24;25;29;30;32;35;36;39;42;44;46;47;48;49;50;52;55;58;60;62;63;64;65;66;68;70;77;78;82;83;84;85;89;90;91;93;95;98;99;100;103;104;105;107;109;110;113;114;116;120;121;123;124;126;129;130;131;132;133;134;135;137;138;139;140;142;143;144;146;147;149;152;155;157;159;163;164;165;167;169;170;172;173;174;175;177;178;180;181;182;183;184;186;188;191;192;194;197;200;202;203;206;211;212;213;216;217;218;220;221;223;225;228;233;234;236;237;238;239;240;242;243;244;245;246;249;250;253;254;255;256;259;261;262;263;264;266;267;270;271;274;275;277;278;282;284;288;289;290;291;292;293;294;295;297;301;305;310;311;312;317;318;320;322;325;327;329;331;332;336;338;340;341;342;344;345;347;348;354;356;357;359;360;362;364;370;377;378;379;380;382;384;387;388;389;390;396;397;398;400;401;403;404;409;410;412;415;416;417;418;419;420;422;425;431;437;441;443;444;445;453;460;461;462;464;465;466;468;471;472;473;474;475;476;481;482;484;485;486;487;489;493;494;495;496;497;498;501;502;505;506;513;514;517;518;522;528;534;536;540;541;545;547;548;549;551;552;555;556;557;558;559;561;564;565;567;568;570;574;577;578;588;591;593;594;599;602;603;604;608;611;613;614;615;616;617;618;619;623;633;634;635;640;642;643;645;646;649;657;661;663;665;668;670;673;676;680;686;688;689;690;692;694;699;700;701;702;707;709;710;712;713;714;716;718;719;722;726;728;736;738;739;741;742;743;744;748;751;752;754;755;756;757;758;760;763;765;769;772;773;774;777;782;783;786;787;789;793;794;795;796;797;798;802;805;806;809;810;812;815;816;819;820;821;822;823;824;825;826;827;828;829;830;831;832;833;835;839;840;841;843;844;847;849;850;851;852;853;855;856;857;858;859;863;871;873;874;876;878;880;882;891;895;897;898;899;900;905;906;907;908;909;912;916;918;919;921;922;923;924;925;927;930;932;933;934;935;937;938;939;943;944;945;947;948;949;950;951;952;954;955;961;962;966;969;972;975;978;981;982;983;984;985;986;993;994;999;1000
479;1;2;7;9;10;12;14;15;19;23;25;27;28;29;31;33;34;37;38;39;41;42;43;45;48;51;52;55;58;59;60;61;64;65;66;67;69;70;71;72;73;74;75;77;80;81;82;88;89;91;92;94;97;98;101;102;106;109;118;119;121;122;125;126;129;132;136;141;142;147;148;149;151;152;154;155;159;167;168;172;173;176;177;181;182;183;184;189;192;193;194;195;200;203;205;206;209;211;217;220;221;222;227;228;229;231;232;234;235;237;238;242;243;244;245;247;248;253;254;255;259;260;261;264;270;271;272;273;275;278;279;280;281;283;285;286;289;293;295;297;300;301;302;303;306;307;308;310;311;312;314;315;316;322;325;326;328;331;332;337;340;341;342;343;344;346;347;349;351;352;354;355;356;358;359;362;366;369;371;372;375;377;380;381;382;384;385;386;387;393;395;396;397;399;406;407;408;414;415;416;417;420;421;422;423;426;427;428;430;432;436;438;439;441;442;444;445;449;451;453;454;457;458;460;462;463;464;466;467;468;469;471;474;480;482;483;485;487;489;490;491;492;495;497;498;500;501;503;505;507;508;509;512;513;514;515;516;518;522;524;526;527;528;530;534;536;538;541;543;544;545;547;548;549;551;552;555;556;558;560;561;567;568;570;571;572;576;578;579;581;582;583;584;585;586;587;588;589;591;593;597;598;599;600;602;604;605;607;610;611;612;613;614;617;619;623;624;626;627;629;630;632;633;635;636;639;640;642;643;645;650;653;655;656;659;660;661;663;664;665;667;669;671;674;675;681;686;689;690;693;695;696;697;699;702;704;705;709;710;712;714;715;717;719;723;725;726;727;728;729;737;739;741;743;746;748;750;752;753;755;756;757;759;760;761;762;764;765;767;768;773;775;777;778;781;783;785;786;788;789;790;792;795;798;802;803;804;807;809;810;811;812;814;821;823;826;827;828;829;830;831;832;833;835;836;838;839;840;844;845;846;847;850;851;852;853;854;855;856;859;860;861;862;864;865;866;869;871;872;873;874;880;881;882;883;887;888;889;890;891;892;894;895;896;898;901;902;903;907;911;913;914;915;917;919;921;922;923;924;926;928;930;931;932;935;937;938;939;946;947;948;953;954;959;961;962;963;964;965;966;967;970;971;972;977;980;982;984;986;989;991;993;996;997;998;1000
480;1;2;3;5;7;8;15;16;18;19;22;26;28;29;30;32;38;41;42;43;44;45;46;48;51;52;55;56;59;60;61;62;69;71;73;76;82;83;85;86;90;91;92;94;95;96;97;100;101;104;105;111;113;116;118;119;120;122;123;124;125;127;128;129;130;131;132;137;138;140;142;143;144;145;149;150;151;152;155;156;162;170;171;172;173;174;175;177;179;180;181;182;184;191;193;194;200;203;205;207;208;210;213;215;218;220;221;222;223;224;226;229;230;231;233;235;238;239;240;241;247;248;249;254;255;256;258;259;263;264;266;273;277;282;283;288;291;293;294;295;298;299;301;302;306;308;309;310;311;314;316;318;321;323;325;330;332;333;336;339;342;343;349;350;353;358;361;363;366;370;371;373;374;375;376;377;379;380;381;382;384;385;386;389;392;393;395;396;397;400;402;404;405;407;409;410;412;414;415;419;420;421;422;423;425;430;431;432;434;435;436;437;438;439;441;442;445;447;448;451;452;454;456;457;459;461;464;465;469;471;479;488;490;494;496;498;499;500;501;504;505;507;513;514;516;518;522;525;527;530;532;533;534;535;538;539;541;545;549;550;551;552;553;554;555;556;558;559;560;561;562;566;567;568;572;574;575;576;583;586;587;589;592;593;596;597;598;600;602;603;605;606;607;608;609;610;613;614;615;616;617;619;621;627;630;631;635;638;641;642;646;649;650;651;653;654;656;658;659;661;662;666;667;673;674;676;678;680;681;682;684;685;686;689;691;693;696;700;702;703;707;711;715;718;721;725;727;728;733;735;736;738;739;743;747;748;749;750;751;755;756;757;758;759;760;762;763;767;768;769;774;777;779;780;781;782;787;788;789;790;791;792;793;797;803;805;807;808;809;810;813;814;816;818;819;822;823;825;827;829;830;831;832;835;836;839;841;844;845;854;855;857;860;861;863;865;866;868;869;871;874;875;876;880;882;884;885;887;889;891;893;894;895;897;898;900;904;906;907;909;913;914;915;918;919;920;921;923;925;930;931;932;934;937;938;940;941;942;946;947;948;951;952;954;956;958;963;965;966;968;971;973;974;975;982;984;986;989;990;993;994;995;996;997;998;999;1000
481;2;3;4;8;10;14;15;16;18;19;20;21;22;25;28;29;31;34;40;41;43;44;46;47;48;49;51;52;53;54;55;56;57;58;60;61;63;67;70;71;72;75;78;82;84;86;92;94;95;97;100;101;104;105;106;107;108;109;110;113;117;120;121;123;124;125;128;129;133;134;136;137;139;140;143;144;145;146;150;151;154;156;161;162;164;165;167;168;169;171;172;173;174;180;182;183;184;188;189;191;192;194;195;196;197;198;201;203;204;208;209;212;214;216;217;218;222;225;226;230;232;233;234;235;237;241;245;246;248;249;250;251;252;253;256;261;262;263;265;266;269;271;275;276;278;281;282;283;286;288;290;293;295;297;298;300;302;307;309;310;312;315;316;317;319;320;321;326;327;328;330;331;336;341;342;343;344;345;346;347;348;349;350;351;352;357;358;361;363;365;366;367;368;369;372;374;375;378;380;381;382;386;387;390;391;392;396;397;400;401;402;404;405;410;411;414;417;418;419;420;421;423;425;427;432;434;435;436;439;440;441;444;449;451;452;453;454;459;460;462;466;467;468;469;470;471;472;473;477;478;484;486;487;488;490;491;492;493;495;496;497;499;501;504;506;511;512;513;514;515;517;518;520;521;522;524;530;531;533;537;540;543;544;545;548;552;555;557;558;559;562;563;564;565;568;576;577;580;581;582;583;584;587;588;590;599;600;603;604;607;609;610;611;612;616;617;618;621;622;623;625;627;628;629;630;631;633;634;635;637;640;647;648;650;654;656;659;661;662;664;666;667;668;669;671;676;677;678;679;680;681;683;684;685;686;687;688;689;690;694;696;697;699;700;705;706;707;709;710;711;712;713;717;722;724;725;727;728;729;730;731;733;734;735;738;739;741;742;743;745;746;747;748;751;757;759;762;763;768;771;773;774;775;776;777;781;783;784;787;790;791;794;801;802;804;808;809;810;814;815;818;822;828;831;832;834;835;836;837;838;840;841;842;843;844;845;848;853;856;860;861;863;864;867;868;869;872;873;876;881;883;885;886;887;888;892;895;897;900;903;904;905;908;911;913;914;916;918;919;920;924;925;926;927;928;929;932;936;938;939;940;942;944;948;950;951;952;953;954;957;959;961;962;963;965;966;967;968;971;972;975;977;978;980;984;985;986;988;990;992;995;996;998;1000
482;1;8;10;11;12;13;14;15;19;21;25;28;29;30;32;33;35;36;40;43;45;46;47;49;53;55;58;60;62;65;66;67;70;71;72;73;78;79;82;85;86;88;89;90;93;94;99;100;101;102;103;106;107;109;110;111;112;114;116;117;118;119;120;122;123;125;127;132;133;134;136;140;142;143;144;148;150;153;154;155;157;158;160;165;167;170;171;172;180;183;184;191;196;197;199;203;204;205;206;208;210;212;216;217;218;219;220;221;222;223;224;225;227;229;230;233;234;236;238;240;241;245;248;249;255;257;261;263;264;267;268;269;271;272;273;274;275;276;278;281;283;284;287;289;291;295;296;297;299;300;301;302;303;304;306;310;311;312;314;315;316;319;321;322;325;329;331;332;333;334;335;336;341;342;345;346;347;349;350;351;355;356;357;358;361;363;364;366;367;370;372;373;375;377;378;380;381;382;384;385;386;387;388;389;390;391;396;403;405;409;410;420;421;423;427;428;436;437;438;442;443;445;446;448;449;453;455;456;457;459;461;462;463;464;465;466;471;476;477;478;479;484;485;487;489;490;492;493;496;497;499;500;503;505;506;508;509;510;512;515;517;524;526;528;529;530;541;542;543;544;546;549;552;553;555;558;562;564;566;567;568;570;572;573;576;578;582;584;585;586;587;589;590;591;597;598;600;601;602;606;609;610;611;613;614;616;619;621;622;623;627;629;630;631;637;638;641;645;651;652;654;660;663;668;670;671;672;673;675;676;678;679;682;683;684;686;687;689;692;694;695;698;700;703;704;706;708;709;712;718;720;723;725;726;727;728;733;734;735;740;741;742;743;744;745;747;752;754;755;756;760;762;763;764;765;766;769;771;775;776;777;778;779;781;783;785;789;791;792;793;796;798;799;801;803;806;807;808;810;811;812;816;818;819;820;822;826;828;831;833;834;835;837;840;841;843;845;846;847;848;849;853;857;860;866;867;868;872;875;876;878;879;880;882;886;887;890;892;895;896;898;899;901;902;904;906;907;908;912;914;915;918;920;924;929;930;931;933;934;937;938;939;940;942;944;946;947;948;950;952;954;956;957;959;960;962;963;966;968;971;975;976;978;979;980;983;984;987;989;991;992;993;1000
483;11;13;15;17;19;20;22;23;25;27;28;30;31;32;38;40;41;43;44;47;49;50;51;54;55;56;59;61;63;65;68;70;73;76;79;80;81;82;83;84;86;88;90;93;96;97;99;100;101;105;106;107;108;109;117;118;119;121;123;125;126;128;132;136;137;138;140;143;144;145;147;148;149;150;152;155;157;158;160;162;163;164;167;168;171;172;177;178;179;180;185;187;188;193;194;195;197;198;199;200;202;203;205;207;208;210;211;213;214;217;219;220;222;223;225;226;227;229;230;231;232;233;235;236;237;238;239;240;241;246;249;250;254;255;256;257;260;261;262;263;266;269;275;277;282;283;285;286;287;288;289;291;292;293;294;295;300;304;308;309;310;316;317;320;321;322;326;327;328;330;332;333;337;340;344;346;347;348;350;351;352;353;354;355;356;360;362;364;366;367;368;371;374;375;376;377;378;380;381;384;385;391;393;395;396;397;401;406;410;411;415;417;418;419;421;425;426;427;429;431;432;434;435;441;444;445;448;449;451;452;453;454;456;459;460;461;462;464;469;471;472;475;477;479;486;488;489;491;492;495;496;497;501;506;508;510;513;514;516;517;518;520;521;525;526;529;534;538;540;542;543;545;547;548;549;550;553;557;558;559;563;564;568;569;571;572;574;575;581;582;584;585;586;590;591;592;594;596;597;599;600;602;607;608;610;613;615;620;621;622;625;626;628;629;632;637;639;640;641;642;644;646;649;653;654;661;662;663;665;666;668;670;672;673;674;676;677;681;683;684;687;690;696;702;703;706;707;712;713;716;718;724;725;726;727;730;731;733;734;740;743;747;751;752;753;754;756;757;758;761;763;767;768;772;773;777;778;779;781;782;783;786;788;789;794;796;797;800;801;802;804;806;807;808;809;811;813;814;815;816;820;821;824;829;830;832;834;839;840;843;845;846;847;848;850;853;854;857;858;859;861;862;863;864;866;868;869;872;873;877;878;881;882;883;884;888;889;890;893;896;897;899;900;903;904;905;906;907;908;910;913;916;918;919;922;923;927;928;929;931;933;935;936;938;939;940;941;948;951;953;954;955;957;959;962;964;967;969;973;974;976;977;978;979;985;986;992;993;995;997;1000
484;2;3;4;7;9;10;11;12;13;14;15;19;22;23;27;28;29;30;31;33;34;36;39;41;42;44;46;49;51;53;54;56;58;61;62;65;67;70;71;72;73;74;75;77;80;84;85;86;91;93;94;96;98;100;106;107;110;112;116;118;119;120;123;124;125;127;128;129;131;134;137;138;141;142;143;145;146;148;149;150;152;153;154;155;158;159;160;161;164;167;169;170;171;172;173;175;178;179;181;182;185;186;188;191;193;194;197;199;200;202;204;205;206;207;208;211;213;214;215;217;220;222;223;231;233;235;236;237;238;241;244;246;248;253;254;256;257;260;264;272;275;278;279;280;282;283;287;289;290;291;292;293;294;295;296;297;298;299;300;301;303;304;306;310;311;316;317;318;319;325;331;334;335;337;338;340;341;343;345;354;356;359;363;365;366;372;373;375;378;379;391;392;393;395;397;398;400;404;405;407;408;409;412;415;417;419;420;421;422;423;424;425;426;427;428;431;434;435;439;441;443;444;445;446;447;449;450;451;454;457;461;462;466;467;470;471;474;476;477;478;481;482;485;488;489;491;492;494;495;496;500;506;512;513;517;521;524;529;530;531;532;533;534;535;536;537;538;539;542;544;546;548;551;552;554;556;558;559;560;561;562;564;565;566;568;569;570;571;573;575;576;583;584;585;586;589;599;600;602;604;607;609;613;614;615;620;623;625;626;629;632;633;636;637;638;642;644;645;646;648;652;653;655;657;658;663;664;665;666;668;670;671;673;675;683;689;694;695;696;697;702;703;704;705;706;710;715;716;717;718;719;722;723;725;729;730;733;735;737;738;740;743;744;745;748;750;751;755;759;760;762;764;765;767;770;771;773;774;777;778;782;783;790;791;795;799;801;802;803;809;810;811;815;816;817;820;821;823;826;827;828;831;832;836;837;838;839;840;841;844;852;856;857;861;862;868;869;872;874;875;876;877;878;879;882;883;885;886;887;888;890;892;895;897;898;903;905;906;907;909;910;911;914;917;925;930;936;938;939;940;941;942;943;944;945;946;948;954;955;957;959;961;962;963;964;966;967;968;969;971;973;976;977;978;979;980;981;982;983;984;985;986;989;990;991;993;995;997;999;1000
485;4;6;7;8;9;13;14;16;17;18;19;20;22;23;27;28;30;31;32;33;34;35;36;39;40;41;42;44;46;47;51;53;54;55;57;61;65;66;71;72;73;74;75;76;77;78;79;80;82;84;87;89;91;92;94;97;98;101;103;106;107;110;116;117;121;123;124;128;133;135;136;139;141;146;150;151;152;153;154;155;161;162;163;168;171;173;174;175;177;178;180;181;183;184;185;186;187;188;196;198;199;200;203;204;207;208;210;211;212;213;215;216;217;219;220;223;225;228;231;232;233;236;246;248;251;252;253;258;260;261;262;263;264;265;267;270;273;274;275;281;284;285;288;289;291;292;294;295;296;298;300;304;306;309;311;313;315;316;321;322;323;325;326;329;330;335;336;338;341;342;345;346;347;353;358;359;361;362;363;366;371;373;375;378;379;381;382;383;384;386;387;388;391;395;397;403;404;405;408;409;410;411;412;413;416;418;419;422;423;424;428;430;431;433;435;436;437;438;439;440;444;446;447;448;450;451;453;454;455;457;458;459;460;463;466;467;468;473;475;476;477;478;479;482;484;487;488;489;492;494;498;500;501;502;504;509;511;515;517;519;521;523;525;526;527;534;536;539;541;545;546;548;549;550;551;552;553;554;555;557;558;559;560;561;564;568;569;570;571;573;574;577;578;579;581;582;583;590;591;593;594;596;599;601;602;606;607;609;610;612;613;619;620;622;625;628;629;631;633;635;636;637;639;641;642;644;647;648;651;653;656;659;660;661;662;664;666;667;668;670;672;677;678;679;680;684;685;687;688;692;705;709;710;712;713;714;721;724;727;729;733;734;735;738;740;741;742;743;744;746;748;749;753;754;760;763;764;768;771;773;776;778;779;781;782;783;792;795;796;798;800;808;809;811;812;816;817;818;820;822;826;827;830;837;839;840;845;846;847;848;849;851;855;856;857;860;862;863;865;868;869;870;871;872;873;875;876;881;884;885;887;889;892;894;895;897;902;903;904;906;907;911;912;913;918;919;920;921;922;923;924;931;935;938;940;943;944;948;950;952;954;956;963;964;965;969;971;972;973;977;981;982;988;989;990;991;992;993;996;997;998;1000
486;1;2;4;5;6;8;9;10;14;15;17;18;19;23;25;26;27;28;29;31;35;36;38;41;43;45;46;47;53;56;58;61;64;65;68;69;71;72;73;78;83;87;88;89;91;92;93;94;95;96;99;100;102;105;111;114;115;116;118;120;121;122;127;129;131;134;135;138;139;144;147;148;149;151;153;157;158;159;160;162;164;165;166;167;168;169;170;174;175;180;183;185;187;188;189;190;191;196;197;202;203;204;205;207;209;211;212;213;214;215;217;220;224;225;233;235;236;239;242;245;246;247;248;249;251;256;258;259;262;264;269;270;271;274;275;277;279;281;282;283;284;285;288;291;293;297;298;299;301;303;305;306;311;312;314;315;316;317;325;326;327;328;330;331;336;337;339;340;341;342;347;349;352;357;360;363;364;365;369;371;372;373;375;376;381;382;385;388;392;395;396;399;400;402;408;411;413;415;416;417;418;420;422;423;426;429;433;434;436;439;440;441;444;448;449;450;451;455;456;461;462;468;470;474;476;478;481;483;487;490;491;493;494;495;496;497;498;500;501;502;504;507;509;511;514;515;517;525;526;528;531;532;537;540;546;547;548;552;553;556;557;559;560;564;567;568;573;576;578;580;581;583;584;586;587;589;592;594;595;596;598;599;601;602;603;604;605;611;612;614;615;619;620;621;622;625;628;632;633;635;638;639;640;643;645;649;650;651;654;663;665;666;669;673;675;677;678;679;681;683;685;686;689;698;699;700;706;708;711;712;717;718;720;721;722;723;724;726;729;730;731;732;733;734;735;737;739;741;742;744;745;750;751;758;761;762;763;764;766;767;768;769;770;771;773;774;775;777;778;783;784;786;788;789;790;791;792;798;799;801;802;804;805;808;809;810;811;813;814;815;816;819;820;824;825;826;828;830;831;836;837;840;843;845;846;847;848;849;850;851;853;854;855;856;858;859;860;862;864;866;868;869;871;873;875;879;882;883;886;887;890;891;892;893;895;898;900;909;912;913;916;918;919;920;922;923;925;927;928;932;933;935;938;942;943;945;946;947;949;951;953;954;958;959;960;962;965;967;969;970;972;974;977;979;980;981;985;986;987;993;994;995;997;998
487;1;3;4;5;8;9;12;14;17;18;21;22;26;32;36;38;39;43;44;47;49;50;51;52;53;56;57;59;60;61;63;64;65;68;69;70;71;72;73;75;76;79;81;85;86;87;91;99;101;104;108;115;122;124;125;129;130;132;135;136;137;138;139;140;141;143;145;146;147;148;150;153;154;155;156;159;162;164;166;167;171;172;173;175;177;181;183;185;186;188;190;193;195;196;201;203;204;206;207;208;209;212;214;216;217;223;224;225;228;229;230;232;234;235;237;238;240;241;243;244;245;246;247;250;251;253;254;257;258;262;263;265;266;269;270;271;272;273;275;278;279;280;288;293;296;298;299;301;304;315;319;320;322;327;328;330;333;334;342;346;347;350;352;354;356;357;360;364;366;367;368;369;371;374;378;379;381;382;383;384;385;386;387;391;395;399;400;404;405;407;409;411;413;414;415;417;418;420;422;424;425;426;427;431;432;433;435;436;441;442;443;446;449;452;455;456;461;464;466;467;468;469;470;471;478;479;481;482;485;486;489;490;491;494;495;497;498;500;501;502;505;506;508;513;514;515;516;520;521;522;523;524;526;531;532;533;534;535;538;539;541;543;549;553;554;558;559;560;562;564;566;567;568;569;572;573;574;575;576;577;578;579;580;581;583;586;587;589;590;594;598;599;601;602;604;606;608;609;612;614;616;617;620;621;624;625;626;629;631;633;639;642;646;649;650;652;653;657;658;659;660;661;665;668;671;673;674;675;679;682;684;687;688;692;693;694;695;696;699;700;701;702;705;706;707;708;713;716;717;718;720;722;726;728;729;731;734;736;738;739;740;743;746;748;749;752;755;756;758;759;760;761;763;767;769;772;773;776;778;783;784;785;786;787;792;794;795;796;800;801;803;805;807;808;812;813;814;816;818;821;822;825;828;829;830;835;837;838;839;840;841;844;846;850;851;852;853;854;856;859;860;866;867;869;871;872;876;878;881;882;886;887;888;890;897;898;900;902;903;904;905;906;908;916;917;921;922;923;924;925;929;930;931;933;935;936;938;939;940;943;944;945;948;950;951;952;953;957;961;966;969;972;976;978;982;986;992;993;994;995;1000
488;1;2;4;6;7;10;12;13;15;16;17;20;23;24;26;29;31;33;34;35;36;37;38;45;51;52;58;59;60;61;62;65;67;68;70;76;79;80;81;83;85;86;87;95;96;97;99;103;104;106;109;110;111;112;114;119;124;127;132;135;136;137;138;140;143;144;145;146;147;149;150;151;152;153;155;157;158;159;161;162;171;172;173;176;178;179;181;183;184;185;186;188;190;191;193;194;195;197;198;200;204;205;208;209;211;212;217;218;221;226;227;230;231;232;234;236;238;239;240;241;244;245;247;248;249;251;252;253;254;256;257;259;261;263;264;268;269;271;274;275;278;282;283;284;286;287;291;292;294;299;301;306;308;310;311;313;314;316;325;326;327;329;330;331;332;333;334;335;338;342;344;349;350;351;353;354;356;358;359;360;366;368;370;372;374;375;376;377;378;379;380;383;384;388;390;391;393;395;397;399;401;402;407;409;412;413;414;420;422;424;425;427;428;429;431;432;433;434;436;437;438;441;442;443;447;448;449;450;451;453;457;459;460;462;463;464;465;467;468;469;471;473;474;475;480;481;483;484;485;489;490;491;492;493;499;500;502;503;506;511;512;513;514;517;521;522;524;525;528;531;532;533;534;535;537;539;543;545;546;547;550;551;552;553;554;555;558;559;560;563;564;566;568;569;570;571;573;574;575;576;578;579;581;583;584;586;588;589;590;591;594;595;598;599;600;605;606;610;611;612;613;616;617;619;621;627;634;640;642;644;645;647;648;651;653;658;660;662;663;664;668;669;676;679;682;684;689;691;692;693;702;704;705;706;709;710;711;712;716;717;718;719;720;722;724;726;728;732;735;738;740;741;744;745;747;748;749;754;755;756;760;761;762;765;766;767;768;770;772;773;774;775;776;777;780;781;783;784;787;789;794;796;798;799;800;803;804;808;809;811;813;816;818;819;822;829;831;832;833;834;839;840;842;844;848;849;850;851;852;855;856;857;858;860;866;868;869;870;872;874;875;876;877;880;882;887;889;890;891;894;897;898;899;900;903;905;907;908;915;916;917;920;922;923;924;925;926;929;930;935;937;941;942;943;945;946;947;948;952;957;959;961;962;963;964;965;967;968;969;971;972;973;976;977;978;980;982;983;984;986;987;988;989;990;995;996;999
489;1;3;4;5;8;9;12;14;15;19;20;23;24;25;27;31;34;37;38;44;45;47;48;49;54;55;56;58;59;60;61;62;64;65;66;67;72;73;74;75;76;77;78;79;80;85;86;89;92;93;94;95;97;100;102;103;104;105;108;109;110;111;113;114;116;117;119;120;121;128;131;132;135;136;138;139;140;142;145;146;149;150;151;154;157;158;160;162;165;166;169;170;172;174;176;177;179;181;182;183;186;189;193;196;198;199;202;207;210;211;213;214;216;217;219;220;221;223;224;226;227;230;233;235;236;238;242;245;249;250;252;253;255;257;258;259;260;261;264;265;266;268;274;275;276;277;279;280;287;288;292;295;298;300;306;310;311;313;314;315;317;320;322;323;324;326;331;333;336;340;342;343;345;347;349;351;352;353;354;355;356;357;359;361;362;365;366;369;373;374;377;378;379;381;382;384;385;386;387;389;395;397;398;399;400;401;402;406;413;419;422;424;427;428;430;432;437;438;441;442;445;446;447;449;451;453;454;456;457;458;462;463;464;465;466;468;472;473;474;476;478;479;482;483;484;485;487;488;490;491;492;493;494;500;504;505;507;510;511;512;513;516;517;518;519;522;524;525;528;529;530;532;539;541;544;546;550;551;553;555;556;562;563;565;568;571;575;578;580;581;582;584;585;586;587;590;593;598;599;603;604;608;609;610;611;616;621;622;623;624;625;626;628;629;630;631;632;634;636;637;638;639;642;648;650;656;657;659;660;661;665;666;670;671;672;675;679;683;684;685;689;690;692;696;697;701;702;703;705;706;707;708;709;710;713;715;716;717;718;720;724;726;727;728;729;732;733;735;739;741;744;748;750;752;753;756;758;762;766;767;769;773;774;776;777;778;780;781;782;784;786;787;789;790;792;794;796;797;800;801;802;803;804;806;810;812;813;814;815;818;823;825;826;828;829;833;836;838;839;840;842;845;847;848;849;850;851;854;856;857;859;860;861;866;868;869;871;872;873;874;875;876;877;878;879;881;883;884;887;888;889;891;894;896;897;898;899;900;901;902;905;906;909;910;911;912;913;914;915;916;919;922;923;926;928;929;930;931;936;937;942;943;944;946;947;948;949;950;955;956;957;958;961;962;963;965;968;970;974;975;977;978;979;980;982;983;986;988;989;990;992;993;994;997;998;999
490;1;5;10;11;12;13;16;18;22;23;25;26;31;32;33;35;37;41;44;47;48;50;52;53;54;55;56;58;59;60;64;67;68;70;71;73;75;76;77;79;82;87;89;92;93;94;95;96;100;103;107;109;111;112;113;115;117;118;122;124;128;131;132;134;136;137;138;139;141;142;143;144;145;148;149;150;151;152;154;155;160;162;163;164;165;167;169;171;175;176;177;179;181;182;184;188;189;192;194;196;197;198;199;203;207;209;210;211;212;218;220;221;222;230;233;234;236;238;239;240;242;243;247;248;249;253;255;257;258;259;261;263;266;267;272;273;275;277;279;280;283;284;286;287;288;291;293;296;298;299;301;308;310;312;316;322;324;327;329;333;334;335;336;337;338;340;341;342;343;344;345;347;348;349;352;354;358;359;361;363;364;367;369;370;371;374;376;377;379;381;382;383;384;386;387;390;395;399;400;401;402;403;405;409;411;412;413;414;415;417;418;422;425;426;431;432;435;439;441;443;445;449;452;453;455;457;459;460;461;463;464;465;466;467;468;469;471;472;473;475;479;480;481;482;486;487;488;489;491;492;496;497;500;502;503;505;506;507;511;512;514;515;517;518;520;522;524;528;532;533;535;536;545;547;548;550;551;553;554;556;557;558;560;564;567;569;572;573;575;576;577;578;583;585;586;591;592;595;596;597;598;599;601;605;606;607;609;612;613;614;615;617;619;620;621;622;624;625;627;628;630;631;632;633;636;637;638;639;640;641;643;644;648;649;650;654;655;659;661;662;663;665;667;670;676;677;679;681;683;685;687;688;690;692;693;694;695;696;697;698;701;702;706;707;709;710;711;713;716;717;719;720;721;723;724;726;728;729;730;731;735;736;737;739;741;749;750;752;753;754;757;758;761;762;763;764;772;773;774;779;780;782;785;786;787;790;791;793;794;797;798;799;800;804;806;807;808;811;812;814;815;817;819;821;822;823;824;825;827;830;831;832;833;839;841;842;844;845;846;847;849;852;854;858;862;863;865;866;867;871;872;874;877;878;880;882;883;884;885;886;887;888;890;891;895;896;901;902;903;904;905;906;908;911;913;914;915;916;917;918;919;921;924;931;938;943;944;945;946;950;952;953;954;958;959;962;963;965;967;970;972;974;975;976;977;978;979;981;982;983;984;986;989;990;993;995;999
491;1;3;11;13;17;21;23;24;25;27;30;32;34;35;36;41;49;50;51;52;53;57;60;61;62;64;69;71;74;77;78;80;86;87;90;92;94;101;103;104;106;107;109;123;129;131;133;135;136;137;142;143;145;146;155;156;157;159;160;168;170;171;176;177;178;180;183;184;187;188;189;190;191;192;197;198;200;202;204;206;207;210;212;213;214;216;217;218;219;221;222;226;228;229;230;233;234;235;237;244;246;247;248;249;254;256;259;265;270;272;274;278;280;281;282;284;287;289;290;291;293;295;296;301;303;307;308;310;312;313;314;316;317;318;319;321;324;326;327;328;329;330;331;332;333;338;341;343;344;345;347;348;350;351;355;356;360;361;362;363;369;371;373;375;376;377;378;379;380;382;383;384;386;388;391;392;393;394;399;402;403;405;406;415;417;418;419;421;422;423;424;427;430;432;433;440;445;446;449;451;452;455;456;457;458;460;461;464;465;466;467;468;470;471;472;473;474;475;477;479;481;483;484;486;487;488;489;490;493;499;501;503;504;506;507;509;510;515;516;517;523;524;527;529;530;531;533;534;535;538;539;545;548;549;550;554;556;558;560;561;563;565;566;567;568;571;572;575;576;577;578;580;581;582;588;592;595;596;597;599;601;602;603;604;606;608;610;613;614;617;620;621;624;627;629;630;631;632;646;648;650;652;655;657;660;662;663;664;667;669;670;672;673;674;676;677;680;682;683;684;689;690;691;692;693;695;696;697;702;704;705;709;710;711;712;718;721;724;726;727;728;729;731;734;737;739;741;743;744;745;749;751;754;755;758;759;760;761;764;766;767;768;770;771;772;773;776;777;778;779;780;782;783;784;785;786;787;790;792;795;800;801;802;803;806;807;809;810;811;813;816;817;820;823;824;827;832;833;835;838;843;846;847;848;849;851;854;855;856;857;858;863;864;865;868;869;873;875;881;882;884;885;886;887;890;891;893;895;896;897;901;904;906;907;908;910;911;914;916;917;923;924;926;927;928;929;931;932;934;938;939;940;943;944;947;948;949;952;954;955;956;959;960;961;965;967;973;974;976;977;981;982;983;985;986;988;990;992;995;996;997;1000
492;3;4;6;8;11;12;13;14;19;20;23;24;25;26;27;28;30;31;32;33;34;35;36;37;41;43;46;48;50;54;56;58;60;61;62;63;64;67;70;71;72;77;79;81;82;84;85;86;89;90;93;96;97;98;99;101;102;106;107;108;109;110;112;113;115;116;118;119;120;121;126;130;132;134;136;138;140;141;142;144;145;146;147;148;152;153;154;155;156;157;158;159;160;161;162;163;168;171;172;177;181;182;186;187;189;190;195;196;198;199;203;204;207;208;210;212;213;214;215;216;221;223;225;227;230;231;233;235;237;238;239;242;244;245;246;247;248;249;250;251;254;255;257;258;260;261;262;265;267;275;278;279;280;282;283;285;291;292;293;295;297;300;302;303;304;306;307;308;309;311;312;314;318;320;323;328;329;330;333;335;336;339;340;343;345;346;347;348;349;351;354;355;356;357;358;361;364;365;366;368;369;370;371;373;374;375;377;378;379;380;382;384;386;390;392;393;394;395;396;399;400;401;403;405;406;407;409;410;412;414;415;416;417;419;420;421;422;423;425;428;429;432;433;434;435;436;437;440;441;442;443;444;445;446;447;448;450;451;452;454;455;457;459;463;465;466;467;468;470;471;477;479;481;482;483;484;485;488;489;490;494;495;496;497;498;501;502;503;507;508;509;511;512;513;517;520;521;524;525;528;529;531;533;537;539;540;541;546;548;549;550;552;555;556;557;558;560;563;567;568;569;570;572;573;575;579;581;584;585;588;591;592;593;601;607;608;609;610;611;612;613;614;615;618;619;620;621;623;625;631;632;635;636;640;641;642;645;648;649;651;654;656;659;662;663;666;668;670;672;674;675;676;682;683;684;685;686;687;688;689;690;691;693;694;697;702;704;705;706;708;711;714;715;719;721;722;726;731;732;733;734;735;738;743;747;752;753;756;757;759;760;761;762;763;764;765;767;768;769;771;772;773;777;781;782;783;784;787;788;789;790;792;793;795;796;799;805;806;807;810;812;813;815;816;817;820;822;828;829;830;833;835;838;839;841;842;844;845;846;847;848;851;853;854;855;856;858;859;862;863;864;866;871;872;874;877;880;884;885;886;887;888;889;890;892;894;895;898;899;900;901;902;903;904;905;906;907;908;912;914;916;918;920;922;925;926;927;930;931;933;936;937;938;939;940;941;943;944;945;951;952;953;956;957;959;963;964;965;966;967;969;970;971;972;974;975;978;979;981;982;985;987;988;990;991;992;994;995;996;997;998;999;1000
493;1;2;3;5;6;8;9;11;12;13;14;15;17;19;21;22;24;25;26;27;30;31;35;37;39;40;42;43;45;47;49;51;54;55;57;58;59;60;61;63;64;65;66;68;71;73;76;79;83;84;85;86;89;90;91;92;94;96;97;100;101;103;104;109;110;113;114;117;120;123;125;126;132;133;134;135;140;141;143;148;149;150;151;153;155;156;164;167;169;172;174;176;180;182;183;186;187;189;190;191;194;197;199;201;202;203;204;206;207;209;210;213;214;217;219;222;224;227;229;233;234;235;237;238;239;241;242;243;245;247;251;253;254;255;257;260;263;265;269;271;272;273;274;278;280;281;284;285;287;290;291;295;297;301;302;303;305;306;307;308;309;311;312;313;315;316;317;318;319;320;323;324;326;329;334;335;336;337;342;344;345;346;347;349;352;353;357;358;359;360;361;363;366;368;370;371;372;377;378;379;382;383;384;391;393;394;396;401;404;405;407;408;409;410;412;413;416;422;424;426;427;428;429;430;431;436;438;441;442;448;449;450;453;454;456;457;458;461;463;464;465;467;468;469;471;476;477;478;481;482;486;488;489;491;494;497;498;499;502;504;505;508;512;516;518;521;522;523;529;531;535;538;539;544;545;547;548;549;551;556;557;559;560;561;563;565;566;567;569;576;577;578;581;583;584;586;588;591;592;593;595;597;598;599;600;602;610;613;617;618;619;621;623;624;626;627;628;629;631;632;636;638;639;641;643;644;647;648;649;650;651;654;655;657;658;660;663;665;667;670;671;677;679;682;683;684;685;687;692;693;696;697;698;702;703;708;710;711;712;714;717;718;721;722;726;732;734;735;736;737;738;742;744;745;747;748;751;752;756;760;761;762;765;770;771;773;775;777;778;779;781;782;783;787;788;789;790;791;792;793;794;796;797;798;800;802;804;805;807;809;810;811;812;813;816;817;819;821;824;827;833;835;839;840;842;844;845;847;849;855;858;860;861;862;864;871;872;873;875;876;878;880;881;882;887;888;889;893;894;895;898;902;904;908;909;910;911;913;915;919;920;921;926;928;930;932;933;936;938;940;943;945;949;958;959;961;963;964;967;968;969;972;973;974;978;982;983;985;986;987;988;989;991;992;995;996;997;998;999;1000
494;4;5;6;7;9;10;11;12;13;14;15;16;20;22;24;28;29;31;33;34;35;37;38;43;44;45;46;47;52;54;55;56;57;64;68;70;72;74;75;76;80;85;87;88;90;91;94;95;96;97;98;99;100;102;103;104;107;109;111;115;120;123;124;125;126;129;131;134;138;142;144;146;147;149;151;152;155;158;164;166;167;168;171;173;175;176;177;178;179;180;185;187;188;189;192;194;195;198;199;200;201;202;205;206;207;208;209;210;211;212;215;217;218;219;221;222;223;225;226;227;229;230;231;233;237;240;241;242;244;245;247;248;252;255;256;257;258;262;263;264;266;268;270;276;278;279;282;283;284;289;291;292;293;294;295;296;297;298;299;302;304;305;306;307;309;311;313;314;316;317;319;321;322;323;324;325;326;328;330;334;336;338;339;342;345;350;351;353;355;357;362;363;367;368;369;371;372;375;377;379;381;384;386;387;393;394;395;397;398;399;402;405;406;407;408;410;412;413;415;416;417;420;421;422;424;426;428;432;435;436;437;438;440;441;442;443;444;445;446;447;448;451;454;455;458;462;464;466;468;471;474;475;478;480;484;485;486;487;489;492;493;496;497;498;500;502;504;505;506;511;512;515;517;518;519;523;524;528;530;534;535;537;539;540;541;542;548;550;551;553;554;558;559;560;564;567;568;570;572;573;575;576;582;589;590;591;593;594;595;597;598;599;600;602;604;610;611;613;614;615;616;618;619;620;621;624;625;629;630;631;632;633;635;636;637;640;642;643;645;646;647;648;650;652;655;657;660;661;662;664;665;666;667;670;671;673;676;679;680;682;684;685;686;692;695;696;697;699;701;702;704;705;707;708;709;710;711;712;714;716;717;718;719;722;725;727;729;730;731;733;737;740;741;742;743;744;746;747;748;749;750;751;753;754;756;757;760;761;763;764;766;767;768;769;772;773;774;775;776;780;782;786;787;788;789;791;794;796;799;802;803;805;807;808;811;812;814;815;816;818;820;821;822;823;824;828;830;831;832;835;836;837;845;847;849;851;852;854;855;856;859;860;861;862;863;864;867;869;870;871;872;873;874;876;877;878;880;881;883;886;887;888;889;890;894;895;896;899;901;903;907;909;911;913;923;926;931;933;935;938;939;940;941;945;948;951;952;954;955;960;961;962;965;969;971;973;974;977;979;981;986;987;988;993;995;996
495;1;2;3;4;7;12;14;19;22;24;26;28;30;31;32;33;36;38;39;40;42;43;45;46;47;48;51;53;55;57;58;59;62;63;65;66;67;71;73;74;78;79;80;82;83;84;86;89;91;92;93;94;95;97;98;99;101;103;104;105;107;109;111;112;113;114;117;122;123;124;125;126;127;128;130;137;140;141;142;143;144;146;147;148;149;150;151;152;153;154;158;159;168;170;172;177;178;183;184;185;189;192;193;195;200;203;206;213;215;219;220;226;228;230;238;239;242;248;250;251;252;254;257;258;262;264;265;266;267;268;269;271;272;273;276;277;278;280;281;282;284;285;286;291;296;301;303;304;305;306;308;312;313;314;315;316;317;319;322;325;327;328;330;331;332;333;334;336;337;338;339;342;345;347;352;353;354;355;356;358;359;360;361;362;364;365;367;371;372;374;377;379;381;382;385;386;387;388;390;391;393;394;396;398;399;400;404;406;407;409;410;411;412;413;414;418;419;420;423;424;428;430;431;432;435;436;438;440;441;444;445;448;452;456;459;460;461;462;463;464;467;471;472;476;477;478;479;481;483;484;486;487;492;497;498;499;501;502;504;505;506;508;510;512;514;517;519;521;523;529;532;534;536;537;541;542;546;547;548;551;554;555;557;559;564;566;569;570;572;574;575;576;578;579;580;581;582;583;584;586;587;589;594;595;596;599;601;602;604;605;606;608;610;612;618;620;621;622;623;627;630;631;633;635;637;640;641;642;645;646;647;648;649;652;664;665;667;668;670;671;672;673;675;678;681;682;683;684;688;689;690;691;694;697;699;700;701;705;711;713;715;716;717;719;720;722;723;725;726;728;729;730;732;734;735;737;738;739;744;748;749;751;753;754;758;759;760;762;763;764;765;769;770;773;776;778;779;780;781;784;785;786;789;790;792;795;796;798;799;800;804;805;806;809;815;816;817;818;820;821;822;823;824;826;827;830;831;832;836;837;840;847;848;852;854;856;857;859;861;864;865;867;869;871;873;876;878;879;882;883;884;887;888;893;895;896;897;898;900;902;903;904;906;907;909;912;913;914;917;920;922;923;925;927;928;933;934;935;937;938;942;943;946;949;950;954;955;956;958;959;961;968;969;971;972;973;974;980;981;982;983;984;986;988;989;990;991;994;995;996;997;998;1000
496;4;5;6;7;9;10;13;14;15;16;17;19;20;24;26;28;31;34;35;36;37;38;39;44;45;46;47;48;49;51;53;56;58;61;66;67;71;72;74;75;76;78;79;82;83;89;91;93;95;96;97;99;100;101;102;103;104;106;107;108;115;118;119;120;122;127;129;130;131;138;139;141;144;146;147;149;150;152;154;155;156;157;160;163;165;166;168;171;172;173;175;176;180;181;184;186;187;188;189;190;191;192;194;195;196;200;201;202;204;209;210;212;214;215;216;218;221;222;224;226;227;228;232;233;234;236;237;239;241;244;245;247;249;250;254;259;262;264;265;266;268;271;272;276;277;279;280;282;284;285;286;289;290;291;292;294;295;296;299;300;301;303;308;309;310;311;312;313;317;320;321;322;327;329;330;331;332;334;336;337;338;340;341;342;343;349;351;352;356;357;358;359;360;361;364;369;370;371;372;381;382;387;389;391;392;394;395;396;399;400;401;405;407;408;409;413;415;417;419;422;423;426;427;429;430;432;434;437;440;441;442;445;446;448;449;450;454;455;457;461;463;464;469;471;474;478;480;481;482;483;484;486;490;492;494;499;505;506;512;513;514;517;518;519;524;525;526;528;535;536;537;538;539;543;545;546;549;554;558;564;566;568;569;570;571;576;578;579;580;583;585;586;589;591;592;594;596;600;602;603;604;608;611;612;617;618;619;620;621;626;627;629;632;634;639;640;641;643;645;647;648;652;659;662;668;670;672;673;675;677;679;683;685;686;688;689;690;692;694;695;701;708;709;710;711;712;713;715;717;720;721;725;729;730;732;735;736;739;741;745;747;748;749;750;751;754;758;760;761;764;766;767;768;770;771;772;773;774;775;777;782;783;784;785;786;787;788;793;795;796;798;800;802;804;808;809;810;815;817;819;822;824;826;827;833;834;835;837;843;844;847;848;853;856;857;858;859;860;861;864;868;876;877;879;880;882;887;889;891;892;894;895;896;897;898;899;903;904;905;906;908;909;912;913;919;921;923;925;927;929;932;935;936;937;938;940;941;943;944;946;947;948;950;951;953;958;962;967;969;970;971;972;974;980;984;988;990;991;992;995;996;1000
497;2;8;10;13;18;19;21;22;23;24;25;28;29;30;34;36;37;38;39;40;41;44;47;49;51;55;56;58;63;66;67;68;70;74;76;77;78;79;80;81;82;85;86;93;94;95;96;99;100;103;105;106;107;109;110;113;114;115;116;119;121;122;123;125;127;128;130;131;132;133;134;136;138;139;142;144;145;148;154;155;162;163;165;166;169;173;174;175;176;178;179;183;185;186;191;192;193;194;197;198;201;206;207;210;212;214;215;217;219;222;225;227;228;234;238;239;241;242;245;249;254;255;258;259;260;261;263;267;268;269;270;272;273;275;278;281;282;285;287;289;290;291;292;293;296;299;300;301;304;307;310;312;313;315;320;321;323;329;330;336;337;339;340;343;344;345;347;349;350;352;353;354;355;358;359;363;365;367;368;372;373;375;376;379;380;381;382;384;385;387;388;389;391;392;393;396;397;402;403;406;408;410;411;412;415;416;418;419;420;421;425;428;436;438;439;442;444;445;448;450;452;453;455;456;460;461;462;463;465;466;468;472;475;477;478;479;481;482;483;486;487;490;492;493;494;495;498;500;501;502;503;504;505;506;507;511;514;515;518;519;521;522;526;528;530;531;532;533;535;536;537;538;541;542;543;544;545;548;550;552;555;557;558;561;564;568;571;572;573;574;575;577;578;579;584;585;589;596;597;604;606;607;608;609;610;612;618;619;620;622;623;625;626;628;630;631;633;635;640;644;649;650;651;652;654;655;656;657;661;665;666;667;671;672;673;674;676;679;680;684;685;686;687;688;690;695;696;700;705;706;707;708;711;714;716;717;719;720;722;727;731;732;733;734;735;736;737;738;739;740;742;743;745;746;748;749;757;761;764;766;767;771;772;775;776;777;778;779;781;782;783;786;789;792;794;795;797;801;802;803;804;806;807;811;814;817;819;820;821;822;825;831;832;834;835;840;843;844;845;848;849;850;851;852;853;854;858;863;865;866;868;871;872;873;874;877;878;880;881;886;888;889;890;891;892;894;898;899;900;901;904;905;906;907;908;909;910;914;918;920;921;924;926;929;932;933;935;939;940;942;943;947;949;953;955;957;962;967;969;971;972;973;974;975;977;978;979;980;981;983;986;987;990;991;992;994;999
498;1;2;8;9;11;12;13;14;15;16;18;19;20;22;24;25;26;27;29;32;38;43;44;46;47;48;53;55;56;57;60;61;63;67;72;73;74;77;80;82;83;85;86;88;92;94;96;98;102;103;105;112;113;114;115;117;120;121;124;125;127;130;131;133;134;135;137;140;141;145;146;147;148;149;150;151;152;153;154;157;158;159;164;165;166;167;171;172;174;175;178;179;181;184;185;186;188;189;190;193;194;195;196;198;199;200;201;202;203;206;207;214;215;216;217;219;224;226;228;229;230;231;233;234;235;236;240;241;244;245;247;248;254;255;260;261;262;269;270;273;274;275;278;279;280;281;283;284;285;287;288;291;292;293;294;295;296;298;299;303;308;311;312;313;314;315;316;317;318;322;324;325;327;328;331;334;335;345;349;351;352;353;354;355;357;361;362;365;367;369;373;376;377;378;383;384;390;391;396;398;400;401;403;407;409;412;416;417;422;426;427;428;431;432;433;438;441;443;448;451;454;455;456;460;462;469;470;473;475;478;479;480;485;486;487;492;493;494;495;497;499;500;501;503;506;509;510;511;513;514;515;519;520;521;524;526;527;528;532;534;536;539;543;544;545;546;548;549;552;553;556;559;561;563;566;567;573;575;579;580;582;585;586;587;588;589;590;594;595;596;597;602;605;608;610;612;614;615;619;620;622;624;625;626;628;629;630;634;639;640;641;642;647;649;650;651;652;653;654;656;658;662;663;664;669;670;673;674;675;676;677;678;679;680;681;683;684;688;690;692;693;696;697;698;699;703;704;706;707;708;709;710;713;714;715;716;722;723;727;728;730;731;733;735;736;737;741;742;743;749;754;755;756;758;763;767;769;770;774;775;780;782;785;788;789;790;793;794;795;799;800;802;804;805;807;809;811;812;813;818;821;822;823;824;826;827;830;833;834;836;837;838;839;841;843;844;845;848;849;851;853;856;858;862;863;865;866;869;873;875;876;878;880;881;884;886;888;889;890;894;895;896;899;900;902;903;908;910;911;915;916;917;919;920;923;924;927;928;929;931;932;933;934;935;937;938;939;943;946;948;949;950;951;952;953;955;957;958;960;961;962;963;964;966;967;968;969;972;974;975;976;977;980;981;982;987;988;991;994;1000
499;2;3;4;5;6;8;10;13;16;20;27;28;29;35;36;37;39;40;41;44;47;49;51;54;59;60;62;63;64;67;68;73;77;78;83;84;85;86;93;94;102;103;104;105;109;112;114;116;119;123;124;125;126;127;128;129;131;132;135;138;140;145;146;147;148;150;153;155;156;158;159;160;162;163;165;170;172;173;174;176;178;179;182;186;187;192;193;195;196;197;199;200;202;205;206;209;212;213;215;216;219;220;221;223;225;226;227;228;229;230;236;237;240;245;251;252;253;257;259;260;264;267;268;270;272;273;274;276;278;279;282;286;287;289;291;292;294;295;298;300;302;303;304;308;309;310;311;313;318;319;320;321;322;325;326;327;328;329;331;332;336;337;338;340;341;343;344;345;347;349;352;355;358;359;361;362;364;367;370;371;372;373;375;376;377;381;382;384;385;386;388;389;394;395;397;399;402;403;405;408;410;413;414;415;417;418;422;423;424;425;431;433;434;438;441;443;445;446;448;449;450;451;453;454;457;458;460;461;462;463;464;466;467;470;474;476;480;481;482;488;491;493;495;496;498;501;503;504;505;507;510;516;518;521;522;523;525;527;530;534;535;536;537;538;540;541;544;545;549;551;561;563;564;566;568;569;570;572;575;577;579;580;582;584;585;586;589;591;593;596;598;600;603;604;605;608;612;616;617;619;625;629;631;633;635;637;639;641;643;644;645;646;649;650;654;657;659;662;663;664;665;671;672;675;682;684;685;687;691;694;696;698;701;703;704;708;709;710;711;712;714;716;717;718;719;720;723;724;731;732;733;735;741;742;743;745;748;753;754;755;757;758;759;761;762;764;765;766;767;768;769;770;772;773;775;777;778;779;781;782;784;786;787;788;789;790;792;793;797;798;805;807;808;809;812;813;815;817;818;820;824;825;826;828;830;832;833;834;836;838;839;842;844;847;849;850;851;853;854;855;858;859;862;863;864;866;867;868;871;873;880;882;884;885;888;889;891;892;893;895;897;898;899;901;902;903;906;908;910;911;912;916;920;921;922;931;933;936;939;940;943;944;945;946;948;949;950;953;954;957;958;960;961;964;966;970;972;974;975;977;979;980;982;984;985;986;990;997;998;999
500;1;2;4;6;8;9;10;11;12;14;15;16;18;21;22;25;26;27;29;30;32;33;34;37;38;39;40;43;46;47;50;51;52;54;56;58;61;62;63;64;65;68;69;73;76;77;78;81;82;85;87;88;89;90;94;95;96;102;107;110;111;113;114;116;118;121;122;128;129;131;134;135;138;142;145;146;147;148;149;151;156;157;158;162;163;165;170;172;173;174;175;176;179;181;183;185;186;187;188;189;190;195;197;198;199;203;205;206;208;209;212;213;215;217;219;220;221;224;228;230;231;236;238;239;240;241;243;245;247;248;249;250;251;252;253;254;256;258;259;261;262;263;265;266;268;270;271;272;273;274;275;280;281;282;284;289;293;295;296;301;303;305;307;308;309;310;312;314;315;317;318;320;321;322;324;330;331;333;335;338;339;340;347;348;350;352;354;356;363;364;365;366;367;368;369;371;372;373;374;377;378;380;383;384;385;391;392;397;398;399;403;407;409;410;412;413;414;415;416;420;421;423;424;425;427;430;431;435;437;439;442;443;444;445;446;448;449;451;456;457;458;459;462;463;464;465;467;469;470;475;477;479;480;482;484;485;486;487;488;489;490;494;497;498;501;503;507;509;511;512;513;517;519;520;521;524;527;530;531;532;533;537;539;540;541;543;548;550;552;553;554;556;557;560;561;562;563;564;569;575;576;577;582;583;586;587;588;589;591;594;595;596;598;601;602;606;609;613;618;620;621;626;627;629;632;633;635;637;638;639;643;645;646;648;649;650;651;655;656;657;658;659;661;662;664;665;666;667;668;670;672;673;675;676;679;680;684;687;688;690;691;692;696;701;705;706;710;711;712;713;714;715;717;718;719;720;723;724;726;728;733;735;736;737;738;740;741;742;744;745;748;749;750;751;752;754;755;756;757;763;766;772;774;775;776;777;778;779;782;783;785;788;789;794;795;796;799;801;802;804;811;813;815;820;821;822;824;825;826;832;835;839;840;841;844;846;848;849;850;851;852;854;856;859;860;862;864;867;868;870;871;874;875;876;879;881;883;884;885;887;888;890;894;897;900;901;903;904;907;908;909;910;913;922;924;925;927;931;932;933;934;935;937;941;943;947;949;954;955;956;959;960;962;963;966;969;970;971;977;979;981;982;983;985;986;988;992;993;994;995;997;998
501;1;2;3;6;7;8;9;11;13;15;18;20;22;23;24;26;27;28;33;36;37;41;45;46;48;49;50;55;59;62;64;65;68;69;71;72;73;74;78;79;83;85;87;95;99;104;106;107;111;115;116;118;119;124;126;127;130;131;132;133;136;139;140;142;144;146;147;148;151;153;154;156;161;166;167;168;171;173;174;175;176;177;178;179;182;184;186;187;188;190;191;192;193;194;195;199;200;201;204;205;207;213;217;220;221;223;225;227;229;230;231;232;233;234;236;237;238;241;242;243;245;248;252;254;255;256;257;258;259;261;262;263;266;269;270;272;273;275;276;279;280;287;289;291;292;295;302;303;304;310;312;313;315;316;317;318;321;323;324;326;327;329;330;333;335;336;337;345;346;348;349;350;352;354;355;356;358;360;361;362;364;365;366;367;369;372;373;374;375;377;378;379;380;382;384;385;389;392;395;396;398;402;404;405;407;408;409;410;413;414;417;418;419;421;422;425;427;430;431;432;433;434;436;439;440;441;445;446;450;451;452;453;454;460;461;463;464;465;466;467;468;469;471;472;473;474;475;476;478;479;480;481;483;485;486;487;491;492;495;497;498;499;500;502;503;504;505;506;509;510;512;514;517;519;520;521;522;523;526;527;528;529;530;532;533;535;536;538;539;540;544;546;547;548;551;554;555;556;557;558;559;562;563;564;565;566;568;570;572;573;574;575;577;578;580;585;587;588;589;590;593;594;595;596;599;600;602;603;604;607;608;609;611;614;616;618;619;620;621;623;624;625;629;632;635;636;637;638;640;641;642;645;646;647;648;650;651;656;659;662;663;665;667;668;669;670;671;673;674;676;679;680;685;687;690;691;692;693;695;696;697;700;703;705;707;708;709;710;711;714;715;716;720;721;726;727;728;729;730;731;732;734;737;741;745;746;747;748;751;756;757;758;759;760;763;764;766;767;768;770;771;773;774;775;776;777;779;780;784;785;786;788;789;796;799;800;806;807;808;810;811;816;817;819;820;821;823;824;825;829;837;840;841;842;843;845;848;849;852;855;857;858;859;860;864;868;869;870;871;873;874;876;881;883;884;885;886;887;891;892;894;895;896;898;903;906;907;908;912;913;917;918;919;921;922;923;924;926;928;929;930;932;933;936;942;943;949;950;954;956;957;958;959;960;962;964;966;967;969;970;971;972;974;977;978;979;981;982;983;987;989;990;991;992;993;995;996;998;999;1000
502;2;3;5;6;7;10;12;15;16;18;20;21;22;24;25;26;27;32;33;35;36;37;42;44;49;50;53;54;55;59;60;65;67;68;70;71;73;74;75;76;81;82;89;91;95;96;97;98;101;105;107;109;110;111;112;113;114;115;117;121;123;124;127;131;132;134;138;141;142;143;144;147;148;149;150;151;153;155;157;158;160;162;163;165;166;167;168;169;170;171;173;175;179;183;184;186;188;190;192;193;194;196;197;198;199;201;205;206;207;210;213;214;215;216;217;219;220;224;226;228;230;231;234;235;236;237;238;239;243;244;245;246;250;253;257;258;259;260;261;262;263;264;265;267;270;274;276;277;279;280;283;284;285;286;288;290;294;302;303;304;305;307;308;310;312;315;316;318;319;321;325;331;332;333;339;341;342;344;345;347;349;350;351;352;354;358;359;360;361;362;363;366;367;368;369;370;372;373;378;384;386;387;388;395;396;400;401;402;405;406;407;409;411;413;414;415;418;419;421;422;424;425;426;427;430;431;432;433;437;439;444;446;450;460;461;462;464;466;468;471;473;476;477;478;485;486;487;488;490;492;493;494;495;497;501;503;506;507;511;512;513;514;515;516;518;519;520;524;529;531;532;537;538;540;542;545;549;550;551;552;553;558;559;560;561;562;565;567;568;570;572;574;576;577;578;584;586;587;588;590;592;595;596;597;599;600;604;605;606;607;608;609;616;617;618;620;622;625;626;627;631;634;635;636;637;639;644;649;650;652;655;658;662;665;666;668;675;676;678;684;686;689;692;695;698;699;702;703;705;706;709;710;712;713;715;718;719;720;721;724;725;730;731;733;734;736;738;743;745;747;748;749;750;751;752;753;754;757;759;761;763;765;766;769;770;771;773;775;778;779;780;781;782;784;788;790;791;792;795;796;799;803;804;810;812;816;817;818;826;827;828;831;832;833;837;839;840;841;842;844;848;849;850;851;853;854;857;861;862;863;864;865;867;869;871;872;873;874;882;885;887;889;890;892;894;895;896;897;899;900;902;903;904;909;911;912;915;916;917;918;921;922;924;927;928;929;932;934;935;936;937;940;941;945;946;948;949;952;955;956;958;961;963;965;966;967;980;986;987;988;990;991;992;993;995;998;1000
503;1;2;3;4;6;9;10;11;12;13;14;16;17;21;22;24;26;31;33;40;43;45;47;48;57;60;61;65;67;68;70;71;76;79;80;82;83;85;87;90;91;94;95;96;98;100;103;104;105;106;108;109;110;111;114;118;122;123;124;127;128;129;132;133;134;135;137;139;140;142;143;144;148;149;150;154;156;157;158;161;162;163;165;166;167;168;178;180;184;186;187;189;190;194;196;197;198;200;201;203;204;208;212;213;214;216;218;219;220;226;227;229;235;236;239;240;241;242;243;245;250;252;257;258;261;270;271;272;273;274;276;277;279;280;282;284;292;293;298;300;301;302;303;304;305;306;307;308;309;310;313;317;319;320;323;327;328;329;330;331;334;335;337;338;340;343;345;350;352;355;358;359;361;365;368;369;370;371;372;374;378;379;383;384;385;386;388;389;390;392;393;394;395;396;398;399;400;401;402;403;404;406;407;408;409;412;415;417;419;424;425;428;429;430;431;432;433;434;435;438;440;442;443;444;445;449;450;451;452;455;457;458;459;461;464;465;466;467;468;469;470;471;472;473;474;475;476;479;482;488;490;491;492;497;498;499;500;501;502;504;506;507;508;509;510;511;513;515;517;518;529;530;531;533;535;539;540;543;544;545;546;548;549;551;552;555;556;557;558;559;564;565;568;569;572;574;575;576;578;580;581;583;584;586;588;594;596;597;602;603;605;606;607;608;609;611;612;613;614;615;616;619;622;623;624;625;626;627;628;629;631;633;634;638;639;640;644;646;647;648;649;650;651;654;655;656;658;660;662;665;666;676;677;679;680;683;686;687;689;691;692;693;694;696;697;700;703;707;708;712;714;720;721;722;726;727;731;735;739;744;745;750;751;756;758;762;765;768;769;772;778;779;781;782;784;785;787;791;792;794;797;798;800;801;802;803;807;809;811;813;814;815;817;820;821;822;825;826;827;836;839;840;841;842;843;844;851;853;854;856;860;862;864;866;867;868;871;872;873;876;882;883;884;885;888;890;893;894;895;896;897;901;903;908;910;911;913;914;915;917;918;919;922;923;924;925;928;931;934;935;938;947;948;949;950;952;954;955;957;958;962;964;966;967;969;970;972;973;977;982;983;988;990;996;999;1000
504;1;3;4;6;8;9;11;12;14;15;17;19;21;26;27;28;35;39;40;49;51;54;58;59;62;63;64;65;66;67;69;70;72;75;77;79;81;82;83;89;90;91;92;94;97;98;104;105;107;113;116;119;121;122;124;125;131;133;134;135;138;139;140;144;145;150;152;153;159;162;164;166;168;169;171;174;177;178;181;182;183;184;185;190;192;195;199;200;201;203;205;206;207;210;211;212;214;215;216;218;219;220;223;224;226;228;229;230;231;233;235;238;240;241;242;243;245;246;247;248;249;252;253;255;257;260;264;265;266;270;271;272;277;279;281;283;285;288;289;291;292;293;294;295;297;298;299;300;302;304;306;308;311;312;313;314;315;317;319;321;322;323;325;327;328;329;330;331;332;333;334;335;336;341;342;343;345;347;349;351;352;353;357;358;359;362;363;365;366;367;369;371;374;375;376;377;378;379;382;383;386;388;389;391;396;401;406;407;408;409;411;413;414;415;417;418;419;420;421;423;424;425;429;430;431;432;435;438;439;449;450;454;455;456;461;463;465;467;470;472;480;481;485;486;489;491;493;494;495;497;499;501;503;505;506;507;509;514;519;522;523;524;529;530;533;534;536;538;542;543;544;546;549;550;557;559;561;562;565;567;568;569;570;573;575;576;578;584;585;586;592;594;595;596;599;600;601;602;603;604;612;613;614;616;617;618;619;620;622;623;627;630;631;633;634;635;637;638;641;642;643;645;646;647;649;650;651;652;654;657;659;665;666;668;669;672;673;675;677;679;680;681;683;688;689;696;697;698;701;702;703;705;707;708;709;710;711;715;716;719;721;722;723;724;726;727;733;734;735;736;737;741;742;744;745;746;747;750;751;753;755;756;759;763;764;767;771;772;774;775;776;777;782;783;786;788;789;792;793;798;799;800;802;803;805;812;813;815;816;817;820;821;822;823;825;830;835;836;837;838;843;844;845;847;849;850;853;856;858;859;861;863;866;868;869;870;871;872;874;876;877;878;879;885;886;894;895;901;904;909;910;912;914;919;920;922;924;926;930;932;934;936;937;938;939;940;941;944;947;951;952;956;957;961;962;963;965;967;971;972;977;978;981;983;984;985;986;987;988;989;991;992;994;995;997;998
505;1;6;7;8;10;13;14;15;16;17;18;20;22;25;26;28;29;30;31;32;33;34;36;37;39;43;44;45;59;60;62;64;71;73;74;75;76;77;79;81;84;91;96;97;98;99;104;105;108;110;111;112;113;114;115;118;119;120;122;123;127;131;136;138;141;142;143;145;150;151;153;155;156;157;158;160;164;165;166;167;171;172;173;176;177;178;179;183;184;185;190;191;194;195;196;197;199;200;203;204;206;212;213;214;215;217;218;219;220;221;224;228;233;234;235;237;239;250;251;252;253;255;259;260;262;266;267;268;270;271;274;276;280;291;294;297;298;302;303;305;306;307;308;309;313;314;315;316;317;318;319;320;321;322;323;328;329;330;332;333;334;336;341;344;345;348;349;352;356;362;363;364;365;367;376;377;379;380;381;384;385;386;388;392;393;394;395;396;397;400;405;406;408;409;411;418;420;421;422;423;424;425;428;432;433;434;435;437;440;441;442;443;444;446;448;451;452;454;455;456;459;460;462;464;469;478;479;480;482;487;489;490;493;494;495;496;497;499;501;504;506;509;513;515;516;517;520;521;522;524;525;527;529;531;532;533;534;535;536;537;539;542;544;545;548;549;551;553;554;556;557;558;559;560;562;567;569;574;576;577;580;581;582;584;586;588;589;590;591;593;596;598;600;601;607;609;610;612;615;616;618;619;620;624;625;626;629;631;632;635;636;641;642;643;645;647;649;650;652;654;655;659;662;664;665;667;669;670;673;675;681;682;683;684;689;691;692;693;695;696;698;699;703;704;710;711;712;714;715;717;721;722;726;727;731;733;736;737;741;744;748;753;755;756;757;760;762;763;764;765;766;767;773;774;777;780;781;783;784;785;788;792;796;797;798;799;800;801;803;804;807;809;812;815;816;817;824;825;826;828;829;832;833;835;836;837;839;842;845;850;851;854;855;857;859;864;868;870;871;873;874;875;876;882;884;885;886;887;888;889;892;893;897;901;903;904;906;907;908;911;914;915;916;920;922;923;925;926;928;931;933;938;942;943;944;945;946;948;956;961;964;965;967;970;971;974;975;976;978;980;981;983;984;986;987;990;992;993;994;995;997;998;999
506;1;2;5;6;7;9;10;14;16;18;23;27;29;30;31;32;34;36;37;40;42;43;44;46;47;48;51;52;53;55;57;58;61;63;64;65;66;68;74;75;76;77;78;79;83;85;86;90;91;92;93;95;96;97;98;99;100;109;111;114;115;116;118;120;121;122;124;127;128;129;130;131;132;136;137;138;140;143;144;148;150;151;153;156;157;158;159;164;165;168;169;171;177;178;180;183;185;189;191;192;193;195;196;200;201;202;203;206;209;212;213;214;215;217;218;219;220;221;224;225;230;234;235;237;238;241;245;247;248;249;257;261;262;267;268;269;270;274;275;277;279;280;282;284;285;286;288;292;293;294;296;297;298;302;304;305;307;308;311;313;316;317;318;319;322;323;324;325;328;330;331;332;333;334;335;336;337;338;340;342;344;347;348;350;352;353;356;359;362;363;365;366;367;374;376;378;380;382;384;385;387;394;397;401;402;406;407;409;410;411;412;414;415;417;419;421;423;426;427;428;429;431;432;433;435;437;438;439;442;443;445;446;447;448;449;450;451;452;453;456;457;458;460;461;462;464;468;470;476;477;478;481;482;483;484;487;488;490;491;494;495;496;497;498;501;502;503;504;505;509;510;512;514;517;518;521;522;525;527;529;531;532;534;536;538;541;545;546;548;549;555;556;557;558;560;561;564;565;568;569;570;571;572;573;575;577;580;581;582;584;585;590;593;595;596;597;600;601;602;604;605;607;609;610;611;613;614;617;619;620;621;623;624;625;631;632;636;638;641;642;645;646;650;651;652;654;655;657;658;659;660;661;662;663;664;667;670;676;678;680;683;684;686;687;692;694;696;697;699;701;704;708;713;717;719;720;721;724;725;732;734;735;736;738;741;745;746;754;755;756;759;760;761;762;764;765;766;767;768;770;772;773;775;778;780;782;783;784;788;790;792;796;798;801;802;805;807;808;809;811;814;818;819;820;821;824;825;826;828;829;835;836;838;839;843;844;846;849;850;853;854;855;856;858;859;860;861;862;866;868;871;872;876;877;879;885;891;893;895;896;899;901;902;904;905;906;907;911;915;916;917;919;920;921;922;924;925;930;931;932;933;937;939;941;942;943;945;950;951;954;955;957;960;962;964;965;968;969;970;972;973;975;978;980;982;984;986;987;988;989;990;992;994;999
507;4;6;7;9;11;13;15;18;20;22;23;25;28;32;35;36;37;38;42;44;45;50;51;52;53;54;57;58;59;62;63;65;66;67;68;72;74;75;76;81;82;86;95;97;98;105;106;107;108;109;110;111;117;118;119;122;124;125;126;128;132;136;137;139;140;142;144;145;149;151;152;156;157;160;163;166;170;172;173;179;182;183;184;186;189;190;191;194;195;196;197;201;204;206;210;211;212;213;218;219;222;223;225;226;227;229;230;231;233;235;236;237;242;243;244;247;248;251;258;259;260;262;264;265;270;271;272;275;276;277;278;279;281;284;285;286;288;290;291;292;293;294;295;298;299;300;301;303;305;307;309;310;315;316;320;323;325;327;328;330;331;334;335;340;341;344;346;347;350;352;353;354;355;356;357;359;364;368;369;372;374;375;378;379;381;386;389;393;395;396;397;399;400;404;406;407;408;411;412;414;418;421;425;427;428;429;430;431;433;435;440;441;444;445;446;447;448;449;450;451;459;463;468;469;473;475;476;477;479;480;486;489;490;491;492;497;499;500;502;503;504;508;511;514;516;517;524;525;529;530;531;534;536;539;540;543;546;547;552;553;555;557;561;562;565;566;567;569;570;571;572;573;575;576;580;581;586;589;590;591;594;596;598;599;601;603;606;607;608;609;611;613;618;620;622;625;626;627;630;634;636;641;643;644;647;649;650;651;652;654;655;656;658;660;662;665;667;670;671;672;673;674;677;678;679;680;681;683;684;686;687;688;690;691;692;693;694;695;696;697;698;701;702;704;705;707;708;709;710;711;714;715;716;718;719;720;721;723;729;732;733;734;736;737;740;741;745;746;747;750;753;756;757;760;761;767;769;771;773;775;778;780;781;785;786;787;788;790;791;799;800;801;802;803;804;806;807;809;812;815;816;820;821;822;823;828;831;833;835;836;837;840;845;846;847;849;850;852;854;855;857;859;864;868;870;875;876;877;879;881;884;885;887;888;889;890;892;893;894;895;898;899;901;902;904;908;909;910;911;915;916;919;920;922;923;927;929;931;933;936;937;939;940;942;943;944;952;953;956;957;958;959;964;968;970;972;973;974;975;976;977;979;981;984;986;990;991;992;994;998
508;1;2;4;5;6;8;10;12;13;19;21;22;23;26;27;29;30;32;35;37;38;40;41;42;43;44;45;46;47;48;49;50;51;52;55;56;57;58;64;69;74;75;76;77;78;79;82;83;84;85;87;89;91;92;93;96;97;100;101;102;103;104;108;110;112;114;116;117;118;120;121;122;125;126;128;130;131;132;133;137;138;140;141;142;145;146;147;148;151;153;160;163;164;165;168;169;174;175;181;182;183;184;190;192;197;198;201;202;203;204;205;207;209;210;218;224;225;226;230;231;232;233;234;235;240;243;244;245;248;249;251;252;253;254;255;258;262;263;267;269;272;280;283;284;286;289;290;295;296;298;299;303;305;312;313;317;318;323;325;327;333;336;338;339;340;343;345;347;348;351;352;353;356;358;361;366;367;368;369;370;371;372;374;375;376;377;378;379;381;382;383;388;389;391;394;395;397;401;402;403;408;411;413;414;415;417;420;421;422;423;424;425;428;429;431;433;445;446;447;449;450;452;454;455;458;460;461;462;465;469;470;471;472;474;475;476;477;479;482;483;487;492;493;495;503;507;509;510;511;513;514;517;518;519;520;521;523;525;527;528;532;537;538;541;542;543;546;547;548;549;550;553;555;556;557;561;572;573;576;578;582;585;587;591;594;598;600;601;604;605;608;613;617;618;621;622;624;625;626;627;629;632;636;637;638;639;640;643;645;650;652;654;655;658;661;663;664;671;672;673;675;676;677;681;684;685;686;687;688;689;691;693;694;696;697;699;700;701;703;704;705;712;713;717;718;719;720;723;724;725;726;728;729;730;731;732;733;736;737;739;740;748;749;750;751;752;753;757;768;770;775;777;781;785;790;791;792;795;798;801;802;803;804;805;806;807;808;810;812;815;817;819;822;824;825;826;828;829;831;832;833;834;837;838;839;843;844;848;849;850;851;852;853;854;858;859;860;862;863;866;872;875;876;880;881;883;889;893;894;896;898;899;900;902;904;905;906;907;909;911;913;914;915;916;917;918;923;924;926;928;929;935;937;938;939;940;942;943;945;949;950;951;954;958;959;960;961;962;963;964;967;968;969;975;977;979;980;981;982;983;985;988;989;992;994;995;997;998
509;2;3;4;7;8;9;12;13;14;15;16;19;22;27;28;29;36;40;44;45;48;49;51;57;58;61;63;67;70;71;73;74;75;76;77;80;81;87;89;92;93;95;96;98;100;101;103;105;111;114;115;120;125;127;128;130;131;132;133;134;136;137;138;139;140;141;144;145;147;150;151;152;154;156;160;161;162;164;168;170;171;174;175;177;178;180;183;184;185;187;188;191;192;193;194;195;199;203;204;205;212;213;214;215;217;218;219;220;222;226;228;229;230;232;234;237;240;242;244;247;249;250;252;254;256;257;258;260;261;263;267;270;271;272;274;275;276;278;279;281;285;287;291;292;293;294;295;296;297;303;307;310;312;314;317;318;319;322;328;329;331;332;333;335;338;339;342;343;344;345;348;350;351;352;354;355;356;361;362;363;364;369;372;373;376;382;383;384;385;388;391;392;393;395;396;397;399;401;403;406;407;408;410;419;421;423;425;426;427;430;437;438;439;442;443;446;447;448;449;450;454;456;460;461;464;466;468;469;473;474;476;477;479;482;485;486;491;492;498;500;501;503;504;505;506;508;510;512;517;519;520;524;527;532;534;536;537;538;539;542;544;545;546;547;549;552;553;554;555;559;562;563;564;566;569;571;573;577;578;579;580;581;583;586;590;593;597;600;602;603;604;609;614;615;619;620;622;624;626;627;628;630;631;635;640;641;643;645;647;648;649;656;658;659;660;662;665;666;667;668;669;671;672;675;676;677;678;680;681;682;683;684;686;688;690;691;693;695;696;699;700;701;704;707;708;710;711;713;714;716;720;721;722;725;726;729;730;734;736;737;740;742;743;746;747;748;749;750;758;759;761;763;765;768;772;775;778;780;781;783;785;786;791;792;793;794;795;796;799;801;805;806;809;810;815;816;817;823;826;827;831;834;840;841;844;845;846;847;849;850;855;857;859;860;861;862;864;865;866;867;872;873;878;880;882;883;884;886;887;889;890;891;894;895;896;898;899;903;904;906;907;910;913;915;916;917;919;920;922;923;924;925;926;928;929;931;932;935;937;939;944;947;949;951;952;954;959;960;964;965;968;970;973;975;978;979;982;987;989;990;992;994;998
510;1;3;4;5;8;10;11;20;22;23;27;30;31;32;33;34;35;37;38;41;42;43;45;46;49;50;52;55;56;57;59;71;73;75;76;78;81;84;87;89;91;95;105;106;111;117;120;125;133;134;135;138;139;141;142;143;145;146;151;153;155;157;158;161;162;164;167;170;171;173;176;177;178;179;181;182;184;186;189;192;201;202;203;204;206;212;213;217;219;221;222;223;225;226;227;228;230;233;236;237;241;242;243;246;248;249;251;254;255;256;257;261;264;266;267;272;273;274;276;277;280;282;283;284;285;286;289;293;294;298;299;301;303;306;307;308;309;310;311;314;315;316;317;320;321;322;325;327;329;330;331;332;333;341;342;344;345;347;349;350;352;354;355;356;357;359;360;361;362;363;368;372;373;377;378;380;385;392;393;396;399;401;402;403;406;407;416;417;420;421;423;426;430;431;433;434;439;442;443;444;446;449;450;452;453;455;456;457;458;460;461;465;469;471;474;482;483;489;491;495;498;499;501;503;506;508;509;511;512;513;514;515;516;519;520;521;523;527;528;529;530;534;535;536;538;540;541;542;544;545;546;547;549;551;555;556;558;560;561;567;568;573;574;575;578;583;586;588;589;591;592;593;594;597;598;599;601;602;604;608;609;611;612;613;615;620;625;629;630;637;639;640;641;642;643;644;645;646;647;648;649;650;651;652;653;655;656;661;662;668;670;671;674;677;678;681;682;691;697;700;704;708;712;714;715;719;720;721;722;723;725;726;727;730;733;737;739;742;745;746;747;748;756;759;760;763;765;766;767;770;772;777;779;780;781;785;786;787;790;791;794;795;798;799;800;801;802;805;808;809;810;813;816;819;821;822;824;828;829;832;835;837;838;839;840;841;846;850;851;854;855;856;857;858;859;860;861;862;863;864;865;867;872;875;876;877;878;881;882;883;891;893;894;895;896;897;898;900;901;902;904;905;907;908;910;911;914;916;917;918;920;921;922;923;926;928;929;931;935;939;940;942;944;949;950;951;954;957;959;960;962;963;964;965;966;967;968;969;970;974;976;977;982;983;986;988;989;992;993;995;996;998
511;1;3;5;10;12;13;16;17;23;24;25;26;30;31;33;34;35;36;39;41;43;44;49;50;51;52;55;57;58;59;62;63;66;71;73;74;75;79;81;85;86;87;88;89;90;91;93;95;96;98;99;101;102;104;105;108;110;112;113;114;115;116;122;123;124;125;127;128;129;131;132;140;141;142;144;146;148;149;151;152;154;157;158;159;160;161;165;166;168;169;170;172;174;175;176;177;178;179;180;182;185;187;189;193;194;195;196;197;199;200;202;204;206;208;210;212;215;217;219;220;221;222;223;225;231;233;234;237;238;239;240;242;245;247;250;252;254;255;256;257;258;260;262;264;266;268;272;275;276;278;279;286;293;295;296;298;299;300;302;303;305;306;309;310;317;318;319;320;326;330;331;336;338;342;346;348;349;350;352;353;354;355;356;357;358;361;362;364;365;366;367;368;369;370;371;372;373;374;379;380;382;384;386;387;388;392;393;394;396;398;400;401;403;404;405;406;407;412;413;414;416;417;418;419;420;421;422;426;430;433;441;442;445;446;448;451;452;457;458;464;467;473;475;476;477;481;485;486;488;489;490;492;494;497;498;500;502;503;507;508;510;513;519;523;524;526;531;532;535;538;542;544;547;549;550;552;553;555;557;560;563;565;566;568;569;571;572;575;576;577;579;581;583;585;586;587;590;592;593;594;595;596;597;598;600;602;603;605;611;615;616;618;619;620;621;628;630;632;633;634;639;643;644;646;650;654;655;656;658;659;663;664;665;667;668;669;671;675;676;678;679;681;682;683;690;692;694;695;697;701;703;705;710;714;715;719;720;726;728;732;734;736;738;740;742;744;746;748;750;752;753;754;755;757;760;761;765;766;771;772;773;774;775;777;778;779;781;782;784;786;791;794;797;798;799;801;802;813;814;816;822;824;826;827;830;832;834;835;836;837;839;840;843;847;848;849;851;853;855;858;859;861;862;864;865;866;867;868;870;871;873;874;875;876;877;880;881;884;886;887;888;889;890;892;894;895;897;898;899;900;904;905;906;907;908;909;910;911;913;914;915;916;917;921;923;924;926;929;930;931;932;935;937;940;941;943;944;945;949;950;951;953;954;955;956;957;958;959;962;963;969;971;972;978;979;980;981;982;983;984;985;986;988;990;991;993;996;998;999
512;1;3;4;7;8;9;10;11;12;13;17;18;20;21;22;28;30;31;32;33;34;36;37;38;39;40;41;44;46;47;49;51;52;53;55;60;61;62;63;64;66;67;69;71;72;78;79;81;82;83;84;85;87;89;90;94;96;97;101;102;105;106;108;111;112;113;114;115;116;119;122;123;125;129;130;131;134;135;139;141;142;143;147;148;149;150;153;154;155;158;159;160;161;162;163;164;166;167;168;169;170;173;174;176;178;183;185;186;187;188;189;190;192;193;194;195;197;198;201;204;205;207;208;209;210;211;214;216;218;219;220;221;222;223;224;226;228;229;230;232;239;240;241;242;244;247;248;249;252;255;257;258;259;262;264;266;268;273;274;277;279;283;284;287;288;290;292;293;294;296;297;298;299;300;301;303;307;309;312;314;315;316;317;319;322;324;327;329;332;333;334;336;337;340;341;342;343;344;346;348;349;351;352;354;355;356;357;358;363;365;370;372;378;380;382;384;385;387;388;389;390;392;394;395;397;398;402;406;407;410;413;415;416;418;419;420;421;425;429;433;439;441;442;444;447;449;452;454;456;457;460;462;465;466;468;470;473;474;477;479;481;482;484;488;489;490;492;493;494;495;496;500;501;502;506;509;510;513;516;517;518;519;520;522;523;524;526;527;534;535;541;543;547;548;549;551;554;556;557;558;559;561;562;567;577;581;583;586;589;590;591;592;594;595;596;598;599;603;604;605;606;612;614;615;618;619;625;626;627;629;635;639;643;644;645;646;649;650;652;653;654;659;660;661;663;665;666;667;670;672;673;674;676;678;680;683;685;688;690;696;699;700;701;702;704;706;707;709;710;713;715;717;720;721;723;724;725;728;729;730;732;734;740;741;742;744;748;749;752;754;755;756;757;758;759;761;762;764;767;768;772;773;774;778;779;781;786;789;790;791;792;795;798;799;807;808;809;810;811;812;813;814;815;816;817;819;821;825;826;827;829;830;833;834;836;838;840;841;845;851;855;857;859;863;866;869;871;872;873;875;876;877;879;880;881;883;884;885;888;889;892;893;894;896;899;900;903;904;906;907;909;910;912;913;914;915;917;918;922;923;925;928;930;932;934;936;941;942;943;948;949;951;953;954;955;956;958;960;961;962;965;968;970;971;975;976;977;978;980;982;983;989;991;992;995;996;997;998;1000
513;2;3;7;8;9;11;12;17;18;19;20;21;22;23;25;26;27;28;31;33;35;37;44;45;51;53;56;60;62;63;64;68;69;71;73;74;77;80;82;86;87;90;94;97;104;105;107;108;109;114;116;118;120;121;122;128;131;132;133;134;135;140;142;143;144;145;146;147;148;149;151;152;154;156;159;160;161;162;163;165;167;170;171;172;175;177;180;181;184;185;186;188;189;192;193;198;200;202;203;205;207;208;210;212;213;214;215;217;218;221;222;226;227;228;235;237;240;243;244;246;247;249;250;252;254;255;256;257;260;262;264;266;267;268;269;270;273;274;275;276;280;281;282;284;288;295;296;297;300;303;307;310;311;312;314;317;318;319;322;323;326;327;329;330;331;332;333;335;336;337;338;339;340;342;343;346;347;348;349;350;351;354;356;359;360;361;362;363;364;365;366;368;369;370;373;374;377;379;381;383;385;387;389;392;394;395;400;403;405;407;408;409;410;411;412;414;415;418;420;424;426;427;429;430;431;434;436;437;438;439;440;442;450;452;453;454;457;460;461;462;464;465;467;468;473;476;477;478;479;480;481;483;484;487;488;489;492;496;498;500;502;503;505;508;510;511;512;514;516;517;518;519;522;524;525;527;529;532;536;539;540;543;544;545;546;547;548;549;553;559;560;562;566;568;570;573;574;575;578;579;580;581;582;587;588;589;590;593;596;597;598;601;603;604;608;609;615;620;624;627;628;632;633;634;635;636;643;645;646;649;650;651;653;655;656;663;667;669;670;674;683;685;688;689;691;692;693;695;698;699;701;702;704;705;708;710;712;713;718;724;727;728;729;731;732;734;735;736;737;742;751;752;755;756;759;760;762;763;767;768;769;773;775;776;777;778;780;781;783;784;786;787;790;794;796;797;798;801;803;804;805;809;810;811;813;815;817;819;821;827;828;829;831;833;834;836;837;839;842;843;844;845;846;848;850;851;853;855;856;857;860;863;866;870;871;872;875;877;881;883;884;887;889;892;893;894;895;896;897;898;899;901;903;904;905;908;913;914;917;918;919;922;923;924;925;926;928;929;930;933;934;939;940;941;942;943;944;946;947;953;955;956;957;958;959;961;962;963;964;966;968;970;972;974;978;979;980;981;982;985;986;987;989;990;992;996;997
514;6;8;12;13;14;15;19;20;21;23;25;28;30;33;34;35;36;40;43;44;45;47;49;52;54;55;56;59;61;64;66;67;68;69;72;73;78;82;86;88;93;95;97;99;102;105;106;108;109;110;111;112;114;115;116;117;119;120;123;124;125;127;129;130;133;135;140;141;143;144;147;148;153;156;158;160;163;164;165;166;167;169;171;173;175;176;178;182;183;184;186;188;189;190;191;192;193;197;198;201;204;205;206;210;211;212;214;218;220;221;223;225;228;231;232;235;238;244;245;246;249;253;255;256;258;260;262;263;264;265;267;268;271;272;273;275;276;277;282;283;285;288;290;291;292;295;297;299;300;301;307;308;309;310;314;315;317;322;323;327;328;329;330;332;336;337;338;339;342;343;347;349;355;356;360;361;362;365;369;370;371;373;375;376;379;382;387;393;394;395;396;397;398;400;401;403;405;406;410;411;412;413;415;416;418;420;421;422;430;431;435;438;441;443;444;445;447;448;451;452;453;454;466;471;472;474;476;477;478;479;480;481;483;486;487;488;490;495;496;497;498;501;502;504;506;507;508;510;513;515;517;518;519;520;521;526;527;532;533;534;535;536;538;542;544;545;547;548;550;551;554;555;558;561;562;565;566;568;569;570;571;572;574;580;585;586;588;589;590;593;594;596;597;598;599;600;601;603;605;608;609;612;613;614;617;618;620;623;626;627;628;629;630;631;632;633;634;635;636;637;639;644;645;649;651;655;656;657;658;659;664;666;667;669;670;673;675;676;677;678;679;682;683;687;688;689;690;692;693;694;696;700;702;703;704;711;714;718;719;722;724;730;732;733;734;736;738;739;740;741;742;743;745;746;747;748;749;751;752;753;754;757;758;759;760;762;763;764;765;767;768;769;770;772;773;775;777;778;781;783;785;786;788;789;791;794;795;796;797;799;800;801;803;809;811;814;815;816;818;820;821;822;829;830;833;834;837;838;839;842;844;845;851;854;855;856;858;859;864;866;867;870;871;875;876;879;880;881;882;883;885;886;887;891;894;899;900;902;903;904;905;906;908;910;911;912;913;914;916;918;919;921;922;923;924;926;927;928;929;930;932;933;934;936;941;942;943;945;946;948;952;955;957;961;965;966;970;971;972;975;976;977;978;980;981;982;983;985;986;987;988;989;990;994;995;997;1000
515;1;6;9;13;14;15;19;20;21;23;26;29;30;33;34;35;36;42;43;48;50;52;53;54;55;56;63;66;68;74;77;79;81;82;83;86;88;89;92;93;99;100;104;107;108;110;111;113;114;115;116;117;118;123;124;126;127;129;130;131;132;133;134;136;138;139;150;152;154;156;158;164;165;166;168;171;172;175;176;180;181;183;186;187;188;191;192;194;196;197;199;200;201;202;203;204;205;207;210;211;212;214;215;217;218;219;224;229;230;236;238;239;240;241;243;245;247;249;250;254;255;257;260;262;265;266;269;270;271;273;274;279;281;282;283;284;285;286;287;288;289;291;292;294;296;301;303;306;311;312;313;314;315;317;319;320;321;322;326;328;329;330;331;332;333;334;335;337;339;340;341;342;343;345;346;347;352;353;357;358;361;362;363;364;365;366;367;368;372;375;376;381;383;386;390;391;393;394;396;399;401;403;404;407;409;410;411;416;418;421;423;425;426;427;428;429;431;432;433;434;435;436;437;438;439;441;442;445;446;447;450;451;453;456;458;459;460;462;464;466;469;470;471;472;473;476;479;481;482;485;486;487;490;491;494;497;498;502;503;505;510;514;517;520;524;526;529;531;532;533;534;535;538;540;542;547;548;549;550;551;552;553;555;556;557;558;564;575;577;578;579;582;587;588;590;594;601;602;603;604;612;614;615;616;617;622;623;627;629;632;633;635;636;637;638;639;644;645;646;647;648;649;650;651;652;653;655;656;657;659;660;662;665;668;670;673;674;677;678;680;683;684;688;692;694;696;698;699;700;701;703;706;707;711;716;717;719;720;722;723;724;729;734;735;737;738;739;741;743;745;746;749;750;753;756;757;758;759;760;767;770;771;772;778;780;781;784;786;790;803;804;807;808;811;814;816;817;820;821;822;825;827;828;830;831;833;834;835;838;841;846;848;849;850;855;856;858;859;860;862;863;864;865;867;870;871;874;876;879;883;884;885;888;891;892;894;896;897;899;900;901;905;909;910;911;915;918;919;921;922;925;926;927;928;930;933;935;937;939;942;944;946;948;950;952;955;957;959;960;961;962;965;966;969;971;972;973;975;978;979;981;983;984;986;990;991;992;993;995;996;997;998
516;3;4;9;10;11;14;19;21;26;27;28;29;30;32;35;36;38;39;42;46;48;50;52;54;59;60;61;63;65;68;71;73;74;76;78;82;88;90;93;96;97;99;100;101;103;105;110;115;116;118;119;120;123;125;127;128;129;130;131;134;136;140;142;144;145;147;148;149;150;153;156;157;160;161;162;164;166;167;169;170;172;173;174;176;180;182;184;185;186;188;192;195;196;197;204;212;214;218;219;222;223;228;229;230;232;234;238;241;242;243;245;247;248;250;253;254;255;257;258;261;262;263;264;265;266;268;269;273;274;275;277;278;280;282;285;288;289;291;292;293;304;305;306;310;312;315;317;318;320;321;326;330;332;333;335;339;340;341;343;344;345;346;349;350;355;359;363;364;365;367;368;369;370;372;373;374;375;376;380;382;383;387;389;391;393;396;397;400;404;406;410;411;412;413;414;415;417;419;421;422;425;427;431;432;433;434;435;438;441;442;444;447;450;451;457;459;460;461;462;463;465;467;468;470;472;475;476;477;479;480;483;487;489;491;493;499;502;505;507;510;512;513;517;524;525;528;533;534;536;537;539;541;546;547;550;552;553;555;557;560;566;567;570;571;573;575;576;577;581;584;585;587;589;596;601;603;604;605;606;609;610;613;614;615;616;617;619;622;624;625;628;630;631;632;636;637;639;640;641;642;643;644;645;648;649;650;655;656;658;662;664;665;667;669;670;671;672;673;674;675;676;680;683;686;690;693;694;695;696;699;700;701;702;704;705;707;711;712;715;716;717;719;721;723;725;726;729;732;733;736;738;740;741;742;744;745;747;750;755;756;760;762;764;765;766;767;771;772;773;774;775;776;778;779;780;781;783;786;787;789;790;792;793;798;800;805;806;807;813;814;816;817;818;819;820;821;822;824;825;826;828;829;831;832;833;834;836;837;838;841;842;845;846;847;848;849;850;852;853;854;855;857;859;860;861;865;866;867;868;869;878;879;880;881;882;884;886;887;890;892;893;895;896;897;898;904;905;908;911;914;915;916;917;918;920;921;922;923;925;926;927;928;934;937;939;940;941;942;943;944;945;947;948;951;952;953;954;955;958;959;960;961;962;963;964;966;968;971;972;973;982;983;984;986;988;990;991;993;994;998;1000
517;4;5;6;9;10;11;17;19;20;24;25;26;27;28;29;33;35;36;37;39;44;45;46;48;49;50;53;57;59;63;64;65;68;69;73;76;77;79;81;82;85;86;89;90;92;100;101;102;106;107;108;112;113;116;120;121;123;124;125;132;137;139;140;141;142;143;146;149;150;156;158;160;164;170;171;172;175;176;177;178;182;185;190;192;194;195;196;199;200;204;205;206;208;209;212;214;215;216;218;219;220;222;223;224;225;226;227;229;231;235;236;237;241;243;244;245;248;251;253;256;260;265;266;273;275;276;277;278;279;280;281;285;289;290;291;292;294;295;300;302;304;306;308;309;314;317;319;321;322;327;328;329;331;332;335;338;339;340;341;342;344;348;350;352;355;356;360;361;365;367;369;370;372;375;377;378;381;382;384;388;390;392;393;394;395;397;399;400;403;405;407;408;409;411;415;416;417;419;422;425;429;436;437;438;439;445;446;447;449;451;452;453;454;458;459;461;462;463;464;469;475;476;478;481;482;483;484;485;486;488;489;490;491;492;494;495;496;500;501;503;505;506;507;508;509;512;513;514;515;516;519;521;522;523;527;529;531;532;533;535;536;541;542;544;545;546;547;548;551;553;558;559;562;563;565;566;569;571;572;573;574;575;578;581;582;587;588;589;590;591;592;593;597;599;603;604;610;611;612;615;619;621;622;624;626;629;630;633;635;636;637;640;643;644;647;651;652;653;655;656;662;664;668;669;670;671;674;677;678;681;682;684;686;689;692;693;694;696;700;701;704;705;709;711;712;714;715;717;721;722;723;725;726;727;730;731;732;733;734;735;736;737;739;740;742;743;744;747;749;750;751;752;753;754;755;756;757;758;759;760;762;765;767;768;769;770;771;772;773;774;776;778;782;784;785;786;787;788;789;790;791;792;798;800;802;804;805;807;811;814;815;822;824;825;826;828;829;830;835;839;842;843;844;845;846;849;850;851;853;856;859;861;862;865;867;868;869;870;873;877;878;879;880;882;883;884;885;886;887;888;889;891;894;895;896;899;900;901;902;903;905;907;909;911;912;918;921;922;923;925;928;931;932;935;936;938;941;942;943;944;950;955;958;959;962;963;965;966;971;972;973;976;977;980;981;982;984;985;986;989;990;991;993;999;1000
518;1;3;5;8;10;11;12;14;15;18;23;25;30;31;33;34;35;36;39;41;42;46;48;49;50;53;55;56;59;61;63;67;68;72;73;79;81;84;85;86;87;88;90;91;94;98;100;102;107;109;110;111;112;113;114;117;119;123;129;130;131;132;133;136;138;139;143;145;146;148;149;150;152;153;154;159;160;166;167;170;171;172;174;176;181;184;185;186;187;191;196;198;199;200;201;203;205;206;207;208;210;213;214;215;217;220;221;223;224;225;226;227;230;231;232;238;240;242;244;246;248;250;252;255;257;258;270;271;272;275;276;280;283;284;287;288;290;292;293;295;296;298;299;301;302;303;304;307;308;309;310;312;313;314;315;316;317;319;323;324;325;326;328;332;333;334;335;336;338;340;341;342;344;348;350;351;352;353;354;355;358;362;367;369;371;374;375;376;380;382;384;385;388;390;391;392;393;394;395;396;397;400;408;409;411;414;415;418;420;421;423;426;427;428;431;433;434;435;436;438;440;444;448;450;452;453;454;458;463;465;466;468;473;475;478;479;480;481;483;489;490;493;494;496;497;499;502;503;506;508;512;513;514;521;524;525;526;529;530;531;532;534;537;541;545;547;548;553;554;555;556;557;560;566;567;568;570;571;582;583;584;585;591;593;595;598;599;600;602;603;605;606;607;611;612;618;619;620;622;623;624;625;627;628;629;630;631;632;633;634;635;636;639;644;646;648;651;652;653;655;658;659;660;661;662;664;666;669;670;671;677;680;681;682;685;686;690;692;693;694;695;696;697;698;702;704;707;708;709;715;718;719;720;721;722;724;727;729;730;731;735;741;742;745;746;747;748;750;752;754;755;756;759;760;761;762;763;765;771;775;777;779;781;782;783;785;787;789;796;798;800;803;806;810;811;812;813;814;815;818;819;820;822;823;824;826;827;828;830;831;833;834;835;839;845;846;848;849;852;853;855;857;858;863;864;865;866;867;871;872;873;874;877;881;886;888;890;891;892;896;897;899;900;901;902;907;912;913;914;916;920;922;926;927;930;931;932;934;935;938;941;943;946;947;950;952;959;960;962;963;964;966;967;968;969;971;974;980;981;982;984;985;987;988;990;991;992;994;995;998
519;2;4;6;7;8;14;16;19;20;22;24;25;26;29;30;33;34;37;38;39;40;43;44;45;46;47;48;49;52;54;55;57;63;69;74;75;77;78;79;81;82;83;84;85;86;87;89;92;94;95;96;98;99;100;102;103;106;107;108;109;112;113;115;119;122;124;125;127;129;130;131;133;137;139;141;145;146;149;150;151;152;155;156;160;167;169;171;174;175;176;177;178;179;186;189;191;193;196;197;198;200;202;203;208;209;211;213;214;220;221;223;224;225;230;233;234;235;236;237;238;239;240;246;248;250;252;254;256;257;258;260;261;264;266;268;269;271;272;274;277;278;279;282;283;284;285;289;290;293;296;297;301;302;307;312;316;317;319;320;322;323;324;326;327;328;329;331;332;333;334;335;337;338;339;340;342;344;346;347;351;356;358;366;367;369;371;372;374;376;378;381;385;386;387;388;391;392;393;394;396;398;399;400;402;403;406;407;409;410;412;416;418;420;421;422;423;425;426;429;431;432;434;435;436;438;439;443;446;447;448;449;451;452;453;454;455;459;461;462;463;465;466;468;470;471;472;473;475;485;489;494;495;496;497;498;500;501;502;504;508;509;510;511;512;513;514;517;521;523;524;527;528;529;530;531;532;535;536;538;541;543;548;549;550;552;553;554;557;558;559;563;565;570;574;575;579;581;582;585;587;588;591;593;594;596;599;601;602;609;610;611;616;618;626;627;629;635;638;644;645;646;648;649;650;656;659;660;662;663;664;666;668;669;670;673;676;680;684;685;688;689;695;696;698;700;701;705;706;707;709;710;712;713;714;715;716;717;718;719;720;723;725;726;727;730;731;732;735;736;739;741;743;746;753;754;756;757;758;765;768;769;770;772;778;781;784;785;786;788;790;793;794;796;798;799;802;804;805;806;807;811;812;818;823;824;826;828;831;832;833;834;835;837;838;841;843;844;846;848;850;852;853;855;860;861;866;867;871;872;873;874;875;876;880;881;883;884;885;886;887;888;893;894;895;897;898;899;905;908;911;912;913;914;915;918;920;922;923;925;926;928;929;931;934;935;936;937;938;939;940;941;942;944;947;951;954;958;962;963;964;965;967;968;969;970;974;976;986;987;988;989;990;991;993;994;999;1000
520;2;5;6;7;12;14;16;19;20;21;22;25;26;27;28;31;32;35;38;40;42;44;45;47;49;52;53;56;57;58;60;61;64;65;67;69;70;71;74;76;77;80;81;83;92;96;97;99;100;104;105;106;107;109;112;113;115;118;122;123;126;130;136;139;140;141;142;144;146;151;153;156;157;158;160;161;164;165;169;171;172;174;176;177;178;182;183;184;185;187;189;193;194;195;196;197;202;205;206;207;208;212;213;214;217;224;228;229;232;235;236;237;241;248;249;250;251;252;253;254;259;261;262;263;264;265;267;269;270;275;276;277;278;279;280;282;283;284;289;291;293;296;297;299;301;302;303;304;307;308;309;310;311;313;316;318;321;323;324;325;326;328;333;334;339;340;341;343;345;346;347;348;349;350;353;354;355;356;358;359;362;368;369;370;371;372;374;377;380;381;382;383;388;389;390;391;392;395;399;400;401;402;405;406;408;411;412;413;415;417;419;420;422;423;424;426;428;430;431;432;433;434;435;437;438;441;442;449;450;451;452;453;456;457;458;464;467;468;469;470;477;481;483;487;490;492;498;500;501;502;505;508;509;510;512;514;515;525;529;535;536;538;540;542;544;545;546;547;548;550;552;553;554;556;559;560;564;566;567;568;569;570;571;572;573;576;580;585;586;593;594;597;602;603;606;608;611;612;613;614;616;621;622;623;625;627;629;631;632;633;634;635;636;637;638;639;641;642;644;645;649;651;652;654;655;657;659;660;661;663;665;666;667;673;676;679;680;684;687;688;690;691;692;696;698;699;702;704;705;712;716;717;718;720;721;725;727;729;730;732;734;739;740;741;743;746;747;748;751;752;754;755;757;758;759;762;763;766;767;768;769;770;771;775;777;778;782;783;784;786;787;788;789;791;797;799;800;801;802;804;808;809;810;813;814;815;817;818;819;821;822;823;824;826;827;828;830;833;838;842;843;845;847;853;855;856;858;859;867;869;870;872;873;874;875;876;877;878;882;883;885;887;888;889;891;892;894;896;897;903;904;907;909;912;913;914;916;918;921;925;926;931;932;935;936;938;940;941;942;943;946;947;951;952;953;957;958;959;960;962;963;967;970;971;972;973;974;975;976;980;982;985;988;989;993;995;996;998;1000
521;1;3;4;5;6;7;10;13;14;16;17;18;20;22;25;26;27;28;30;31;32;33;34;39;42;46;47;48;51;52;53;54;57;58;59;60;62;67;71;72;73;77;78;79;80;84;86;87;88;95;96;99;101;107;108;113;114;115;116;117;118;121;123;124;126;128;130;131;132;135;136;140;141;142;143;144;145;146;147;150;151;152;154;155;157;159;163;164;166;167;170;178;183;185;186;188;189;191;193;196;197;200;201;203;204;205;206;209;212;213;215;216;217;218;219;223;224;225;226;231;234;237;238;242;246;247;248;249;251;253;256;257;258;262;264;268;269;271;272;274;276;282;283;284;285;286;287;290;291;295;297;302;307;308;310;316;317;318;319;320;323;326;329;331;332;333;335;336;337;338;339;340;346;347;348;351;352;355;356;357;358;359;361;362;363;367;368;369;372;374;377;379;381;382;384;387;389;391;393;397;399;403;404;408;411;417;419;422;424;425;427;429;431;432;433;434;435;439;441;443;445;446;447;449;451;452;453;455;456;457;460;461;462;463;464;466;469;474;475;476;481;483;484;485;487;488;492;493;495;497;498;499;500;501;505;506;508;510;514;517;518;519;522;526;527;529;532;534;535;536;537;538;539;541;543;550;552;554;556;557;559;560;563;564;565;567;570;571;573;574;576;580;584;587;588;589;590;593;594;595;596;597;598;599;601;603;604;605;608;609;611;612;613;614;617;618;619;620;625;629;630;631;633;634;635;636;637;638;642;643;644;645;647;648;652;654;656;658;659;660;662;663;664;667;670;671;673;675;676;677;678;680;682;683;684;685;686;687;690;691;693;694;696;698;699;704;706;710;713;714;715;717;718;719;720;721;722;723;725;726;727;728;732;734;735;738;739;740;745;746;747;749;752;753;754;756;759;761;764;765;767;769;771;773;774;775;776;778;779;780;781;783;785;788;789;791;792;796;797;800;802;803;804;806;807;808;809;811;814;815;816;819;820;821;824;825;826;827;828;830;831;835;837;838;840;841;844;845;846;857;858;859;860;863;865;866;868;869;870;871;872;873;874;875;876;877;879;880;881;886;888;891;892;893;897;899;901;903;905;906;908;909;910;912;913;916;917;919;922;923;924;925;926;927;928;930;933;936;937;938;941;942;945;946;947;948;949;956;957;958;959;961;962;963;965;966;967;968;969;970;971;973;975;979;980;981;984;985;987;989;991;993;994;1000
522;5;6;8;9;11;16;20;21;25;27;28;30;32;34;35;36;39;40;43;44;45;48;49;50;52;57;58;60;61;62;64;68;69;70;71;79;82;87;88;89;90;94;101;102;104;107;108;109;111;113;114;115;116;117;118;119;120;123;124;125;130;133;135;136;137;143;146;148;149;151;154;156;157;158;159;161;162;163;164;165;166;169;170;174;175;176;177;179;180;181;182;183;193;194;201;203;204;206;208;209;210;211;213;214;216;217;221;222;223;224;225;228;230;232;233;237;238;239;240;241;244;245;246;247;252;254;258;259;264;265;266;269;270;271;273;274;277;280;281;283;284;289;298;301;302;305;306;309;310;311;312;316;317;321;323;324;325;328;329;330;335;336;337;338;340;341;342;347;349;351;352;354;355;356;358;359;363;366;369;370;372;376;378;381;382;384;385;386;388;394;396;401;402;404;405;406;407;408;410;415;416;419;425;428;429;430;431;432;434;435;436;440;441;442;443;445;448;449;450;451;452;455;459;460;461;462;463;464;467;468;469;473;475;476;477;478;479;480;481;487;488;489;490;493;497;499;501;504;505;506;512;513;517;521;525;528;531;532;533;537;539;540;541;543;545;547;553;554;556;557;559;561;562;563;565;566;567;568;570;572;574;575;577;581;582;586;587;591;592;595;596;597;600;601;604;605;607;609;610;611;612;613;618;619;621;623;624;626;627;628;630;638;639;641;643;646;647;651;656;657;660;662;665;666;668;675;677;679;680;683;686;688;690;691;695;697;698;699;701;703;706;707;712;716;717;719;722;723;726;729;732;733;734;737;739;742;745;746;752;753;756;757;758;759;760;761;762;764;765;766;771;772;773;775;779;780;782;783;784;785;786;788;792;793;794;795;796;798;799;803;804;806;808;811;814;816;820;822;825;826;827;828;830;831;832;834;835;836;839;840;841;842;844;846;847;848;850;855;858;859;865;866;868;871;874;877;878;879;880;886;887;891;893;895;898;901;902;903;904;907;912;916;917;919;924;925;927;928;930;932;936;942;944;945;951;953;955;956;957;963;966;967;971;972;975;978;980;981;983;984;985;988;992;993;995;996;997;999;1000
523;1;2;5;9;12;13;14;15;16;17;18;20;22;25;28;29;30;31;32;33;34;38;44;45;47;49;50;51;52;54;55;56;59;60;64;65;66;69;72;74;77;78;79;80;82;83;85;88;89;90;92;95;98;99;100;102;104;105;107;111;118;121;124;125;126;130;134;135;140;141;143;146;147;148;149;150;151;156;157;158;162;164;166;170;171;172;173;175;176;177;182;184;185;187;188;189;190;191;193;195;196;197;199;201;202;203;205;207;208;209;210;211;212;214;217;218;219;220;222;223;227;228;233;234;235;237;243;250;252;253;254;255;259;260;262;263;265;266;268;269;275;277;278;279;281;282;297;298;300;301;302;306;309;310;311;313;314;315;316;317;318;320;322;329;330;331;333;335;337;338;339;340;341;342;344;345;346;348;350;351;353;355;357;359;360;361;362;365;366;369;370;371;372;374;375;377;378;383;384;385;386;388;390;392;395;396;400;401;402;404;405;407;410;413;414;415;416;418;419;421;422;423;426;430;431;432;433;435;436;437;438;439;446;448;449;451;452;453;456;458;459;460;461;466;467;468;471;473;477;485;487;491;493;494;495;499;501;504;508;510;511;512;517;519;524;525;526;529;531;532;533;535;538;539;542;544;545;547;550;558;561;562;565;566;567;569;570;573;574;575;578;583;585;586;589;591;592;595;596;597;598;602;603;606;608;609;610;612;613;614;615;617;619;622;624;625;627;631;636;638;641;642;643;645;646;649;650;652;657;659;662;663;665;666;667;669;672;677;680;682;684;686;687;692;694;696;697;699;700;703;705;706;707;708;710;712;716;718;720;725;729;730;732;733;735;736;737;738;740;747;748;749;751;754;756;757;759;760;764;767;768;770;771;773;774;776;778;780;781;786;787;789;791;794;795;796;800;802;805;807;808;812;816;817;819;828;829;832;837;839;841;842;844;847;849;850;853;856;857;858;859;864;867;868;870;871;878;882;885;888;889;890;892;893;898;900;902;905;908;909;910;911;912;915;916;918;919;923;928;929;930;931;932;934;935;936;939;941;943;944;947;948;951;952;953;954;959;961;962;964;965;966;971;975;977;980;981;982;984;985;987;988;989;995;997;1000
524;2;3;4;5;8;9;10;12;13;18;19;22;26;27;28;29;31;32;33;37;38;39;42;43;46;47;48;49;50;51;52;53;54;59;60;61;68;69;71;74;75;76;77;79;80;81;84;85;87;89;90;92;93;96;97;102;105;106;107;110;111;112;114;115;116;118;120;121;125;126;127;128;130;132;136;137;141;144;145;147;153;154;160;161;162;165;167;168;169;170;173;175;178;181;182;187;189;190;191;193;194;197;199;202;204;208;209;210;214;216;218;219;220;221;222;223;224;225;226;227;228;230;234;238;241;243;244;245;246;248;249;251;252;257;258;259;260;267;268;270;271;273;274;275;276;277;280;282;283;284;286;288;290;292;293;295;296;297;300;303;307;308;309;313;315;318;319;320;321;323;324;326;327;328;330;336;337;339;345;346;348;350;352;354;356;362;364;366;370;372;373;374;375;376;377;381;382;383;384;386;388;389;390;391;392;394;397;399;406;408;410;411;414;418;419;420;421;424;430;432;435;438;439;442;444;445;450;452;453;456;459;460;462;465;468;470;474;479;481;482;484;487;488;489;490;491;492;494;496;498;500;502;504;505;507;509;511;512;513;515;516;518;519;523;526;527;528;529;535;537;540;541;542;543;545;546;549;551;552;554;555;556;557;559;560;561;562;563;564;566;567;569;570;572;576;577;579;581;583;585;586;588;590;593;595;597;599;604;605;606;608;612;613;614;622;624;626;630;631;633;634;635;636;640;641;643;644;649;650;653;655;658;659;662;670;672;673;675;679;680;691;692;693;694;695;696;699;702;705;706;708;710;714;715;716;717;719;721;723;724;725;726;727;729;731;732;736;737;739;743;744;751;752;754;755;760;763;764;765;766;769;775;777;779;782;785;788;799;800;802;803;805;807;808;810;814;815;816;817;825;827;828;829;831;833;840;844;847;848;849;851;852;859;862;864;865;868;869;873;874;875;883;888;890;891;892;895;896;900;901;904;905;906;909;911;912;913;914;916;917;918;920;922;923;925;926;927;928;929;932;935;938;939;942;944;950;951;952;954;956;960;961;966;967;969;970;974;975;979;982;986;988;989;994;996;997;998;999;1000
525;2;5;8;10;11;12;16;18;19;21;22;23;26;27;30;34;37;38;39;40;44;45;47;50;51;52;53;55;56;57;58;59;61;65;67;68;75;76;77;78;79;82;83;87;90;92;93;95;96;97;98;101;102;103;104;106;107;108;114;115;120;121;122;126;130;132;133;135;138;139;140;141;143;144;146;147;148;149;151;152;154;156;157;160;161;162;163;164;165;166;173;174;181;182;183;184;185;186;189;191;192;193;194;196;202;203;205;211;212;213;216;220;226;231;233;235;236;239;241;243;244;246;247;249;250;252;254;257;262;263;264;266;267;268;269;272;274;279;280;282;283;285;288;290;293;295;296;298;299;300;301;303;304;305;307;308;310;313;314;316;317;320;322;325;326;329;330;333;334;335;336;342;343;345;348;351;352;353;354;355;357;360;361;365;368;369;370;371;373;374;375;379;381;382;383;385;388;390;393;396;398;399;400;401;402;403;404;406;407;412;415;416;417;421;423;424;432;434;435;437;439;440;441;442;443;444;445;446;449;450;451;452;453;454;455;456;457;462;469;470;472;476;480;483;485;486;488;489;492;496;499;505;506;507;508;513;516;518;520;522;523;526;528;532;533;540;543;544;547;548;550;551;554;556;557;558;563;566;567;569;570;572;574;575;576;578;580;581;583;584;585;586;587;588;592;593;594;598;599;600;604;606;607;608;609;610;614;624;626;628;631;634;636;638;639;641;642;644;648;649;652;653;654;655;660;663;665;666;670;671;672;677;678;680;681;684;689;690;691;692;694;695;696;699;701;702;703;704;705;707;710;713;716;717;719;720;722;723;724;726;728;732;734;736;739;742;745;746;747;749;751;752;753;754;755;756;757;759;760;765;766;767;770;771;772;777;778;780;781;782;783;784;786;787;789;793;801;806;809;811;814;816;818;819;825;826;830;831;832;833;834;835;836;838;843;844;847;849;851;853;855;856;857;858;862;865;867;869;870;872;873;875;876;878;879;880;881;883;885;886;887;890;898;899;900;903;904;905;909;910;911;912;913;914;916;917;918;920;921;924;926;928;929;930;931;935;936;937;939;944;945;946;947;949;950;951;953;954;958;959;963;965;967;968;970;972;974;975;976;977;981;983;984;986;988;990;991;993;995;996;997;998;999;1000
526;2;3;5;6;8;9;10;15;18;20;22;23;25;27;29;30;32;34;37;38;42;43;48;49;50;52;54;55;59;60;61;64;65;67;68;69;70;71;72;76;77;79;82;83;84;85;87;91;92;93;95;96;102;104;105;106;110;111;113;115;117;118;120;124;125;126;127;128;129;130;132;133;135;136;137;139;145;149;150;151;153;154;156;159;160;161;163;165;166;167;170;172;173;174;177;180;182;183;186;187;190;195;197;198;199;200;201;204;205;208;210;217;219;222;224;227;228;229;231;232;234;238;239;240;241;243;245;247;249;252;255;257;258;260;261;262;267;269;270;271;272;275;279;280;283;284;285;286;287;288;292;293;294;300;301;303;304;305;306;307;311;316;318;319;320;321;324;325;328;330;331;334;335;336;337;338;342;343;345;348;349;351;352;354;355;357;359;362;363;364;368;369;376;378;380;381;382;384;386;387;392;393;395;396;398;399;400;402;403;404;405;411;412;413;414;418;419;421;423;425;430;431;433;436;441;442;443;444;446;447;448;449;457;459;462;464;465;470;471;472;475;477;479;482;483;485;486;487;496;497;498;501;511;512;514;515;518;521;523;524;525;528;530;531;533;534;535;536;537;540;542;544;546;547;549;553;554;555;558;562;566;567;568;571;573;574;577;579;581;582;583;584;585;589;591;595;597;599;600;606;607;610;611;612;615;618;622;625;627;632;633;634;638;639;640;641;643;644;645;646;650;652;654;656;657;659;660;661;664;666;668;671;674;677;678;679;680;682;685;690;695;698;699;700;702;704;706;712;713;714;715;716;717;720;722;726;727;731;732;737;741;743;744;747;748;751;752;753;756;757;760;761;762;767;772;774;775;780;782;783;785;787;789;790;792;793;794;795;796;798;799;801;802;804;806;807;809;810;813;815;817;818;820;821;823;825;828;829;834;835;836;837;840;841;842;843;844;845;847;849;852;853;854;855;859;860;861;863;864;866;873;874;878;881;884;885;888;890;891;892;893;899;902;905;906;911;912;914;916;917;918;921;922;923;926;929;930;935;940;941;944;945;948;950;953;955;958;959;961;964;967;970;971;972;973;977;981;984;985;986;987;991;993;994;997;998;999
527;1;2;3;6;7;8;10;11;12;13;15;18;22;24;25;26;29;31;32;34;36;38;39;40;43;44;45;46;47;49;50;54;56;61;63;65;66;74;75;76;78;80;81;83;84;85;88;92;93;96;97;102;104;107;108;109;111;114;115;116;117;119;122;123;124;126;128;131;136;138;139;142;145;149;150;151;153;154;156;157;158;162;165;166;168;169;171;172;175;176;178;179;180;182;183;184;186;187;190;192;196;197;199;200;201;202;203;204;206;207;209;211;215;217;220;224;225;227;228;229;230;231;232;233;234;236;237;238;239;242;245;247;248;250;255;256;257;259;260;262;264;267;268;269;273;278;280;284;285;287;288;291;296;297;298;304;307;308;309;312;313;314;315;317;321;322;324;326;328;330;331;333;334;337;338;339;340;343;346;350;351;352;354;355;357;358;362;364;366;367;368;371;372;376;378;379;383;384;388;392;394;395;396;399;401;403;404;405;406;407;408;414;415;416;417;418;420;422;425;427;428;431;434;435;445;447;449;451;456;457;458;459;460;461;463;466;467;468;469;471;472;473;475;476;477;479;480;485;491;498;499;500;501;505;506;508;509;510;512;513;514;517;519;521;524;530;531;533;535;538;539;540;541;544;545;546;547;550;556;560;561;562;563;565;566;567;570;574;575;576;577;581;584;586;589;591;593;594;595;597;598;603;607;609;610;611;612;613;614;618;622;626;629;632;633;634;635;637;639;641;642;646;647;648;651;652;654;656;659;660;662;663;664;665;666;667;669;670;672;676;678;680;684;687;689;692;695;700;701;703;706;708;711;713;714;717;718;719;727;728;731;735;737;740;741;742;748;749;750;752;756;758;759;764;766;767;768;769;771;774;775;778;779;780;781;782;785;786;791;795;796;797;798;799;800;804;807;808;810;812;814;818;819;823;824;825;828;829;834;835;836;844;849;850;852;854;855;858;861;866;868;869;870;871;872;873;874;875;877;880;881;886;887;890;892;893;895;897;901;903;905;906;908;909;911;912;913;914;916;917;920;921;923;926;928;930;931;934;937;938;941;942;944;946;948;950;951;953;955;956;958;959;963;966;967;970;971;976;979;982;985;987;990;994;996;999
528;1;3;4;6;8;11;12;13;16;20;21;22;24;25;28;29;30;33;35;37;38;40;41;42;44;45;47;50;51;52;56;59;61;63;64;66;67;69;71;74;76;77;79;82;84;85;86;87;89;94;95;96;98;100;101;102;103;104;109;110;112;113;114;115;118;121;125;127;128;131;132;133;134;135;136;139;145;147;148;149;150;151;152;155;157;166;167;170;172;173;176;177;180;181;183;186;187;189;192;193;198;200;203;204;205;207;208;209;210;212;215;217;219;221;224;227;229;232;236;237;241;242;243;250;251;252;255;256;258;259;260;261;267;269;271;273;274;279;280;282;283;284;285;286;287;290;293;296;298;299;300;302;303;310;313;314;316;317;318;319;320;323;326;327;328;329;331;333;335;338;340;342;343;344;345;348;351;355;357;358;359;360;361;363;365;366;368;377;378;380;384;386;387;388;395;396;400;401;404;409;413;419;424;427;431;433;434;437;438;439;440;441;443;445;446;448;450;452;454;460;461;466;467;468;469;471;473;474;475;476;477;478;479;482;486;488;489;490;492;494;496;497;498;501;508;510;516;519;522;524;525;526;532;533;534;536;537;539;540;541;542;544;545;549;554;555;558;561;562;566;567;571;572;577;581;582;584;587;588;589;590;591;593;594;598;599;601;602;603;607;609;612;613;617;618;619;620;622;623;625;626;627;629;630;632;633;634;635;636;637;641;644;645;647;649;650;651;655;656;658;659;660;661;663;664;665;666;667;668;673;674;675;676;679;680;681;683;685;686;687;688;689;690;691;692;696;697;698;700;701;702;703;705;706;709;712;713;714;715;718;719;720;721;723;725;730;731;738;741;742;744;745;747;755;756;758;761;762;763;765;770;773;774;775;777;779;782;783;785;787;788;791;793;795;797;798;799;802;803;804;805;808;809;811;812;814;816;817;818;820;822;824;825;828;829;836;838;842;844;848;850;852;853;854;855;856;861;862;863;864;865;867;868;869;870;875;876;877;880;881;882;885;886;887;889;893;896;898;899;900;901;903;906;910;912;914;917;919;921;922;924;925;928;931;935;938;939;942;945;948;949;950;953;954;956;957;959;960;962;963;965;966;967;968;971;976;979;981;982;983;984;985;986;990;991;992;995;996;1000
529;1;2;3;5;8;9;11;12;16;18;22;24;27;28;29;30;37;38;39;41;43;45;47;48;50;51;53;54;55;56;60;61;62;63;64;65;70;73;76;78;80;81;83;84;91;92;96;97;99;100;101;105;106;108;109;110;111;112;113;114;119;120;121;123;125;130;132;133;134;135;136;137;138;142;144;146;151;152;155;157;159;161;163;170;172;174;176;177;178;180;181;183;185;186;187;188;193;196;198;202;203;210;211;212;213;214;215;216;217;218;221;224;229;230;232;233;234;236;237;238;239;243;247;248;250;252;253;256;258;259;260;261;262;263;264;271;272;275;276;277;278;279;280;281;283;284;285;286;290;292;294;295;296;297;298;301;302;304;307;310;311;315;316;318;319;320;321;324;325;326;331;332;334;336;338;339;340;344;347;348;351;352;353;354;355;358;359;360;361;362;363;364;365;367;368;372;374;377;378;379;383;384;385;388;390;391;392;394;395;398;399;402;409;411;412;413;414;416;417;418;421;422;423;424;425;427;429;430;431;434;435;437;445;447;450;452;455;457;458;459;460;463;464;465;470;471;472;473;475;477;482;483;484;489;491;492;493;495;501;502;503;504;505;506;507;510;513;515;517;518;519;520;521;523;524;530;531;533;536;539;540;546;547;548;549;550;551;552;557;560;562;563;565;567;568;569;571;572;573;574;578;580;582;588;589;598;600;603;604;605;606;607;608;610;611;612;614;615;618;619;620;624;626;628;631;632;634;635;637;638;639;642;644;649;652;653;654;655;656;660;661;662;665;666;667;669;672;673;679;681;683;685;688;693;694;695;696;697;698;699;705;709;711;712;713;718;721;722;724;725;728;729;731;732;733;735;737;738;740;741;743;745;746;747;748;749;750;752;753;754;755;757;758;759;760;762;765;767;770;771;772;773;775;776;781;789;790;802;803;804;807;810;812;816;818;819;820;821;823;825;829;830;831;833;837;840;841;843;844;846;847;848;849;850;851;855;858;859;860;861;864;868;869;873;874;875;876;881;883;884;886;890;893;895;896;900;901;902;906;907;909;910;911;912;913;914;916;920;921;922;924;926;927;928;929;930;932;933;934;935;936;937;942;947;949;950;953;956;957;960;961;962;963;966;967;968;969;974;976;977;978;980;981;982;983;985;986;988;989;991;993;994;995;996;999
530;3;4;5;6;8;11;12;14;17;19;20;25;26;28;33;34;35;36;37;38;40;41;42;44;45;46;47;50;51;53;56;57;60;63;64;66;67;71;73;75;76;78;81;83;85;91;93;95;98;102;105;106;108;111;114;116;119;120;122;123;124;128;130;132;133;134;135;136;137;138;139;142;144;145;146;148;149;151;153;154;155;158;159;161;163;164;165;167;169;170;171;172;173;174;175;178;179;181;182;183;184;185;187;188;190;191;192;193;194;196;197;202;204;207;209;212;214;216;217;220;225;227;228;230;231;232;234;235;236;237;240;241;242;246;249;251;252;253;257;260;261;262;263;265;266;276;278;279;280;283;284;285;286;287;290;291;296;297;299;300;301;303;304;307;308;310;311;312;313;314;316;317;321;326;327;332;334;338;339;342;344;347;348;350;353;356;357;358;363;365;366;368;369;370;371;373;374;375;376;380;381;390;396;398;399;401;404;405;407;408;411;416;417;419;421;422;426;428;433;437;440;441;442;448;450;454;455;456;461;462;463;466;467;468;472;477;479;480;481;482;484;489;491;494;497;499;500;501;503;504;507;510;518;519;526;527;529;531;532;533;534;535;536;537;538;539;544;547;550;551;553;555;556;557;558;559;560;564;566;572;573;579;580;583;585;586;587;588;589;591;592;593;595;598;600;603;605;606;607;609;612;613;615;617;619;621;622;624;625;626;627;635;637;639;640;641;643;644;648;650;652;656;659;660;661;662;665;667;668;670;672;674;675;681;682;683;685;689;690;691;694;695;696;699;700;702;704;707;709;710;713;715;719;721;722;724;725;730;736;739;744;746;747;748;749;753;755;758;763;764;765;767;768;769;770;771;775;776;778;780;782;785;788;791;793;794;796;797;799;802;804;805;806;808;811;812;815;822;827;835;837;838;839;840;843;846;849;850;851;852;854;855;860;864;866;868;872;874;875;876;878;880;882;883;889;890;891;892;893;896;897;898;902;905;906;907;909;910;911;913;914;915;926;927;928;930;931;932;933;934;937;938;939;940;943;947;948;950;953;955;958;959;964;969;971;973;977;978;979;980;984;988;991;992;994;995;996;998;999;1000
531;5;7;10;11;14;15;16;17;21;23;24;25;26;27;28;34;37;38;39;40;42;43;49;51;52;55;63;67;68;69;70;71;75;82;84;85;88;90;93;95;96;97;101;104;108;110;111;112;113;116;117;119;121;124;126;127;128;129;130;131;133;134;135;136;137;142;143;144;146;151;153;154;157;159;160;161;162;164;166;169;172;173;175;178;179;180;182;186;188;189;191;192;193;194;195;197;200;202;203;205;206;209;211;213;214;216;217;218;219;222;223;224;225;226;227;231;232;234;236;238;240;241;242;245;247;248;249;251;253;254;256;257;258;260;264;268;270;272;276;278;281;284;286;288;290;292;293;294;295;296;299;301;304;305;306;308;310;311;313;318;319;321;323;324;325;326;329;330;331;332;335;336;337;338;341;343;345;349;351;352;353;354;356;357;358;359;361;362;364;366;367;370;373;374;375;376;378;379;383;386;388;389;395;397;398;400;402;407;408;415;417;421;422;425;428;429;431;432;433;434;435;437;439;440;441;442;443;445;446;447;453;454;456;458;460;462;463;464;466;467;469;471;472;474;476;477;481;484;486;487;488;491;492;493;497;500;502;503;505;506;507;511;515;517;518;519;522;523;526;527;529;530;532;535;539;540;542;545;546;547;548;549;550;552;553;554;558;559;562;563;568;569;571;574;575;576;577;578;579;580;582;583;586;588;589;590;593;600;603;604;611;612;613;615;616;621;625;628;629;632;637;640;641;642;643;645;650;651;652;655;658;659;660;661;664;665;668;669;670;671;672;673;674;675;676;677;678;680;682;685;686;688;689;692;694;697;700;701;703;707;708;709;710;712;713;714;715;716;722;723;724;725;727;728;731;736;737;738;741;745;746;754;757;758;761;763;772;774;782;784;786;788;791;792;795;796;798;799;802;803;804;805;807;808;809;810;811;814;815;822;826;829;831;833;835;836;841;843;844;845;847;849;853;854;855;856;857;858;860;861;862;863;864;865;869;870;872;873;876;877;880;882;885;887;888;892;893;895;897;900;901;902;903;904;905;907;908;909;911;912;913;914;915;917;918;920;921;925;926;929;932;933;940;942;943;944;949;951;955;957;958;959;961;962;963;967;969;973;975;976;979;981;983;987;990;994;995;996;997;998;1000
532;1;7;8;10;13;15;16;17;18;20;21;24;27;30;31;32;35;37;39;41;42;43;44;46;47;48;49;51;52;54;56;57;58;60;61;63;65;66;67;69;70;72;74;75;78;80;81;82;84;88;89;93;94;95;96;98;99;101;105;109;111;112;113;115;116;118;119;120;124;125;127;129;130;131;134;135;138;139;141;142;144;146;147;148;150;151;152;153;157;158;160;162;165;166;167;171;172;174;176;178;180;181;183;187;192;193;194;198;200;202;203;204;206;208;209;211;215;217;218;219;220;223;224;225;226;229;230;232;236;240;244;246;247;248;249;251;253;254;263;264;266;268;269;270;271;274;277;278;281;282;283;288;289;294;298;299;300;302;304;305;310;311;312;315;316;321;326;327;331;332;335;338;341;343;344;346;347;349;353;355;357;358;362;363;367;368;369;371;374;375;377;379;389;395;397;400;401;402;403;404;405;406;409;411;412;413;416;418;421;422;423;424;427;428;431;433;435;437;438;439;440;442;446;453;454;456;457;458;462;468;469;470;471;472;475;477;480;484;486;487;488;489;490;495;497;498;500;501;502;505;506;508;509;511;513;514;515;517;518;519;521;522;523;525;528;530;531;533;535;539;543;544;545;546;547;549;551;554;561;563;567;569;573;574;576;578;581;583;585;587;589;591;592;593;595;602;604;605;606;607;608;609;613;615;617;619;621;622;625;626;630;631;633;634;635;636;641;646;647;648;649;651;654;656;658;659;661;662;663;668;669;670;671;675;676;678;681;683;684;685;690;691;694;695;698;700;703;704;706;709;712;714;716;717;718;719;720;723;725;726;727;728;730;735;737;741;742;744;745;747;749;750;752;753;754;755;757;761;762;764;765;767;768;770;771;772;773;774;775;776;778;779;781;784;786;787;788;793;795;799;801;803;805;806;807;809;812;813;816;817;819;820;821;823;824;825;826;828;829;831;832;833;836;837;838;839;842;843;844;848;849;857;861;863;865;866;867;869;870;873;874;875;878;880;881;884;887;888;890;891;892;894;895;898;901;904;905;908;912;915;919;920;921;925;926;928;929;930;931;932;935;937;944;945;947;950;952;956;960;962;963;967;970;974;975;976;979;982;983;984;986;987;988;989;991;992;993;994;995;996
533;1;4;5;7;8;9;11;12;14;18;19;21;22;23;26;27;31;38;39;40;41;43;45;46;47;49;50;51;53;56;57;59;62;63;65;66;68;69;71;72;73;75;76;78;79;80;81;82;84;85;86;87;88;91;92;94;96;97;98;99;100;104;109;111;113;114;117;118;120;129;130;132;133;135;138;139;140;146;147;150;152;153;157;158;160;161;163;165;172;175;176;178;179;180;182;188;189;193;194;196;197;200;201;204;206;208;211;216;217;219;220;221;222;224;226;234;235;236;237;238;239;240;241;245;247;255;257;258;259;262;266;267;268;270;272;274;275;277;280;282;289;290;291;294;296;297;299;301;303;305;307;308;309;310;311;314;316;317;318;320;324;325;328;330;332;336;337;339;340;341;342;344;348;351;354;355;358;359;362;365;366;367;369;370;371;372;374;378;379;380;381;382;384;385;387;389;392;395;398;405;406;411;412;414;415;416;417;418;422;423;424;432;433;437;439;440;441;443;449;453;459;460;462;465;470;472;477;480;481;484;487;488;490;491;492;497;500;501;503;504;505;514;515;516;517;522;523;525;526;527;528;529;530;532;534;535;540;541;542;543;544;545;546;547;548;550;552;553;554;555;557;558;561;562;565;567;568;569;570;571;572;573;574;579;580;583;585;587;591;595;597;598;602;603;605;606;609;613;615;616;617;618;620;621;623;625;626;627;628;630;631;632;633;636;637;638;644;647;648;649;650;653;655;656;657;659;660;662;663;664;665;666;667;668;669;670;671;675;677;678;679;682;683;684;688;690;693;698;700;704;705;708;709;711;713;714;716;718;721;722;725;726;727;728;730;731;732;733;734;735;740;742;745;746;749;751;754;756;757;758;760;763;767;768;769;771;772;774;777;779;783;784;791;792;793;797;798;801;803;804;807;810;811;813;814;815;817;818;821;822;825;829;830;833;834;837;841;843;846;847;850;852;853;856;857;859;860;863;864;866;867;876;881;882;884;886;888;889;891;893;894;898;900;903;905;906;910;911;913;915;916;917;918;919;921;923;926;928;929;930;931;933;934;935;939;940;944;946;948;949;950;951;952;954;955;960;962;963;966;968;969;970;972;973;974;975;980;981;983;985;986;989;990;991;993;994;997;1000
534;2;4;7;10;13;14;15;16;17;18;22;23;25;26;27;30;31;33;35;36;40;41;42;43;46;48;49;51;53;56;57;58;60;61;63;64;65;66;67;71;72;73;75;76;81;82;83;84;87;91;93;94;97;98;99;100;102;104;107;109;113;117;118;122;123;124;125;128;130;131;135;137;138;139;140;143;145;146;149;151;153;155;156;157;159;160;161;162;165;166;168;169;170;172;179;183;184;185;186;190;191;192;195;196;197;198;199;200;201;205;207;213;214;215;216;217;218;219;223;225;226;227;229;230;233;236;237;238;239;244;246;248;249;251;252;254;255;258;259;261;265;266;269;271;272;273;275;276;278;279;282;285;286;290;292;294;296;297;300;304;305;307;308;309;312;316;320;325;326;331;332;334;335;336;339;341;342;343;345;346;347;348;350;353;354;356;357;358;360;361;362;365;369;373;374;375;378;381;382;385;387;388;389;390;393;395;396;397;401;402;403;406;409;410;412;413;414;418;419;421;422;425;427;429;430;434;436;437;439;443;444;448;449;451;452;454;455;457;461;462;463;464;466;468;469;471;472;476;477;478;479;480;483;484;485;487;488;491;494;495;498;499;504;505;506;507;509;510;512;514;515;516;518;521;526;528;530;533;536;537;539;541;542;545;548;549;550;554;555;556;558;561;562;564;567;571;572;575;578;579;581;582;584;585;587;588;591;593;595;597;599;603;604;606;607;608;610;614;615;616;619;622;625;627;628;629;630;632;633;636;637;642;643;646;647;650;653;654;659;662;663;664;665;666;667;670;671;672;673;675;677;681;682;686;688;689;690;692;695;698;699;701;703;705;709;710;711;714;717;718;719;720;722;723;729;730;731;734;737;738;742;743;746;750;751;752;753;754;757;758;761;762;763;766;767;771;773;775;776;779;780;781;783;784;786;788;790;794;795;798;799;800;801;804;806;807;810;812;813;815;820;823;824;825;826;828;830;832;833;834;837;841;843;845;847;853;856;859;860;861;862;863;864;865;866;872;873;876;877;878;879;880;883;884;886;887;889;891;893;895;898;900;901;902;904;905;908;909;912;913;916;917;918;922;923;925;926;927;929;930;931;932;934;936;937;938;940;941;942;944;945;946;947;948;949;950;951;954;955;959;960;965;967;969;970;971;972;973;974;975;979;980;986;987;991;992;994;995;996;997;999
535;1;2;4;5;7;8;11;13;14;15;18;22;24;25;28;29;33;35;39;41;42;43;44;46;47;49;50;54;55;56;58;61;63;64;65;66;68;76;77;79;80;82;83;84;85;87;92;93;94;100;101;109;111;113;115;116;117;121;122;123;124;125;126;128;130;132;134;136;137;139;145;147;148;150;152;153;155;156;157;159;160;161;162;166;167;168;169;173;175;177;178;179;182;183;188;191;194;196;197;198;202;204;205;206;207;211;212;213;214;215;216;219;220;225;230;231;236;237;238;240;242;243;245;250;254;256;259;260;264;265;267;269;270;271;274;275;276;277;278;279;281;282;285;286;287;292;294;296;304;309;312;314;315;322;324;327;328;329;333;334;339;342;344;345;352;353;354;356;358;359;360;362;363;364;367;369;372;374;376;377;378;389;390;391;393;399;401;402;403;408;409;410;411;416;417;419;422;423;426;427;429;430;432;435;437;439;440;441;445;450;452;453;461;464;465;466;468;471;473;474;475;476;477;480;484;487;488;490;491;493;494;496;497;499;501;503;505;510;511;512;514;515;517;519;520;521;523;524;526;527;530;531;532;533;536;537;538;539;540;541;545;546;548;549;550;552;554;557;558;562;563;564;565;566;567;572;573;574;575;576;580;581;582;583;585;587;592;594;595;596;600;601;602;603;604;605;606;607;610;612;613;614;615;617;619;621;625;626;627;629;630;633;635;638;640;642;643;645;647;648;651;652;657;659;660;661;663;664;666;667;669;671;672;673;675;676;677;679;682;683;684;685;688;690;691;693;694;695;697;699;700;707;708;711;714;715;716;717;718;719;720;723;724;730;732;733;734;736;738;743;746;748;749;751;752;754;755;756;758;765;769;771;772;774;779;782;783;786;790;791;792;793;795;796;798;800;801;805;808;809;810;812;813;815;817;818;822;825;827;829;830;832;833;834;838;840;841;844;847;848;850;851;852;855;856;858;860;861;864;865;871;872;875;876;877;879;881;882;883;886;887;889;890;893;895;896;897;899;901;902;903;904;905;908;909;912;914;915;917;919;920;923;924;925;926;930;933;934;936;937;938;939;940;941;944;947;949;950;951;955;957;960;971;972;973;977;979;982;983;988;989;992;993;994;995;996;998;999;1000
536;1;2;3;5;6;7;8;10;13;14;16;17;18;19;20;22;24;25;26;27;34;37;38;39;41;43;44;46;49;51;53;54;56;58;59;63;65;66;67;68;69;71;74;75;76;77;81;82;83;84;86;87;91;94;95;96;100;101;102;103;105;106;107;110;111;114;116;117;122;124;125;127;129;132;139;141;143;144;147;151;152;153;155;156;158;159;161;162;166;167;168;169;172;174;175;179;181;185;186;191;194;195;201;203;204;210;213;216;217;222;223;224;225;226;227;231;233;236;239;241;244;247;248;249;250;254;255;257;259;263;265;266;268;269;272;274;275;276;280;281;283;284;287;290;293;295;296;297;298;299;301;302;304;306;307;309;312;316;317;320;323;326;328;329;330;333;336;337;340;343;344;345;347;350;351;352;355;357;359;360;361;362;363;364;365;370;371;372;375;376;377;379;380;381;383;384;388;389;390;392;393;395;396;397;399;401;402;403;407;408;409;410;412;414;415;417;418;423;424;425;426;428;431;432;434;435;439;440;441;443;449;450;452;453;456;463;465;466;470;472;476;477;478;479;484;485;490;495;496;497;498;499;501;504;505;506;507;509;510;513;514;516;517;519;520;521;526;528;529;530;534;535;537;538;539;543;544;547;549;550;551;552;554;557;560;562;565;566;568;570;573;575;576;580;583;587;590;591;593;595;596;597;598;599;600;601;606;609;610;611;612;613;618;621;622;625;626;627;629;630;632;633;634;635;637;638;641;645;646;648;650;651;652;655;657;660;662;663;665;668;670;672;674;675;676;677;678;680;684;686;688;690;691;692;694;696;698;701;702;706;709;710;711;716;717;718;723;725;726;727;728;729;730;731;738;741;742;744;745;748;749;750;754;756;761;762;763;764;766;767;769;770;773;774;775;778;783;785;786;791;793;794;799;800;801;802;805;808;809;810;811;814;815;816;817;819;821;823;827;829;830;831;834;836;838;839;844;847;848;851;853;855;856;858;859;862;864;866;869;870;871;873;874;876;878;879;881;887;889;890;895;896;900;901;903;907;912;915;916;917;918;919;920;923;924;927;928;929;932;933;935;936;937;938;945;946;948;950;951;952;953;955;959;966;967;969;970;975;976;977;982;983;984;987;988;991;994;995;996;998;999;1000
537;1;2;5;8;11;15;16;20;21;27;30;32;34;36;38;39;40;41;42;43;46;48;51;52;55;58;61;63;66;71;72;76;77;79;81;83;85;86;87;88;89;92;95;96;97;98;99;100;107;110;113;115;117;125;126;127;128;129;131;132;133;134;139;140;142;144;146;149;151;154;157;159;162;163;164;168;171;173;175;176;178;180;181;184;185;186;193;195;198;199;200;205;208;209;211;214;215;216;219;223;224;225;226;229;231;232;237;240;244;245;248;252;257;258;259;261;262;263;264;266;267;269;270;271;273;274;279;280;283;285;286;291;295;297;300;303;304;305;307;308;309;310;314;316;326;327;328;332;338;339;340;341;345;349;351;353;354;355;358;362;363;364;367;368;374;375;377;383;384;388;390;391;392;393;394;396;398;400;402;403;404;405;408;409;411;412;413;414;416;417;418;419;421;422;424;426;428;429;430;431;436;439;441;443;446;447;448;449;452;453;456;457;458;460;461;462;463;464;467;472;475;481;484;486;488;492;494;495;496;497;499;500;502;505;508;509;516;518;521;522;524;526;528;530;534;535;536;539;542;544;545;548;550;551;552;555;556;557;560;562;566;568;569;570;573;578;579;582;584;587;589;590;593;595;596;597;598;599;600;601;602;603;604;605;606;607;610;612;613;614;616;618;619;621;625;631;636;637;642;643;644;646;650;651;652;654;657;658;659;660;662;669;672;674;676;678;679;680;681;685;686;687;689;690;691;694;695;700;701;702;703;704;705;708;709;710;714;715;716;719;720;721;724;727;728;730;733;734;736;738;739;740;742;748;750;751;754;755;757;758;760;765;768;773;777;779;780;782;784;787;789;790;793;801;802;805;806;808;810;812;817;818;819;820;821;822;825;827;828;829;830;833;834;837;839;840;842;843;845;848;849;850;851;853;860;863;864;865;871;872;876;877;879;880;881;882;885;887;888;890;891;893;895;900;903;904;905;908;909;915;917;919;922;923;926;927;930;931;933;934;935;936;937;938;939;940;944;945;946;947;952;954;955;958;960;961;963;964;965;967;968;970;972;974;975;976;977;978;979;980;983;985;987;988;995;997;998;999
538;1;3;5;7;8;9;12;14;16;19;20;22;29;31;33;34;35;36;37;38;39;42;43;45;48;49;50;51;55;59;60;64;71;74;81;82;84;90;91;95;96;97;100;102;104;105;106;112;113;116;117;118;119;123;124;125;129;130;134;138;139;141;142;145;146;148;149;150;152;153;157;159;163;165;167;170;171;175;176;179;180;181;185;186;187;189;190;191;193;195;196;199;200;201;202;203;204;205;206;207;211;212;213;215;216;217;219;220;222;223;225;229;231;233;236;239;240;241;245;247;249;254;257;259;260;263;264;265;266;267;272;275;276;278;279;280;284;291;293;294;302;304;305;308;310;311;313;315;317;322;323;325;326;327;329;330;331;334;335;337;338;340;342;344;348;352;353;354;357;358;360;362;363;364;365;366;370;371;374;375;376;380;381;384;385;386;387;389;391;392;393;395;400;402;403;404;407;410;412;415;417;418;422;425;426;427;428;429;431;434;435;438;440;443;444;445;455;458;460;461;462;463;467;468;469;470;473;474;476;477;479;480;483;484;487;491;493;496;497;499;501;502;504;506;508;509;510;511;514;515;519;520;521;523;527;530;535;536;539;540;541;542;544;547;548;550;554;555;556;557;560;562;566;568;570;571;573;575;577;578;579;583;584;585;586;589;590;592;593;594;595;596;598;599;604;605;606;607;612;613;615;624;625;627;629;631;634;635;637;638;640;641;643;648;651;653;654;655;656;659;662;664;665;667;669;670;674;676;677;679;681;684;685;687;689;691;693;694;698;699;701;702;706;709;710;711;712;713;714;721;722;724;726;729;730;737;738;739;741;743;749;750;751;754;758;760;761;764;767;768;773;774;776;777;778;780;781;782;783;784;789;790;791;792;793;795;796;799;801;803;806;809;812;813;814;815;816;819;822;826;827;832;833;834;835;841;842;843;849;850;851;854;855;857;860;862;863;870;872;875;877;881;882;884;886;887;892;893;897;898;899;903;904;905;906;909;910;911;913;915;916;917;920;921;922;923;924;925;928;929;932;934;936;940;943;945;947;948;950;952;956;960;961;962;963;965;966;967;968;969;970;973;975;976;977;979;983;985;989;992;993;994;996;997;1000
539;1;4;6;12;17;18;19;20;23;24;26;27;30;31;33;35;36;40;41;43;44;46;49;51;52;53;54;55;62;64;65;66;68;70;71;72;73;74;78;79;81;82;83;86;88;89;90;91;93;94;95;96;98;99;100;104;105;108;109;110;113;115;116;118;125;127;128;129;131;133;135;142;143;144;145;146;150;152;153;154;156;157;159;162;163;164;165;167;168;169;170;171;172;176;179;180;181;182;183;184;185;186;187;188;189;190;194;195;196;197;198;199;200;202;204;205;206;207;210;211;212;213;216;218;219;221;222;223;224;225;226;227;230;231;232;233;235;237;242;243;245;246;247;250;251;252;253;256;257;260;262;267;268;273;275;277;280;282;283;285;288;293;294;296;298;301;302;305;307;308;312;313;316;318;319;320;323;324;329;330;332;333;337;340;341;342;346;348;352;354;359;362;363;364;365;366;367;371;373;375;376;378;379;382;384;385;388;393;395;396;397;398;399;401;402;403;404;405;406;407;408;409;410;412;415;416;417;418;419;420;421;424;427;429;432;433;434;436;437;438;440;443;444;445;446;447;448;452;454;456;459;465;469;470;476;477;480;484;485;487;488;489;491;492;493;494;496;498;500;501;503;505;507;509;513;516;521;522;523;527;528;529;530;531;532;534;535;536;537;538;540;543;545;546;549;554;555;556;562;564;565;566;567;568;569;570;571;574;577;578;579;582;583;584;587;588;590;596;598;600;601;606;607;611;612;613;615;616;617;618;620;623;624;626;628;629;631;637;639;641;646;647;648;650;652;653;657;658;663;664;665;668;670;671;674;675;678;679;680;681;682;683;684;685;692;693;696;699;700;701;704;706;707;711;712;713;714;716;717;719;722;724;728;730;731;735;739;742;747;748;754;756;757;758;760;761;763;764;765;769;770;773;774;776;783;787;788;789;790;794;797;798;799;800;803;804;806;807;809;810;811;812;814;816;817;818;819;820;822;824;830;833;835;836;837;838;840;843;844;848;849;851;857;858;859;860;864;868;871;872;874;875;876;877;878;879;880;883;884;885;886;888;889;890;892;893;894;895;896;898;899;900;901;905;907;908;910;912;916;919;924;928;933;935;936;938;939;940;941;944;945;947;948;951;956;960;965;966;967;968;969;970;971;972;975;981;982;984;985;992;993;994;995;996;998
540;4;9;10;11;13;17;18;19;20;22;23;24;26;28;30;31;32;34;35;38;39;40;42;43;48;50;53;59;61;62;63;64;65;67;69;70;79;80;81;84;85;86;87;89;92;94;96;97;98;101;102;103;106;112;113;115;116;119;120;122;124;126;127;128;130;131;134;135;138;139;141;142;143;145;146;147;148;150;151;154;155;157;161;163;165;169;172;173;177;180;181;183;185;188;192;196;198;203;204;205;209;210;214;215;217;219;220;222;224;225;226;227;228;231;232;233;237;238;240;241;244;246;247;249;251;254;258;263;266;267;268;269;271;272;273;274;275;277;282;284;292;293;294;298;300;301;302;305;311;312;314;316;317;318;320;321;323;325;327;328;330;331;332;334;335;338;340;342;343;344;345;346;347;349;352;355;356;359;360;362;363;364;367;369;370;372;373;374;377;378;381;382;385;386;388;389;390;392;394;395;398;400;403;404;406;408;409;410;413;414;415;416;421;423;425;428;429;430;434;435;437;439;441;443;444;447;448;450;455;458;460;464;465;471;473;475;478;481;483;486;492;494;499;500;501;502;503;507;510;513;515;520;522;524;525;526;527;528;529;531;533;535;538;539;541;543;544;546;547;549;550;551;552;553;554;560;561;562;566;567;569;572;573;575;578;579;581;582;585;586;592;603;605;607;608;611;614;615;621;622;627;629;631;632;634;635;636;637;638;639;646;648;650;654;655;656;659;660;663;664;665;670;671;672;673;674;676;677;678;679;680;683;684;685;686;688;689;691;693;694;695;696;697;699;700;703;704;705;706;713;716;717;719;720;727;728;730;731;732;737;738;740;743;744;746;748;750;751;755;757;758;760;762;763;765;769;773;776;779;780;781;783;785;786;787;789;790;792;793;796;799;801;802;803;805;806;807;808;810;817;819;822;824;827;828;831;832;834;835;840;842;844;845;846;847;848;850;855;859;860;861;864;865;868;869;873;875;876;877;879;880;881;882;884;885;887;888;889;893;894;896;898;899;900;903;904;905;909;913;915;921;922;924;928;929;931;933;936;937;939;940;945;947;949;951;952;953;954;959;960;963;964;966;968;971;973;974;975;976;977;982;987;989
541;4;5;6;13;14;15;17;18;19;20;21;23;26;27;28;30;32;33;35;36;44;45;52;54;55;63;66;67;71;72;74;75;77;80;81;85;86;87;88;91;95;96;100;102;103;106;109;113;114;119;121;122;128;130;135;136;137;141;143;148;149;151;152;156;158;159;161;165;169;172;174;176;178;179;180;181;184;185;186;187;190;191;193;194;196;197;198;202;203;207;208;211;213;220;221;224;225;227;229;230;235;240;241;245;246;247;257;258;259;260;261;266;267;268;270;272;273;274;275;280;283;284;286;293;294;301;302;303;309;310;312;313;315;316;317;320;322;325;327;328;330;331;332;333;334;337;339;341;344;345;346;348;349;351;352;353;354;355;356;358;359;360;361;363;365;366;368;369;371;372;373;374;375;376;379;380;382;385;386;388;390;393;394;395;396;397;399;402;409;411;414;415;416;417;418;419;425;426;429;430;432;435;436;437;438;439;440;441;442;443;444;445;446;448;449;452;453;455;457;458;460;461;463;464;466;467;470;471;472;473;475;476;478;479;480;482;485;487;489;492;494;495;497;499;500;506;508;510;512;516;517;518;519;521;522;524;527;528;533;534;535;538;540;543;544;546;549;550;552;554;556;557;558;559;560;562;563;568;573;575;579;580;581;582;583;585;589;592;593;596;598;599;602;603;604;605;606;611;612;616;624;626;628;629;630;631;636;638;639;643;645;646;647;649;654;655;658;659;661;662;663;664;665;667;668;669;670;671;676;679;680;681;682;683;686;688;689;693;700;701;702;703;708;709;711;717;718;721;722;723;725;727;729;730;731;732;733;734;737;738;739;740;741;742;745;748;753;754;758;759;760;761;763;774;777;778;779;780;781;785;786;787;788;789;793;795;798;800;801;802;804;806;807;808;809;810;811;813;814;815;817;818;819;820;823;824;826;827;828;829;830;832;834;838;840;841;843;844;845;848;849;852;853;854;857;858;859;860;870;871;874;875;876;880;881;884;885;887;891;893;894;895;896;904;907;908;910;911;912;913;915;916;917;919;921;922;923;924;925;926;928;929;933;934;935;939;940;941;942;943;944;945;947;948;951;952;954;955;958;959;960;961;963;964;965;966;967;969;971;973;974;977;980;981;983;984;985;987;989;990;992;993;994;995;997;998
542;1;3;4;6;7;9;10;11;13;14;15;19;20;26;27;28;31;34;37;38;39;40;41;43;46;48;55;56;57;61;62;63;65;66;67;70;71;72;76;79;83;84;86;87;89;90;93;96;97;99;100;103;104;106;107;108;110;112;114;117;118;120;121;130;132;133;141;142;144;148;151;152;153;155;157;158;160;163;164;167;168;171;172;173;177;181;183;184;185;187;190;191;192;198;199;201;202;206;208;209;210;213;214;215;216;220;221;223;226;228;229;230;231;232;233;234;235;236;237;238;239;240;241;244;246;249;250;251;252;257;259;260;261;263;265;269;270;271;273;274;276;277;279;281;283;285;287;289;290;292;295;296;300;305;306;307;308;309;310;312;313;317;319;320;322;323;324;325;326;328;329;330;332;336;337;340;342;344;346;347;349;351;352;355;356;358;361;364;368;370;371;372;373;375;377;378;383;384;385;387;397;398;400;406;408;411;413;414;416;418;421;422;424;425;426;427;428;431;432;434;435;437;438;440;441;442;444;445;447;449;450;451;452;453;454;457;458;461;462;463;467;468;470;475;476;477;482;483;484;494;495;497;502;504;505;508;509;510;511;514;515;517;520;523;524;526;528;531;533;534;537;538;546;547;550;551;552;553;554;555;556;558;560;563;564;567;570;571;576;580;581;582;583;586;587;589;590;592;593;596;597;600;601;602;605;607;608;609;610;612;613;614;616;619;621;622;623;626;629;630;631;632;637;638;639;640;641;642;643;644;646;649;650;653;655;657;659;663;664;665;666;670;676;678;682;684;685;686;687;689;691;692;694;695;699;701;702;703;705;708;711;714;716;718;719;720;721;722;725;726;727;729;732;736;738;739;742;743;745;747;748;749;753;754;757;758;759;762;763;764;765;766;767;771;772;773;775;776;778;779;780;783;784;786;789;791;793;794;795;796;797;799;800;803;807;809;810;811;812;813;816;818;819;822;825;827;831;837;840;844;845;847;848;849;850;852;853;854;856;859;860;861;862;864;872;873;874;877;878;879;881;887;889;893;895;896;902;912;913;914;916;917;919;920;925;926;928;931;933;936;942;944;945;946;947;948;949;950;951;954;955;957;958;962;964;966;968;969;980;981;982;984;987;990;991;992;994;995;996;997;998
543;3;5;6;7;17;18;19;20;22;23;25;26;27;29;31;33;35;36;37;38;39;41;42;44;45;46;47;49;50;52;53;54;56;57;58;59;63;65;66;67;68;72;74;77;78;80;82;83;84;87;90;92;96;97;100;101;107;115;120;123;125;126;127;128;130;134;137;138;140;145;146;148;149;151;154;157;158;159;160;161;162;163;164;165;166;169;170;172;173;175;176;178;185;187;188;189;190;191;194;195;199;201;204;206;210;211;220;221;224;226;229;232;234;235;236;240;241;242;244;246;248;252;253;255;257;258;259;262;265;266;268;269;271;274;275;278;279;280;281;283;284;286;288;290;291;293;294;299;300;302;306;308;309;312;323;326;327;328;329;333;335;337;338;339;340;341;343;346;349;351;353;354;356;357;358;361;364;366;368;370;371;372;373;379;380;381;382;383;386;388;390;398;399;400;401;403;404;405;408;409;411;412;413;415;416;417;420;421;422;423;424;426;428;429;430;431;432;436;437;438;439;445;447;451;453;454;455;458;462;464;467;469;470;472;473;476;479;481;482;483;487;488;496;497;498;500;503;504;507;508;512;513;519;521;522;524;525;532;533;536;539;540;541;544;545;547;548;554;557;559;563;564;565;566;568;569;570;572;574;577;579;580;583;586;588;589;596;598;599;600;601;602;603;605;606;607;608;610;622;623;628;629;630;631;632;636;638;639;640;643;646;650;651;654;657;658;662;663;665;666;667;668;669;671;676;681;683;684;687;689;691;695;696;699;700;701;702;703;704;706;707;708;709;712;714;715;721;726;727;730;732;735;736;740;743;744;747;748;752;754;756;758;759;760;764;765;770;771;772;779;780;781;786;788;790;791;792;795;797;798;799;803;805;811;814;815;820;821;822;827;828;829;830;831;832;833;834;840;842;847;848;849;850;851;854;856;858;861;862;863;864;866;867;868;871;873;875;878;879;882;884;885;887;888;889;890;892;893;894;895;896;897;900;901;903;906;907;911;914;916;917;918;919;920;923;924;925;928;931;932;935;936;937;938;939;940;941;943;944;949;950;951;957;959;960;961;962;963;964;965;966;967;968;969;971;974;975;976;979;982;985;987;989;991;992;993;994;995;997;998
544;1;8;10;11;14;19;21;22;25;27;28;29;30;34;37;39;40;41;42;44;49;50;51;52;57;58;60;61;64;65;67;68;69;74;78;79;80;81;82;83;84;85;86;87;90;94;95;96;97;105;107;109;111;112;113;114;116;117;118;120;121;122;123;124;125;126;130;131;133;135;136;138;140;141;143;144;147;150;153;154;158;160;164;165;167;169;170;172;173;178;180;182;185;186;191;192;196;199;200;202;204;205;211;215;216;218;219;222;223;225;227;228;232;233;234;235;236;237;242;243;244;247;251;252;253;254;255;256;257;258;259;260;261;262;263;264;267;269;270;271;272;273;274;275;276;277;279;280;282;283;284;285;289;293;294;295;298;299;300;302;303;304;307;308;312;313;314;316;317;318;319;320;322;324;327;329;330;334;336;337;339;340;341;342;343;345;347;348;349;352;356;359;362;364;365;367;369;370;373;379;381;382;384;387;388;389;390;391;392;393;394;395;398;399;404;407;410;412;414;416;417;419;425;430;432;434;436;437;438;439;444;447;448;449;457;459;463;467;468;470;471;474;475;476;479;481;482;484;489;493;497;498;499;501;503;504;505;509;510;511;513;514;517;520;523;525;526;527;528;530;532;533;536;537;538;540;541;543;545;547;549;551;552;553;558;560;562;567;569;570;571;572;574;578;579;584;585;586;587;588;589;590;592;593;594;596;598;599;600;601;603;604;605;606;608;610;611;612;613;614;616;617;618;619;620;621;622;623;624;625;627;628;629;630;636;637;638;641;643;645;646;648;650;658;662;663;666;667;668;672;673;676;678;679;682;686;687;690;693;695;698;702;704;709;710;711;712;714;716;717;718;719;723;726;727;729;730;731;732;733;734;737;738;740;741;742;745;746;747;752;753;757;760;765;766;767;768;769;770;771;773;774;775;778;779;780;781;782;783;784;785;786;788;792;793;797;799;801;802;806;811;812;815;816;818;821;822;824;826;828;829;830;831;833;834;835;837;838;839;843;847;849;851;855;856;857;861;866;867;870;871;872;875;876;880;881;882;884;886;887;888;889;890;891;893;894;896;899;900;901;903;906;908;909;911;913;914;916;917;918;920;921;922;925;927;929;930;931;933;934;938;939;942;944;946;948;952;953;955;957;960;961;962;963;964;965;966;967;969;970;972;973;974;975;979;981;982;983;986;990;991;995;997;998
545;2;5;6;7;8;9;10;16;18;20;25;29;31;32;33;34;35;37;39;40;41;45;46;47;48;52;54;57;59;61;62;64;66;67;68;69;70;72;73;75;76;77;78;81;82;84;85;87;92;95;98;100;102;103;107;108;110;114;118;119;125;128;129;131;136;137;142;143;146;147;149;150;152;155;160;164;168;170;173;174;179;182;184;185;186;188;191;192;194;196;197;198;200;206;208;209;211;213;214;215;216;218;220;221;222;226;228;229;230;232;233;234;240;241;242;245;247;248;249;251;254;255;256;258;259;261;262;263;264;265;267;268;269;271;272;275;276;277;278;279;280;281;283;285;286;288;289;294;295;296;298;299;301;302;303;304;305;306;307;308;309;315;317;321;324;325;326;329;330;334;338;339;340;344;346;348;349;354;356;359;361;365;371;376;380;382;383;385;388;391;395;396;398;400;404;406;408;409;410;411;414;415;419;421;422;423;424;426;427;430;431;435;438;443;445;446;447;448;450;451;453;454;456;459;460;463;468;469;473;476;477;478;479;480;481;483;485;488;490;491;493;496;497;498;499;502;503;505;506;509;510;513;514;517;518;520;522;523;524;527;528;531;532;533;534;535;537;539;543;544;550;553;554;556;558;559;563;564;565;566;567;568;569;571;572;573;574;578;579;583;591;595;598;599;600;603;605;606;607;608;610;612;614;615;616;621;622;623;625;627;633;634;636;637;638;639;640;641;643;644;647;652;654;655;656;658;661;662;666;667;669;670;671;673;675;677;678;681;684;685;686;688;689;693;694;695;697;699;700;702;705;706;707;709;712;714;717;719;720;721;722;723;725;726;728;729;731;733;734;735;736;738;739;740;741;743;744;746;747;749;751;752;754;755;757;760;763;765;766;769;770;772;773;774;776;779;780;783;784;786;794;800;803;804;806;808;809;811;813;814;815;818;823;825;826;827;830;831;833;834;835;836;839;843;845;846;847;850;851;852;853;858;859;862;863;864;865;869;871;872;873;875;876;877;878;879;880;884;886;888;891;893;894;896;897;898;899;900;901;903;904;906;907;908;911;914;918;921;923;924;926;927;931;932;933;934;935;938;940;943;947;949;950;953;954;955;957;959;960;961;962;964;966;967;969;971;973;974;977;978;979;983;984;986;990;991;992;993;994;996;997;998;999
546;1;3;5;6;8;9;12;13;14;19;20;26;27;28;29;30;31;32;37;39;41;42;45;48;49;50;51;54;57;58;61;62;63;64;69;71;75;76;77;78;79;80;81;82;87;88;92;93;95;96;99;102;103;104;109;111;116;117;119;121;122;124;126;129;133;141;142;143;145;148;149;152;153;154;156;157;158;159;161;164;165;168;170;171;175;176;179;184;186;190;192;193;194;199;201;202;211;213;215;218;219;221;222;223;226;227;229;232;233;234;236;241;242;244;246;247;248;249;250;255;257;258;259;261;263;265;266;270;272;273;279;280;287;288;290;293;294;295;296;299;301;302;306;309;311;312;317;321;322;326;327;328;329;331;332;333;335;336;337;338;340;341;342;343;344;345;346;353;354;355;356;359;360;364;365;366;367;370;372;374;375;376;378;383;384;385;387;388;390;392;395;397;399;400;401;404;405;411;413;416;418;421;423;424;425;426;427;432;435;438;439;441;442;443;444;447;448;449;450;452;454;456;457;459;460;461;464;466;469;472;473;474;476;477;482;484;485;486;488;489;492;495;496;498;501;503;504;506;507;508;509;510;513;516;517;520;524;526;527;529;531;532;533;535;539;540;541;542;547;549;550;553;554;555;556;557;558;559;560;562;563;570;571;573;575;579;581;582;583;584;585;587;589;593;594;598;600;601;602;604;605;606;610;612;617;618;619;622;623;624;628;629;632;633;637;641;643;644;645;647;648;650;651;652;654;655;656;657;658;660;661;668;670;671;672;673;676;677;678;679;680;681;686;687;689;690;693;695;702;703;704;708;711;714;715;716;718;720;721;723;724;726;728;732;733;740;741;745;746;747;749;752;755;757;761;764;765;766;767;773;778;779;781;784;785;788;789;791;792;793;800;801;804;807;810;812;815;816;817;818;819;822;823;824;826;830;831;832;834;835;837;838;839;841;843;845;846;847;848;850;851;854;855;860;861;864;865;867;869;875;877;878;879;882;887;888;889;891;893;899;900;901;903;906;907;908;912;914;915;918;919;920;921;923;925;927;928;929;934;935;938;940;941;944;946;948;950;951;953;956;960;962;963;966;967;968;969;974;976;978;979;981;983;984;986;987;988;989;991;992;993;997
547;1;2;5;6;8;10;11;14;15;16;17;22;24;26;30;32;33;34;38;39;40;42;45;46;47;48;49;51;57;61;62;63;65;67;68;70;74;75;76;80;82;83;85;86;88;91;92;93;95;96;97;100;101;102;105;106;109;110;111;112;114;117;120;122;123;125;127;130;133;135;137;140;141;142;143;146;148;149;151;154;156;159;160;164;166;171;172;175;178;180;182;187;190;192;193;195;198;199;200;204;205;206;207;208;209;211;212;213;215;217;218;220;224;227;230;233;234;235;236;237;240;242;243;244;247;249;250;252;256;259;263;264;266;267;268;271;272;274;275;282;283;287;288;290;291;292;294;297;301;304;306;308;311;312;313;315;316;317;318;319;320;323;324;325;326;329;331;332;335;336;337;339;340;341;342;345;346;347;349;350;354;356;357;365;366;370;374;375;376;377;378;382;383;384;389;393;396;397;399;406;407;414;415;418;423;424;425;426;428;429;432;435;436;437;440;441;442;445;446;447;448;449;450;451;454;455;457;459;461;462;463;466;468;469;470;471;473;475;476;477;478;479;483;486;488;490;493;495;501;507;508;509;510;511;512;513;514;515;516;517;518;520;522;523;525;526;527;529;530;531;532;533;536;538;540;542;543;544;546;548;550;551;553;555;556;558;559;560;561;562;563;564;569;571;572;574;579;580;583;586;593;594;595;596;597;600;602;603;605;606;608;612;613;614;620;621;623;624;627;630;631;632;634;636;637;638;639;641;644;645;646;647;648;649;651;652;653;657;658;661;662;663;664;665;667;668;669;674;679;680;681;684;688;689;690;692;693;694;695;696;697;698;701;704;705;707;712;714;716;718;721;730;732;733;734;739;740;741;742;743;745;749;751;756;757;758;759;765;766;767;768;770;773;774;777;778;781;783;784;789;790;795;801;804;805;806;811;812;814;818;820;821;822;823;826;827;831;835;837;841;844;846;847;851;853;854;855;856;858;859;862;863;864;868;869;871;872;874;877;878;880;882;888;890;891;895;898;900;901;906;907;908;909;910;912;916;917;920;924;925;928;929;931;936;937;947;949;950;951;952;953;954;955;959;961;962;970;972;973;974;978;979;980;984;985;987;989;990;992;995;996;999
548;2;5;7;11;15;18;19;21;23;26;27;28;29;30;31;34;35;37;39;42;43;45;46;48;49;50;52;55;58;59;60;63;65;67;68;70;72;74;78;81;82;83;86;87;90;91;92;94;95;97;98;99;100;101;102;103;108;112;114;116;118;119;121;122;123;125;126;127;128;129;130;131;132;133;134;138;142;143;144;147;148;149;150;152;154;155;156;157;161;162;163;167;168;175;178;180;181;182;184;188;189;190;192;194;195;196;198;202;206;207;209;210;211;213;214;217;220;222;223;225;227;234;238;239;240;241;243;247;249;252;257;259;260;262;264;266;274;275;276;277;279;282;285;287;289;290;291;294;297;298;300;304;305;306;308;310;312;313;314;315;316;319;323;324;325;328;329;330;331;332;333;334;335;337;338;340;341;342;343;344;346;347;348;356;357;358;360;361;364;365;366;375;381;383;384;386;388;389;391;392;393;394;395;396;397;398;399;405;406;407;409;412;415;419;420;424;425;427;429;430;431;435;437;438;441;442;445;446;447;451;452;459;460;461;465;466;468;470;471;473;475;476;477;478;479;481;483;484;485;486;490;491;492;493;494;495;497;498;500;501;503;505;506;508;512;513;514;515;517;518;519;520;525;529;531;533;534;535;537;538;543;547;549;550;551;552;556;558;560;561;562;564;565;566;569;571;574;575;577;579;582;585;586;587;588;590;592;594;597;599;609;610;611;613;614;617;618;619;623;624;625;626;627;628;630;631;632;637;638;639;640;641;643;644;650;651;652;653;655;658;659;661;662;663;669;671;674;677;680;681;682;683;684;687;688;691;694;695;697;698;699;702;703;704;706;708;709;710;711;712;713;715;717;720;722;725;728;731;732;733;736;740;741;742;743;744;749;750;751;752;754;755;764;765;770;773;774;776;777;779;780;782;784;785;786;787;791;792;793;794;798;804;807;811;812;822;826;828;829;832;833;834;837;839;843;846;847;850;851;853;856;858;859;866;869;870;871;872;873;874;875;878;879;881;884;886;889;893;894;895;896;900;902;906;907;911;913;915;918;924;925;927;934;939;941;944;945;946;947;951;955;956;957;959;960;962;967;968;971;972;976;978;979;980;981;983;984;986;987;988;991;993;994;996;997;998
549;1;3;4;5;14;15;16;19;20;22;23;24;25;26;28;29;31;33;36;41;44;45;46;47;48;49;53;58;59;63;64;65;69;71;73;75;77;78;80;83;88;90;91;92;94;98;99;100;101;103;105;106;109;110;112;113;114;116;118;119;122;123;124;125;126;127;133;135;136;141;144;148;149;152;153;155;156;162;163;165;166;167;168;169;171;172;173;175;177;178;179;184;185;186;187;188;190;193;195;198;200;202;203;205;206;225;226;228;229;232;233;234;235;236;237;238;241;243;245;246;247;248;249;250;251;252;255;256;258;260;262;263;264;265;268;269;270;271;272;274;277;279;281;282;283;284;288;296;297;298;301;302;303;305;308;309;310;313;315;316;317;321;323;326;328;329;331;333;334;335;337;341;342;346;347;348;350;351;354;356;358;361;362;365;366;369;371;373;374;375;376;377;379;380;381;382;385;390;392;398;400;401;404;405;409;411;414;423;424;426;429;431;438;439;441;442;444;446;449;450;451;452;453;454;455;457;458;459;460;463;465;466;467;468;469;472;474;476;477;478;479;480;482;483;485;487;491;492;493;496;498;499;502;503;504;505;506;508;509;510;511;512;513;515;519;524;526;528;529;531;532;534;535;536;539;540;541;544;546;548;550;552;554;555;557;558;559;560;561;563;564;565;566;567;568;569;572;574;576;577;578;579;581;583;585;587;588;589;590;591;593;597;599;600;601;602;603;604;609;610;611;614;616;618;619;622;623;624;627;628;634;636;637;638;641;643;648;653;654;655;656;658;660;662;664;666;667;668;671;676;677;679;680;682;683;684;686;687;690;691;692;694;696;697;698;700;701;705;707;711;712;713;714;715;716;717;719;720;721;722;723;724;728;729;731;732;733;737;738;739;741;742;744;746;749;755;756;759;763;764;765;766;768;771;774;777;778;779;782;783;785;786;789;790;792;793;795;796;799;801;803;806;807;808;811;813;815;816;817;819;821;823;825;827;829;833;835;836;837;839;840;842;844;850;852;853;854;857;858;860;862;863;864;870;871;876;879;880;883;884;886;888;890;891;893;894;896;897;900;901;903;905;906;908;909;911;914;916;917;918;919;920;922;923;924;927;929;930;931;933;940;943;944;945;947;948;949;953;956;959;961;964;965;966;967;968;970;973;976;977;979;985;986;987;990;993;995;996;998
550;3;6;9;12;14;15;16;20;21;22;24;27;28;29;30;31;32;34;35;36;38;40;41;44;45;48;49;50;54;55;60;61;62;64;65;67;69;70;71;72;73;77;78;82;83;87;89;90;93;94;95;98;103;108;110;111;113;114;115;117;121;122;124;127;131;136;138;139;140;143;144;145;148;150;152;153;157;158;160;164;165;168;170;171;173;174;175;180;182;184;187;190;195;199;201;202;203;204;205;206;209;210;212;215;219;221;222;224;225;227;233;234;236;237;238;243;244;245;248;249;250;251;256;262;263;265;270;271;272;275;283;286;288;289;293;295;296;297;298;299;301;302;309;312;313;316;317;318;320;321;324;325;329;332;334;335;337;338;341;342;343;347;351;353;354;355;356;359;362;363;367;368;373;374;375;377;379;382;384;385;387;389;390;391;393;395;396;399;400;403;404;405;409;415;416;418;421;422;423;424;427;431;434;435;437;438;440;441;442;443;444;445;454;457;459;460;461;464;467;468;469;472;473;475;477;480;483;485;488;489;490;491;492;494;497;500;502;504;508;511;514;515;516;519;520;521;523;525;527;529;530;531;533;534;535;536;537;538;540;541;542;545;546;547;548;549;551;552;557;564;569;570;573;578;579;580;586;588;589;590;591;592;593;596;597;598;599;600;603;606;607;608;611;619;620;622;623;627;630;632;636;637;640;644;645;647;649;650;651;654;660;661;662;664;670;671;673;675;677;678;680;681;683;686;687;688;689;694;696;701;702;705;710;711;715;719;724;727;729;732;734;736;739;740;741;748;749;753;754;756;757;758;761;766;769;771;773;774;775;778;779;780;781;784;787;788;789;790;794;802;806;808;811;812;815;817;820;821;825;826;827;830;832;834;836;839;842;843;846;849;850;852;855;857;860;861;864;867;868;869;870;871;872;873;874;875;876;881;883;886;887;889;893;897;901;902;903;905;909;913;914;915;918;925;926;928;931;933;937;938;942;943;944;945;946;947;948;949;952;954;957;958;959;960;963;964;965;967;968;972;975;976;978;982;984;986;990;991;992;993;994;995;996;999;1000
551;1;2;4;8;9;10;14;18;20;21;22;23;24;25;28;30;31;32;36;37;40;41;45;46;49;51;52;53;54;55;56;59;61;62;67;71;75;78;79;80;81;83;85;86;91;93;94;95;97;99;100;101;102;103;105;106;107;109;110;111;114;115;116;117;120;124;125;131;132;135;136;137;140;142;145;146;148;152;153;155;157;158;159;164;165;166;170;171;173;174;175;178;181;182;183;184;187;188;192;193;194;195;197;200;201;202;204;205;207;208;210;211;212;213;214;216;217;218;220;222;224;225;233;236;237;239;240;244;247;250;251;255;257;258;263;264;265;267;268;269;273;276;277;279;281;283;284;291;292;293;295;297;298;299;301;305;306;308;316;319;320;322;323;324;326;328;330;331;332;337;338;339;341;342;344;346;347;348;350;351;355;356;358;360;362;363;376;379;380;384;385;388;389;391;392;393;394;396;398;399;400;404;405;411;413;416;418;422;424;425;427;428;431;432;433;434;436;437;438;439;440;441;449;450;452;455;460;462;464;465;467;468;470;473;475;476;477;478;479;480;484;485;488;489;490;493;494;495;499;501;502;503;505;510;512;514;515;517;524;525;529;530;532;536;537;540;542;544;547;548;550;552;557;558;559;560;561;562;563;564;566;567;570;573;577;578;579;580;581;582;585;586;590;592;594;595;598;601;602;604;605;609;610;611;612;614;615;624;627;631;632;634;635;636;639;641;642;643;644;646;648;649;651;653;655;657;659;660;664;665;669;670;674;676;681;684;685;686;687;688;690;692;694;696;702;704;707;708;709;712;714;715;716;717;721;722;723;724;726;727;728;731;732;734;735;737;741;742;745;749;751;753;755;760;762;765;767;770;772;773;776;778;779;782;783;788;793;796;797;799;804;805;806;808;815;817;818;819;821;822;823;829;830;833;835;837;841;842;845;846;847;848;851;853;854;855;856;861;864;865;866;869;870;871;872;873;874;878;879;881;882;883;884;885;887;888;891;895;896;897;898;902;904;906;909;910;911;917;918;919;924;925;928;930;931;934;935;936;937;939;944;946;947;948;949;951;952;953;957;960;961;963;964;966;968;969;971;974;975;976;977;979;980;983;984;985;986;987;988;989;990;993;994;995;996
552;3;4;5;6;7;11;13;14;17;18;20;23;26;28;29;31;34;38;39;40;43;46;51;53;57;58;59;64;65;68;70;72;73;74;78;80;81;82;83;85;86;87;89;91;93;95;96;100;103;107;108;110;111;113;117;119;120;121;122;127;128;131;132;133;134;135;136;141;142;144;146;148;149;151;152;153;155;163;164;165;166;167;169;175;178;179;180;182;186;187;188;189;192;193;194;197;200;201;204;206;208;214;216;217;219;221;224;225;227;228;229;234;236;237;238;239;240;242;244;246;247;248;251;253;254;255;257;258;262;263;264;265;266;267;270;272;273;275;276;278;281;282;283;284;296;298;302;304;305;306;307;308;310;311;313;314;316;319;321;322;323;324;326;327;329;330;331;332;333;335;337;339;342;343;345;347;350;352;353;355;357;358;361;364;366;368;369;370;371;373;376;379;380;381;382;383;384;386;387;391;395;396;397;398;402;403;406;408;415;418;419;422;423;426;427;429;432;433;436;438;439;440;441;444;446;448;452;455;457;459;463;465;466;467;474;478;479;480;481;482;484;485;486;488;492;497;498;500;502;503;507;509;511;515;516;519;520;521;524;529;531;533;535;536;537;540;541;542;544;548;549;550;551;555;556;557;560;562;565;567;569;570;571;572;575;578;579;581;583;584;585;586;588;589;591;595;596;597;598;600;601;602;603;605;606;608;610;611;612;614;615;617;619;621;623;624;625;626;627;628;632;633;635;636;639;640;641;644;645;647;648;649;650;651;652;654;657;662;663;665;666;669;672;675;676;677;684;689;690;692;695;696;700;702;703;705;708;709;711;712;714;715;716;718;719;720;725;726;727;729;731;733;734;737;738;740;743;745;750;751;752;753;755;757;758;759;760;761;762;763;765;769;770;773;774;775;777;778;785;786;787;793;795;798;800;802;803;804;809;810;814;815;816;818;819;823;824;828;829;830;833;834;835;836;837;839;841;845;846;847;849;851;854;857;858;860;861;862;864;867;868;869;870;871;872;875;879;883;884;885;887;890;891;897;898;900;901;902;903;906;908;910;911;915;916;917;918;919;920;921;922;924;926;927;929;930;931;933;934;936;938;941;942;943;946;949;953;954;955;956;960;962;964;965;966;967;969;970;974;977;980;983;984;988;990;992;994;996
553;6;7;8;9;12;16;17;22;23;24;28;30;31;33;34;36;37;40;43;45;49;53;55;56;60;63;67;70;72;73;74;76;78;80;82;83;84;85;87;89;92;93;95;98;100;101;103;104;106;108;110;113;115;118;122;123;124;126;127;128;129;131;132;135;136;140;143;144;147;151;154;155;157;160;161;162;163;167;170;172;175;176;177;179;180;182;183;184;185;188;190;192;193;196;198;200;201;205;206;207;208;211;212;213;214;216;217;218;219;220;221;222;225;226;227;228;229;230;233;235;236;237;238;242;243;246;247;249;250;254;255;258;260;263;264;265;266;271;273;274;276;277;280;284;286;289;293;296;298;300;305;306;309;310;311;312;315;317;319;320;321;324;325;327;328;330;332;333;334;335;336;337;339;341;342;343;345;347;353;354;362;363;364;365;372;373;374;378;381;382;383;387;389;394;395;397;399;400;401;403;404;405;407;409;411;414;415;416;417;418;422;423;425;426;429;430;431;432;434;436;437;440;442;443;445;451;452;453;454;455;456;457;458;460;463;464;465;466;468;470;473;475;480;482;483;485;486;487;488;489;490;494;498;500;502;505;507;508;509;511;513;515;516;517;518;519;520;522;526;530;531;533;540;542;544;545;546;547;554;555;557;559;561;562;568;571;573;575;576;581;583;584;585;588;591;592;593;595;597;600;602;603;604;605;609;610;611;612;615;616;617;618;619;620;624;625;626;629;630;631;632;633;637;638;639;640;642;647;649;653;657;662;663;664;667;668;672;680;682;683;685;686;687;688;692;695;699;700;701;702;703;705;706;707;708;712;713;716;717;718;719;720;721;722;724;725;727;729;731;732;733;735;736;737;738;740;741;742;744;746;748;751;752;753;754;755;756;757;758;760;761;763;764;766;767;769;772;774;775;780;783;786;788;789;791;794;796;804;805;808;810;811;812;814;817;822;823;825;829;834;835;836;838;839;842;845;846;848;850;851;852;853;854;857;859;860;862;863;866;870;871;872;874;876;877;878;880;881;883;885;887;888;889;894;895;897;898;900;901;903;904;908;909;910;912;915;916;917;921;923;924;925;926;927;928;931;932;934;935;936;938;939;940;941;942;945;946;947;948;952;953;954;955;956;958;959;960;961;963;964;969;972;976;977;979;980;981;982;984;986;987;990;992;994;998;1000
554;1;3;5;7;10;11;12;13;14;15;17;18;20;21;26;27;28;29;30;31;32;34;35;36;39;40;41;44;46;47;49;50;51;54;55;56;59;61;62;63;64;65;67;68;69;71;72;74;76;77;79;80;83;84;85;86;88;89;90;91;92;93;95;96;99;102;104;105;107;110;111;112;114;115;116;118;119;120;121;123;125;128;129;135;137;146;147;148;151;153;154;156;165;167;168;174;176;177;178;181;183;187;189;191;192;193;194;196;197;202;204;209;210;212;214;215;216;219;222;223;224;225;226;230;231;232;233;234;235;236;238;241;242;247;249;251;255;256;257;259;260;262;263;268;269;271;272;273;274;275;279;280;281;282;284;286;288;290;292;293;294;296;297;298;300;301;303;306;307;308;311;314;315;318;320;323;326;327;328;330;331;332;333;335;336;338;339;340;341;342;343;344;347;348;349;351;352;353;364;365;366;367;368;375;376;377;379;385;387;389;390;391;392;393;394;395;397;400;402;403;405;406;407;410;415;418;422;423;427;430;431;433;434;436;437;438;440;443;445;447;450;452;455;457;459;460;461;462;463;465;466;467;468;469;470;471;473;474;476;477;480;484;485;487;488;490;491;494;495;496;500;501;505;509;512;514;518;519;520;521;522;524;525;526;528;531;532;533;534;535;536;538;539;540;541;542;543;545;546;549;553;558;559;562;564;565;566;568;569;570;571;572;573;574;578;582;583;584;587;593;595;596;599;603;606;609;610;613;614;617;618;620;622;623;626;628;630;632;635;636;637;638;639;642;645;646;649;651;654;659;660;663;664;665;666;667;668;671;674;675;676;678;679;681;683;685;686;688;690;692;693;694;700;703;705;706;711;712;715;716;717;722;723;724;726;728;730;731;733;734;735;736;737;739;743;747;748;749;750;751;752;755;757;759;766;768;771;772;773;774;776;778;782;785;788;790;795;797;798;800;803;804;806;811;813;814;818;820;823;825;827;828;829;832;833;834;835;838;841;842;846;847;849;851;852;853;854;858;861;862;863;865;866;869;872;873;877;878;879;880;881;883;885;888;891;892;893;894;896;897;899;901;904;906;908;909;910;911;912;913;914;918;919;922;923;926;927;928;933;935;937;945;946;947;949;950;951;956;957;961;964;966;970;971;973;974;975;976;977;978;980;981;982;983;984;985;987;988;991;993;995;999
555;1;2;5;9;11;12;13;15;18;19;21;22;23;26;28;29;30;31;32;33;34;35;38;40;41;43;48;50;51;52;53;54;56;58;60;61;62;63;64;65;67;69;71;72;73;75;79;81;84;85;86;87;91;93;94;95;96;102;103;105;107;111;112;113;116;118;119;124;125;128;129;131;132;133;136;137;141;143;147;148;149;151;154;155;156;157;160;161;162;165;167;168;169;171;174;176;179;185;191;192;194;195;196;199;202;205;208;211;212;213;214;215;216;217;218;219;220;223;224;225;228;230;231;237;238;239;240;241;242;244;247;248;251;253;254;256;260;261;262;263;265;266;272;274;276;284;286;287;289;290;291;292;293;294;295;300;303;305;307;308;309;311;313;314;315;316;317;319;322;323;326;327;330;334;337;338;342;344;345;346;347;348;351;353;355;356;358;361;362;363;364;365;367;368;369;370;372;373;374;375;379;384;385;387;388;389;391;393;394;396;397;402;403;405;409;410;412;413;414;415;417;419;421;422;424;425;427;428;433;436;437;439;440;441;442;443;444;445;446;447;450;454;455;457;458;459;460;461;462;463;464;465;466;467;468;470;471;474;476;477;478;479;480;481;482;485;488;489;492;495;497;501;503;506;507;508;509;510;511;514;515;516;518;524;526;528;530;533;534;537;538;539;542;546;547;549;552;553;557;558;559;561;565;568;569;570;571;572;573;581;584;587;588;590;591;592;593;594;596;598;599;600;603;604;605;606;610;611;613;614;615;617;618;619;623;625;626;627;629;631;632;633;634;635;637;638;639;640;643;644;645;646;647;652;653;659;662;665;666;668;672;675;676;677;678;682;687;688;691;693;697;698;699;700;702;706;707;709;715;716;718;720;723;724;725;732;734;735;737;738;740;741;742;744;748;750;754;757;758;759;760;761;762;765;768;769;774;776;777;781;783;791;793;795;798;799;800;803;813;815;818;819;820;821;822;823;824;825;826;830;831;832;833;835;840;842;843;845;846;849;853;858;859;860;861;862;863;864;866;867;868;870;871;874;875;876;881;885;886;889;891;892;894;895;899;906;912;913;914;915;918;919;922;926;927;929;936;937;938;940;941;943;947;954;956;959;960;962;963;965;966;967;968;970;973;975;978;980;981;982;983;984;991;992;993;995;997;998;1000
556;1;3;6;7;8;10;12;13;14;15;18;20;23;24;25;26;28;30;33;36;39;41;42;44;45;47;49;51;52;57;61;65;66;67;68;71;72;73;74;77;78;79;80;84;91;94;95;96;99;100;104;105;107;108;109;112;115;116;117;118;119;120;122;123;124;127;128;129;130;131;132;133;134;135;137;138;139;140;143;147;151;152;155;157;160;164;166;167;168;170;173;175;178;181;184;188;190;192;194;195;196;198;199;203;206;211;212;217;218;219;224;229;231;232;233;234;235;237;239;242;243;244;249;250;251;252;253;254;257;262;264;265;268;269;275;276;277;278;279;284;285;287;290;291;292;293;294;296;302;304;305;306;307;308;310;311;312;314;315;316;317;319;320;321;322;326;327;328;329;330;331;334;336;337;338;339;340;346;348;349;353;354;355;360;361;365;368;369;370;373;374;376;377;378;380;381;382;383;387;389;390;396;397;399;400;401;403;404;405;407;408;409;411;413;415;416;417;418;419;420;424;426;427;428;429;430;434;435;436;439;440;442;444;445;447;448;452;453;455;461;462;463;464;466;469;471;473;477;478;479;480;484;486;489;490;491;492;493;498;500;501;503;505;506;508;510;512;515;518;520;521;522;524;525;527;530;534;537;538;539;541;542;545;546;547;548;552;557;560;562;563;564;565;566;570;578;581;582;583;585;586;588;589;591;592;593;594;595;597;598;599;601;602;603;607;608;609;611;614;617;618;620;621;625;628;631;637;638;641;642;643;644;645;648;649;652;655;657;658;659;661;662;670;671;673;674;677;678;679;681;682;686;687;688;689;690;691;692;693;695;698;700;701;702;704;710;711;712;713;715;718;719;720;724;726;727;728;733;734;736;739;743;744;748;751;756;757;760;761;762;768;769;775;778;780;781;782;784;788;789;792;795;796;797;798;801;803;805;807;809;811;812;813;814;817;823;827;829;830;832;833;840;844;846;848;851;852;853;854;855;856;857;858;859;860;861;862;865;866;867;869;870;871;877;878;879;880;881;882;883;886;887;894;899;902;903;904;905;908;912;913;914;915;917;918;922;923;924;929;930;931;932;934;940;941;942;945;946;947;948;951;952;955;957;959;962;963;965;966;968;971;974;975;976;980;982;983;987;988;990;992;993;994;998;1000
557;1;2;3;5;7;9;10;11;13;15;17;19;22;24;25;26;27;28;29;32;33;34;39;40;41;42;44;45;49;51;52;54;55;57;58;62;63;65;66;69;71;72;73;74;75;81;83;86;89;90;91;93;97;102;103;104;107;112;114;115;117;118;119;121;122;124;126;129;131;134;139;141;144;146;149;150;151;157;161;164;166;168;169;171;176;180;181;182;184;187;190;191;192;194;196;197;199;200;202;203;204;205;209;212;214;215;216;220;221;224;230;232;233;234;236;237;238;240;241;242;243;244;246;250;251;252;254;256;263;265;266;267;268;270;275;281;284;285;286;287;289;294;296;299;300;302;303;304;306;307;309;312;314;321;325;329;332;334;338;339;342;343;346;347;350;358;359;360;361;362;364;368;372;377;379;380;382;384;385;391;395;397;398;400;402;403;405;411;412;416;419;420;421;422;423;424;426;427;429;430;431;434;435;437;438;440;442;444;445;446;448;449;450;452;453;457;458;459;461;468;472;474;476;478;481;483;485;486;490;492;493;495;497;500;501;503;504;505;506;507;508;511;512;515;516;518;519;521;522;524;525;529;530;533;535;536;537;538;541;543;546;549;550;551;552;553;555;556;559;560;561;563;564;567;568;570;573;575;576;578;579;583;587;589;590;591;593;595;598;600;601;603;604;605;607;609;611;613;614;617;619;621;623;625;628;632;635;636;639;640;642;644;646;647;649;651;652;655;658;659;660;661;662;664;666;668;671;674;675;679;681;685;688;689;693;694;696;698;700;701;702;703;704;707;709;710;711;716;718;719;720;721;723;724;725;726;727;728;729;731;732;733;737;738;739;742;743;744;745;746;749;751;754;756;758;759;760;761;762;763;764;766;768;770;771;772;781;782;784;786;787;789;791;792;793;800;801;803;804;806;808;809;812;818;819;822;825;826;828;830;831;832;834;835;836;838;840;842;843;847;851;854;855;858;861;864;865;869;874;875;876;878;880;882;883;884;886;887;888;889;892;894;895;896;897;900;901;903;904;908;909;916;917;919;920;924;926;928;929;931;932;934;944;947;948;951;952;953;954;955;956;957;959;960;961;962;966;970;971;972;973;974;975;977;978;980;981;983;984;985;995;999;1000
558;5;9;10;12;15;16;20;21;26;31;32;34;39;40;41;44;47;48;49;51;53;57;58;60;61;64;68;69;71;74;75;76;78;81;82;83;87;89;91;92;93;94;96;97;100;101;102;103;106;107;110;112;115;119;125;126;133;135;137;138;139;140;143;144;146;147;148;150;153;155;159;160;161;164;167;169;170;172;173;176;177;178;179;180;184;186;189;190;192;196;197;198;199;200;201;204;211;215;216;217;218;219;226;227;231;232;234;235;238;240;243;244;248;249;254;255;256;261;263;264;267;268;271;273;274;275;276;278;279;280;281;282;284;285;286;287;290;292;293;296;297;298;300;301;304;305;306;307;308;309;310;311;312;313;314;315;316;317;319;321;322;324;326;328;330;334;336;337;340;342;345;348;349;350;353;354;355;357;358;364;365;366;368;369;373;374;376;378;379;380;382;384;386;389;390;391;392;394;395;397;398;405;408;410;418;425;426;432;434;435;437;440;444;445;446;447;448;449;451;452;453;458;459;464;465;466;471;474;476;478;479;480;481;482;483;484;485;487;488;490;491;492;494;496;497;501;502;503;505;506;510;512;514;515;517;519;523;525;526;528;530;531;533;534;535;541;542;544;545;546;547;548;549;551;554;555;563;567;569;570;572;574;575;579;581;583;585;593;599;601;602;603;605;606;607;609;611;612;614;616;618;619;621;623;624;628;629;631;632;636;638;639;642;644;646;647;648;649;652;653;654;658;659;663;664;668;671;672;673;674;675;676;677;679;684;685;686;687;688;690;693;694;696;700;701;702;703;705;706;707;708;709;710;711;713;716;717;720;721;723;724;725;726;728;729;730;732;733;734;735;739;741;742;743;745;748;750;753;754;756;762;763;764;765;766;767;768;771;772;774;776;777;778;783;785;787;788;789;790;792;793;794;797;800;801;803;807;808;809;812;813;815;816;817;818;820;822;826;827;829;833;838;839;840;842;843;846;847;849;851;852;853;856;857;858;859;860;864;866;868;870;871;872;876;877;878;879;881;882;883;890;891;892;896;898;900;901;902;906;907;908;909;914;918;920;922;925;928;929;930;931;933;934;936;937;938;939;940;941;948;949;950;951;953;954;955;956;957;958;961;963;964;966;967;968;971;972;974;977;980;983;987;993;994;995;997;998
559;2;3;4;5;8;11;13;14;15;17;18;20;21;22;23;27;29;32;33;34;35;37;38;44;45;47;48;52;55;58;59;60;61;63;64;65;70;71;73;75;77;78;80;81;82;83;84;85;87;90;92;93;95;99;100;103;105;106;107;109;110;113;115;116;118;120;123;129;130;131;133;134;137;139;140;151;152;155;157;160;164;170;171;172;173;175;176;177;181;184;185;186;187;191;195;198;199;200;201;203;206;208;209;211;214;216;219;221;222;223;228;233;236;237;238;239;245;249;251;253;256;257;258;259;261;262;264;265;266;268;270;271;272;273;274;278;279;281;282;283;284;285;288;290;292;293;294;300;301;302;303;304;309;310;311;314;315;316;319;320;321;323;324;333;334;336;337;339;346;347;350;352;353;354;356;357;359;360;362;368;370;371;372;376;377;381;384;386;387;390;391;392;393;394;399;401;403;404;408;409;410;413;416;417;418;419;421;422;424;425;426;430;431;432;434;435;436;437;438;439;441;443;444;445;446;447;449;450;451;453;455;459;460;461;462;463;465;466;468;469;470;471;476;478;480;481;483;484;485;486;487;488;493;494;495;498;501;502;503;504;505;509;512;513;517;519;520;521;522;524;530;531;541;543;545;546;547;549;551;553;554;555;557;561;563;565;566;567;568;569;575;576;577;584;585;586;587;589;592;593;594;601;602;603;604;605;607;608;611;614;615;618;621;623;624;625;626;628;630;634;635;636;637;638;644;645;648;650;652;653;656;658;661;662;663;666;667;669;670;672;673;674;676;684;685;687;688;689;690;692;694;697;698;700;701;703;705;706;707;709;710;714;715;718;719;723;724;725;726;727;732;734;736;739;740;741;742;743;749;751;752;756;757;758;760;761;762;764;765;767;768;772;773;776;777;779;780;782;783;791;792;793;795;796;800;802;805;812;815;816;821;823;824;825;826;827;830;831;834;835;837;841;842;845;846;848;849;850;851;855;856;857;858;863;867;871;872;874;875;877;878;879;881;883;884;885;886;888;890;893;896;897;898;899;902;905;907;910;912;913;916;917;920;922;923;924;926;928;930;935;936;939;940;941;943;945;947;949;950;951;953;954;955;956;958;960;961;962;963;964;965;966;971;976;978;980;981;984;986;989;993;998;999
560;2;4;5;7;8;9;13;15;16;18;19;21;23;25;27;28;30;31;34;37;38;39;41;43;44;45;47;49;51;53;54;55;57;60;61;62;63;64;66;68;70;72;74;75;76;78;79;81;83;84;85;86;90;91;92;103;107;108;109;110;111;112;114;115;116;117;118;119;120;121;122;124;129;131;132;137;140;141;142;143;144;146;147;148;149;152;157;158;159;161;162;163;165;166;168;170;172;175;176;178;180;183;186;187;188;189;192;194;196;197;202;206;207;208;211;212;217;219;220;222;223;224;227;230;242;243;245;246;247;249;252;253;254;255;257;262;264;265;267;269;270;272;273;275;276;277;280;282;283;288;290;292;294;295;298;299;300;305;306;308;309;313;315;320;321;322;323;325;326;327;334;340;341;342;344;348;350;351;352;355;356;358;360;365;367;369;372;375;376;377;380;381;382;383;385;386;388;395;397;398;399;400;404;406;408;411;412;413;414;416;417;418;419;420;421;422;423;424;426;429;430;432;433;434;436;438;439;440;441;442;443;446;448;450;451;453;455;462;468;469;470;471;472;473;475;476;479;480;484;485;486;487;488;490;491;492;493;494;500;502;505;506;510;511;513;516;518;520;521;524;527;529;530;536;537;538;540;541;542;544;546;547;548;549;551;552;556;557;561;564;565;566;567;570;573;577;578;579;580;582;586;587;592;596;598;601;605;606;608;611;612;613;615;617;618;620;625;628;629;630;631;634;636;637;639;640;644;645;648;649;650;651;653;656;657;658;659;660;661;662;664;665;666;668;669;670;671;674;676;679;683;684;686;689;690;692;693;694;695;696;697;702;704;708;715;717;718;720;723;724;727;728;730;731;732;733;735;736;740;742;744;746;748;750;753;757;760;761;762;763;764;765;766;767;768;770;771;773;774;776;777;778;779;781;782;785;786;787;793;796;797;799;801;804;805;806;807;811;813;814;818;820;822;825;826;827;831;833;837;839;843;844;845;847;849;850;851;853;854;855;856;857;858;859;860;861;866;868;871;876;885;888;889;890;894;895;896;898;902;903;904;905;906;907;909;910;915;917;921;926;927;931;932;933;935;937;939;940;945;946;947;948;949;953;954;955;956;959;962;964;966;968;970;972;976;980;982;983;986;988;990;991;993;994;995;996;997;998;999
561;2;4;6;7;9;11;12;13;15;19;21;25;26;27;28;31;32;34;41;42;46;47;49;52;54;58;59;60;61;62;65;68;69;71;72;73;76;80;81;82;85;89;91;92;96;100;101;103;105;108;113;115;116;119;123;124;127;128;130;135;136;138;140;143;144;145;153;154;162;164;166;167;168;169;172;174;176;177;179;181;185;186;187;188;190;192;193;195;196;198;199;200;204;205;206;212;214;215;216;218;220;223;224;228;229;233;234;235;237;239;243;244;245;247;249;250;251;252;253;256;257;259;260;263;266;267;269;272;274;275;279;280;285;290;292;298;299;300;301;302;303;305;306;307;309;313;314;320;322;324;325;326;327;328;330;332;333;334;335;337;338;340;342;345;346;347;350;355;356;357;359;360;364;365;367;368;369;371;372;373;375;376;379;381;384;386;389;391;393;394;395;398;399;401;402;403;406;413;414;415;418;422;424;426;427;429;432;434;435;438;443;445;447;448;451;456;458;459;460;462;463;464;466;468;469;470;471;473;476;478;479;480;484;485;491;493;497;498;499;500;502;504;506;507;508;510;512;514;522;523;524;527;528;532;533;534;540;547;548;549;551;553;555;557;559;560;562;563;564;566;570;572;574;575;578;579;580;582;584;587;588;589;592;593;596;599;600;603;604;605;606;609;610;613;616;618;620;621;622;625;628;631;633;634;637;638;641;644;645;646;647;648;650;652;656;658;659;660;662;666;667;669;671;672;673;674;675;677;678;681;683;686;687;688;691;692;694;695;696;699;700;701;703;704;705;706;709;712;714;718;723;724;726;727;731;732;733;736;738;741;742;744;746;748;749;751;752;753;754;755;756;758;760;765;766;767;768;769;770;772;773;775;776;778;781;783;785;789;791;792;794;797;798;800;803;804;806;807;808;809;810;811;812;816;821;826;827;828;829;830;834;838;839;841;845;846;850;851;853;856;857;860;861;863;864;870;872;874;875;876;878;880;881;884;889;891;893;896;898;900;901;904;905;911;913;914;915;916;922;924;925;931;934;935;936;938;939;942;948;949;950;953;954;955;959;960;964;966;968;969;970;971;975;979;982;986;988;989;992;993;996;998;999
562;1;4;5;9;10;11;12;15;16;19;21;22;24;25;27;30;31;34;35;36;37;40;42;43;44;46;47;49;52;55;59;60;64;65;67;70;71;72;73;76;77;78;79;80;81;82;83;85;86;89;90;96;97;98;99;100;104;105;106;108;109;112;113;116;117;118;119;120;124;128;129;130;132;133;134;136;141;143;144;145;147;152;154;159;163;165;166;169;175;177;185;187;188;191;193;195;196;199;200;202;206;207;208;209;211;212;213;216;217;218;219;223;227;230;231;232;239;245;246;247;250;251;252;253;254;264;265;267;269;270;272;274;277;279;282;286;287;291;292;293;294;295;296;298;299;300;301;303;306;307;309;314;317;318;319;320;323;328;330;332;333;334;336;337;338;340;343;346;348;350;352;354;355;357;358;360;362;364;365;367;368;370;373;375;378;381;382;385;388;391;393;394;395;400;401;404;405;406;407;408;411;412;414;415;417;420;421;422;423;424;425;430;431;433;435;437;438;439;440;442;443;444;446;449;450;451;456;459;460;461;463;464;466;470;472;475;480;481;482;484;487;489;500;501;502;504;505;507;509;512;513;514;517;522;523;524;526;527;528;529;531;533;534;535;536;537;538;539;540;541;544;546;547;548;551;552;553;554;556;561;563;564;566;567;568;570;571;573;574;576;577;578;580;581;583;584;586;588;589;590;591;592;594;595;596;599;600;605;606;610;611;615;616;617;622;625;626;628;629;631;632;634;635;639;640;641;643;645;648;649;650;658;659;661;662;663;666;670;672;676;677;678;679;680;681;682;683;684;691;694;697;698;700;703;704;705;706;709;715;716;718;719;724;725;726;727;729;730;735;736;739;740;743;744;746;747;750;752;753;754;755;757;759;761;762;764;765;766;770;772;773;776;782;783;784;786;787;790;793;799;801;802;804;805;808;811;813;815;817;818;820;829;830;831;835;838;840;844;847;848;851;854;855;856;857;862;863;864;866;867;868;869;871;872;875;877;878;879;881;882;884;887;891;892;893;897;898;899;900;902;905;906;908;916;917;918;922;923;924;925;926;928;930;931;932;933;935;936;937;938;941;942;946;950;951;953;954;955;956;959;960;961;963;964;971;972;977;978;984;985;986;987;990;991;993;995;997;999;1000
563;3;4;5;7;10;12;13;16;18;20;24;26;27;32;35;36;37;39;42;45;49;52;55;56;57;58;59;60;61;62;65;67;69;70;71;72;76;79;80;82;84;85;93;94;95;100;101;104;105;106;109;110;112;115;119;120;121;122;123;127;130;131;132;136;138;140;141;143;145;146;149;150;151;154;155;156;157;158;159;164;166;172;175;181;182;183;184;186;188;191;193;194;196;198;199;202;205;206;208;211;214;216;218;219;220;225;227;228;230;231;232;236;237;238;239;240;241;242;244;246;250;251;254;260;263;264;265;266;269;271;272;275;277;278;280;287;289;296;297;299;301;305;306;307;308;309;310;311;312;315;318;319;320;322;324;325;328;329;330;331;332;333;334;338;339;340;341;343;344;345;346;347;348;349;351;352;353;356;357;361;366;368;369;373;374;377;378;381;384;385;386;388;392;393;394;398;405;408;409;410;414;416;419;421;423;426;427;429;430;431;432;433;436;437;438;439;440;441;445;447;452;453;454;455;457;458;459;462;463;464;467;468;469;470;471;473;475;477;481;483;488;489;491;492;493;498;499;500;501;509;511;517;519;521;522;524;525;527;529;531;532;535;541;542;543;545;546;547;549;551;556;557;558;559;561;562;567;568;570;571;572;573;575;576;577;578;580;581;582;586;588;589;592;594;595;596;599;601;602;603;607;608;609;610;614;615;616;620;621;623;624;625;628;632;633;634;637;640;642;643;645;646;647;650;653;654;655;656;660;665;667;669;670;675;676;678;679;681;684;687;691;694;696;697;699;702;704;706;708;709;710;711;713;716;717;718;719;720;721;722;723;724;725;727;728;730;732;734;741;742;743;745;746;748;749;750;751;752;753;754;755;756;757;761;763;765;766;768;769;770;771;772;774;775;777;778;784;785;786;787;788;792;793;794;798;800;803;804;809;810;814;817;818;819;821;822;823;825;826;827;828;829;831;834;835;837;841;842;847;849;850;852;854;855;858;859;861;863;866;868;869;873;875;876;884;885;887;891;892;894;899;901;902;906;909;910;912;914;916;922;923;924;925;928;930;933;935;937;938;939;940;942;943;944;945;946;950;951;952;954;956;959;960;961;963;965;967;970;971;973;974;975;977;979;981;982;983;984;985;986;990;991;994;995;996;997;999;1000
564;2;4;5;6;7;8;9;12;15;16;19;20;24;27;28;29;30;31;32;34;35;36;37;40;41;43;44;45;50;54;56;59;62;63;64;65;66;68;72;76;78;81;82;85;87;90;91;92;95;97;103;104;105;106;107;108;109;113;114;115;118;119;120;123;124;128;129;132;133;134;135;136;137;139;141;142;150;151;155;156;157;158;160;161;162;164;165;166;168;171;173;178;179;180;190;192;193;202;204;205;206;208;209;210;213;214;215;216;217;219;220;222;223;227;228;229;230;231;233;234;236;238;240;241;242;245;247;248;250;252;254;256;257;260;262;264;267;268;274;275;276;277;281;283;285;288;289;294;295;297;298;299;301;302;303;307;310;311;312;313;314;316;319;321;322;323;325;326;327;328;329;330;332;333;334;338;340;341;343;344;345;346;348;349;352;353;354;355;356;358;360;361;362;365;367;368;369;370;371;372;373;374;376;379;381;382;384;385;387;389;393;394;395;398;400;402;403;404;407;409;412;416;417;419;420;421;426;427;428;429;436;437;439;440;443;444;445;447;448;454;455;457;458;461;462;463;466;468;469;470;471;472;475;477;478;481;482;483;484;485;486;487;488;490;494;495;496;497;499;500;501;503;506;509;515;520;521;524;530;534;535;539;542;543;545;547;548;549;550;551;554;556;557;560;561;562;568;570;571;572;577;580;581;583;586;588;590;591;592;596;601;606;608;609;614;616;618;624;625;626;627;629;635;639;640;643;645;646;647;650;655;656;657;658;659;660;661;662;664;665;666;668;670;674;675;682;683;685;686;687;689;690;692;693;697;698;700;703;705;707;708;710;713;716;717;718;719;720;721;722;729;731;735;738;741;742;749;753;756;757;762;763;765;767;769;770;771;772;775;776;779;780;781;784;786;787;789;790;791;792;794;795;796;798;799;800;801;803;804;805;808;809;812;814;815;818;823;824;826;827;830;833;835;836;840;842;843;845;846;847;848;849;850;852;856;859;862;864;866;869;873;874;875;876;877;878;879;880;882;883;888;890;895;896;897;898;900;902;904;905;906;917;918;920;921;924;925;929;931;932;933;935;936;943;945;946;947;948;951;952;954;956;958;959;960;963;966;968;969;971;972;974;976;977;978;979;981;982;984;985;987;990;991;992;995;1000
565;2;5;7;8;11;12;15;16;18;19;21;23;31;32;33;35;36;37;38;40;41;44;45;47;48;50;53;54;55;56;57;59;60;63;65;68;69;71;72;73;74;75;77;78;79;80;81;82;83;84;86;88;89;92;93;94;96;98;99;101;103;104;105;106;107;111;112;113;115;118;119;120;121;127;131;134;138;139;140;141;142;143;145;146;149;151;155;159;160;161;162;169;170;172;173;175;176;177;179;181;183;184;187;188;194;196;199;200;203;205;207;208;209;211;213;214;215;217;218;220;221;225;227;229;232;236;238;239;243;245;246;247;249;250;251;252;255;256;260;261;266;269;272;278;280;282;286;287;288;290;291;292;296;298;300;302;311;312;313;314;316;317;322;323;324;326;327;329;330;332;337;339;340;341;345;346;348;349;352;353;363;364;365;366;368;370;371;373;375;376;378;380;382;383;385;386;387;388;389;391;392;396;397;399;400;401;404;412;413;415;417;418;421;423;424;426;430;431;432;436;440;441;443;444;445;446;448;449;450;453;455;458;460;462;463;464;467;469;470;471;472;474;475;476;477;478;481;484;489;491;493;501;502;503;504;506;507;511;514;517;519;521;522;523;527;529;533;535;536;539;543;545;548;549;552;554;555;556;559;560;569;570;572;573;574;575;577;578;580;585;586;588;589;590;592;597;598;601;602;603;604;605;607;611;613;615;616;618;623;624;625;626;627;632;636;637;638;640;642;644;645;648;649;651;653;656;657;658;660;663;664;668;669;670;671;676;685;686;687;688;689;690;693;695;697;698;699;700;702;709;712;713;716;719;721;724;726;727;728;729;737;741;744;747;748;749;753;756;759;761;765;767;768;771;772;776;778;785;786;789;790;792;794;795;797;798;800;805;806;809;812;815;820;821;822;823;825;829;833;835;837;840;841;844;846;847;849;850;851;852;854;855;856;857;859;860;861;865;866;868;869;870;871;872;874;876;880;883;886;888;892;894;895;896;897;901;902;904;906;907;908;909;911;915;916;917;918;924;930;931;932;933;937;943;945;949;950;952;953;956;961;965;966;967;968;973;976;978;981;982;984;987;988;989;990;993;995;999;1000
566;1;5;10;11;18;21;22;29;31;36;37;39;41;43;44;45;50;52;55;57;59;60;63;66;67;69;71;72;74;75;80;81;83;84;90;93;94;99;101;102;104;105;107;109;111;113;116;117;118;119;120;121;124;125;126;127;128;130;131;132;138;139;140;143;144;145;146;154;155;156;157;162;163;164;169;172;176;179;182;183;186;190;192;193;194;196;202;204;205;209;211;213;214;216;217;218;220;222;225;228;229;230;233;235;237;238;239;240;244;245;247;248;249;250;251;252;253;254;257;258;260;261;262;267;268;269;274;278;280;283;284;285;287;288;289;290;292;293;296;297;299;300;302;303;304;305;309;310;311;312;313;315;318;319;321;322;328;329;330;332;333;334;335;338;339;340;341;346;348;350;352;353;355;356;358;360;363;367;370;372;374;375;378;379;380;381;383;386;388;389;390;393;394;397;399;400;405;406;408;410;411;412;413;415;417;421;422;423;426;431;432;433;434;435;439;440;441;444;448;450;451;452;453;455;458;459;460;461;462;465;466;467;468;469;470;475;476;480;482;484;487;488;491;493;495;496;498;499;501;507;509;511;513;514;516;517;518;520;522;523;524;525;526;527;528;530;535;536;537;538;539;540;543;545;548;549;551;554;556;559;560;561;562;571;574;575;576;577;578;580;581;582;583;585;589;593;598;599;600;601;602;603;605;607;611;613;615;616;617;620;621;624;627;631;632;633;634;637;638;639;640;641;643;645;649;652;653;659;663;669;670;671;672;674;675;678;679;680;681;683;684;686;687;688;689;690;691;693;694;695;696;699;700;701;704;706;707;708;710;713;714;715;716;719;720;723;725;730;731;732;733;734;737;738;739;740;741;744;745;748;750;751;755;756;758;761;765;768;772;773;774;775;779;780;783;785;786;791;793;795;797;798;799;802;803;805;807;809;810;811;813;814;815;819;821;823;824;826;827;828;830;832;833;834;835;836;838;842;843;844;847;848;849;850;851;852;854;858;859;863;864;865;870;871;872;873;875;876;880;881;882;883;885;886;888;891;892;895;903;904;907;908;909;910;913;914;915;920;921;923;927;931;939;940;941;942;943;947;949;950;951;952;954;956;957;959;963;967;968;970;972;973;974;975;978;980;981;984;986;987;989;991;998;1000
567;1;2;4;7;10;11;15;19;23;24;25;26;30;32;33;35;36;42;43;45;49;51;52;53;55;64;68;70;71;74;75;76;81;82;83;84;85;86;87;88;89;90;91;93;96;97;98;99;105;106;110;115;116;117;119;121;122;123;126;127;130;132;133;134;136;141;142;146;152;154;158;160;161;162;164;165;166;167;168;170;171;172;173;177;178;182;183;184;185;186;188;190;192;194;195;196;199;204;207;209;210;214;218;223;225;229;231;234;236;238;239;241;242;244;245;252;253;255;259;260;263;266;268;273;274;276;277;278;279;280;283;285;290;293;296;297;298;302;308;311;312;314;315;316;317;318;320;322;323;324;327;329;331;337;338;344;347;348;349;352;354;355;357;358;359;362;364;365;367;369;370;371;372;373;374;375;376;380;385;387;389;390;392;393;394;395;396;397;398;401;402;404;407;410;411;413;417;418;420;421;422;427;430;436;437;439;440;442;443;444;446;447;449;450;452;457;460;461;462;465;467;468;469;472;474;476;478;479;480;482;486;487;490;491;492;493;494;498;502;504;505;507;510;512;516;518;520;521;522;523;524;525;526;527;528;529;532;533;534;535;539;540;542;544;545;549;551;552;557;558;559;560;562;563;571;572;575;581;582;583;585;586;587;590;592;593;594;597;599;601;605;606;607;608;610;611;612;615;617;619;620;623;625;627;628;631;632;633;634;636;637;638;639;640;641;643;645;646;648;649;651;653;654;655;658;661;665;666;667;668;670;672;674;676;679;681;682;684;685;688;690;692;697;698;704;706;708;710;711;712;713;714;717;718;719;720;722;724;726;729;730;732;734;736;737;742;746;748;749;753;754;755;757;760;762;765;767;768;769;770;771;777;778;781;782;784;785;786;787;788;789;790;791;794;795;796;797;799;801;802;803;804;805;807;808;812;818;819;820;821;823;825;829;830;832;833;834;835;836;839;842;844;845;847;850;854;862;865;867;868;869;870;876;877;878;880;883;886;887;888;890;892;894;897;898;899;900;901;906;907;908;909;910;911;913;916;925;927;932;933;934;937;939;941;942;945;948;951;952;953;956;958;960;961;962;967;968;969;970;971;974;975;976;978;981;982;984;986;989;990;991;995;996;997;998;1000
568;1;7;15;16;21;23;24;25;29;30;31;33;34;37;39;41;43;46;48;49;56;57;58;59;62;64;65;66;68;71;76;77;78;79;83;85;86;87;88;92;93;94;96;97;105;106;112;115;118;119;120;121;123;125;127;128;129;131;132;133;137;139;141;145;146;147;148;151;157;158;159;160;161;167;168;169;170;172;176;178;180;181;182;183;185;186;187;188;189;191;192;193;198;202;203;204;208;210;212;213;218;221;227;228;232;234;235;236;237;239;241;242;243;244;248;249;250;252;254;255;259;263;264;266;267;272;273;277;279;281;282;284;285;286;290;291;292;293;296;301;302;303;307;308;309;310;312;318;319;321;322;324;326;327;332;334;335;336;337;340;343;344;345;349;353;354;357;359;360;361;362;363;364;367;372;374;375;378;380;382;383;384;385;386;387;388;392;394;396;398;399;401;402;403;404;405;406;407;410;412;415;416;417;418;419;420;422;423;424;426;427;432;433;435;437;438;439;440;441;444;452;453;455;457;460;463;464;465;468;470;472;475;477;478;479;480;481;482;483;484;485;486;487;488;489;491;492;494;496;497;499;501;502;503;504;506;510;511;513;514;518;520;522;526;529;531;533;536;537;538;539;541;543;545;549;553;554;555;557;559;562;563;564;571;572;574;579;580;581;582;583;586;587;593;594;595;598;600;604;605;610;612;617;622;623;624;627;629;631;633;638;640;642;643;645;646;647;649;656;657;658;664;666;667;668;669;679;680;683;684;686;688;689;690;692;693;694;697;698;700;701;702;710;711;713;716;717;718;720;722;724;726;727;730;731;733;734;737;739;740;745;748;749;751;753;754;756;757;758;760;761;764;765;769;770;775;776;780;781;782;784;787;788;789;790;793;796;797;798;799;801;803;804;805;806;811;812;814;815;816;817;819;821;824;827;828;829;835;837;839;841;843;844;847;851;852;854;859;861;863;864;865;866;868;869;870;871;873;874;875;879;880;881;884;889;891;892;896;897;898;900;901;902;903;904;906;909;910;912;916;917;918;921;922;926;927;928;932;933;934;935;936;937;939;940;941;942;943;945;947;952;954;955;959;960;961;962;963;964;965;966;967;970;971;973;974;975;978;979;980;981;983;987;988;989;990;991;994;998;999
569;1;2;3;8;9;10;11;13;14;15;17;19;20;24;25;26;30;33;35;37;38;39;41;42;44;45;52;54;55;58;60;62;63;64;67;77;82;84;85;86;88;91;92;96;97;100;105;106;109;110;112;114;117;118;119;120;121;122;125;128;129;130;132;135;137;138;139;141;142;143;144;146;147;150;151;152;153;155;158;159;163;165;168;172;174;175;176;183;187;190;191;192;194;195;196;197;198;199;204;207;209;210;211;221;222;224;226;227;228;231;232;234;236;240;242;243;246;247;248;250;252;253;255;256;258;262;263;265;266;272;274;275;276;281;282;286;287;288;289;290;292;295;296;297;300;302;303;304;305;307;308;309;312;315;316;318;320;321;323;324;327;330;331;333;336;337;339;340;341;342;343;344;346;347;349;352;354;355;356;357;358;359;363;366;373;377;378;379;385;389;390;391;393;394;395;396;397;398;402;405;407;409;410;414;416;417;422;425;426;428;430;434;436;442;443;445;446;449;453;458;460;461;462;463;465;468;470;471;473;475;476;477;483;484;485;487;488;490;492;493;495;496;499;500;503;504;505;506;507;509;511;514;517;520;523;524;525;529;531;532;533;537;539;540;543;544;545;547;548;549;550;552;554;555;558;559;565;572;573;574;575;576;577;580;586;588;591;592;593;595;596;598;600;602;604;606;609;610;611;613;617;621;622;624;625;627;629;630;632;635;636;638;640;641;642;646;649;650;653;655;657;660;663;666;668;669;671;673;677;679;680;681;684;686;687;689;690;692;697;698;699;701;707;711;712;718;719;720;721;722;723;724;725;726;728;729;731;733;734;735;736;738;740;741;744;746;747;749;751;754;755;758;760;761;764;766;768;771;772;773;774;779;780;781;782;785;786;789;793;795;796;799;802;803;805;806;807;808;810;813;815;819;821;823;824;825;826;828;829;830;832;834;835;838;839;842;845;847;851;852;854;856;857;859;860;862;863;865;866;871;873;875;877;878;880;881;883;886;889;890;891;892;894;895;897;899;900;901;905;906;907;909;910;911;912;913;914;915;918;919;923;925;928;929;930;932;933;936;938;940;942;943;945;949;950;951;953;956;958;959;960;961;964;965;967;973;974;975;977;978;979;981;984;986;994;995;997
570;1;6;7;8;10;13;17;20;21;22;23;24;25;26;29;30;31;33;34;35;36;37;38;39;42;44;45;49;51;56;57;59;60;61;62;63;64;65;68;69;73;74;76;77;78;82;83;84;85;86;87;89;90;91;93;95;98;100;101;102;103;104;105;106;107;110;111;112;114;115;116;117;119;120;123;124;126;129;130;133;134;135;140;142;148;149;150;153;158;159;160;163;166;167;170;174;176;177;180;182;183;186;189;190;194;197;199;200;201;203;205;211;213;215;216;218;220;222;223;224;225;228;229;230;231;233;234;235;236;238;240;242;244;245;247;251;253;256;258;259;260;261;262;263;264;271;272;273;277;280;282;284;285;287;288;291;293;295;303;307;308;311;313;314;315;320;321;323;327;328;331;332;333;334;335;337;338;339;340;341;348;349;350;351;353;355;359;360;362;365;368;372;377;382;383;386;387;389;390;392;393;394;397;398;399;400;402;403;404;407;409;411;412;416;420;422;425;426;427;428;439;442;443;446;447;450;452;454;456;458;460;462;463;467;468;470;471;473;474;475;478;479;482;484;485;488;492;494;495;496;499;501;502;504;506;507;513;514;516;518;519;520;521;522;523;524;525;527;533;536;537;538;539;542;543;544;546;550;551;552;554;555;556;557;558;560;561;562;563;564;565;571;574;575;576;580;581;583;584;585;588;589;592;593;594;596;597;598;600;601;607;610;611;616;618;623;624;625;630;632;633;634;640;644;645;646;649;650;652;654;655;658;659;661;662;664;665;667;670;671;673;675;678;679;682;685;687;688;690;691;694;695;699;701;707;708;710;713;715;716;717;718;721;728;732;733;734;735;737;739;741;742;743;745;747;749;751;753;754;755;758;760;761;763;764;767;768;771;773;774;775;777;778;779;780;784;788;790;791;793;796;797;801;802;803;806;809;812;813;814;815;817;820;823;824;826;828;832;834;836;838;840;843;844;845;847;848;858;860;861;866;867;868;871;874;875;876;877;879;880;882;883;884;886;888;893;894;895;896;898;899;900;901;902;904;905;906;908;912;914;921;923;925;926;927;930;932;937;941;943;953;957;959;961;963;965;966;969;970;971;973;974;976;977;979;980;982;984;985;986;987;988;989;990;993;994;995;996;997;999;1000
571;1;4;5;6;7;8;11;12;13;14;15;16;17;21;24;27;29;30;31;33;35;38;42;43;45;46;50;52;53;55;57;58;59;60;61;62;63;65;66;68;70;73;74;75;76;78;79;80;81;84;85;86;87;96;97;98;100;102;103;105;113;114;116;117;119;124;128;130;135;136;137;140;141;144;145;149;150;151;152;154;155;156;158;160;161;164;165;167;168;169;171;173;174;175;176;177;180;182;184;186;187;194;195;199;204;205;207;208;209;210;211;216;218;220;221;223;225;226;227;228;231;232;233;236;239;242;244;246;247;249;251;252;253;254;256;257;259;261;263;266;273;276;277;278;281;283;285;286;289;291;295;296;300;301;304;306;311;315;317;318;323;324;325;326;334;337;338;341;343;344;345;346;349;351;352;353;356;357;359;363;364;365;366;367;368;369;370;371;373;374;376;377;379;380;384;392;398;400;403;404;405;406;407;408;410;414;417;421;424;425;430;432;435;436;438;439;440;441;444;446;448;449;453;455;456;457;461;464;467;472;475;479;483;484;485;488;489;491;496;497;506;507;509;511;514;516;517;518;520;521;526;528;529;531;533;534;538;539;542;544;545;546;547;548;552;553;554;555;562;563;564;566;567;568;570;573;576;580;581;584;585;586;587;588;589;591;592;593;594;595;596;597;598;601;602;605;609;612;615;616;620;621;622;625;627;628;633;634;637;639;641;644;647;648;649;656;657;660;661;662;664;667;670;671;672;673;676;677;679;680;681;682;683;686;687;688;691;693;694;695;698;699;701;705;710;712;714;715;717;718;720;723;729;731;735;736;742;743;744;746;750;751;754;755;757;758;760;762;764;765;772;773;774;777;778;780;783;786;788;792;794;797;798;800;804;806;807;812;814;816;817;818;819;824;825;826;828;830;832;834;835;836;837;838;841;845;846;847;849;850;851;853;854;855;856;857;859;861;862;866;867;871;873;875;876;881;883;884;886;887;888;889;892;895;896;897;900;903;904;906;907;908;909;911;923;924;926;927;928;930;931;935;936;938;939;940;941;942;943;945;946;949;950;952;954;955;957;958;965;969;971;972;974;975;977;980;981;983;984;986;987;988;991;992;993;994;996;998;999
572;1;4;5;7;10;13;15;16;18;19;22;24;25;28;29;31;32;34;36;37;38;40;41;42;44;45;46;47;48;50;51;52;54;57;65;66;68;69;70;72;73;74;77;79;81;84;85;86;87;92;93;96;97;99;101;102;103;104;107;109;111;113;114;115;116;118;120;123;128;132;137;138;142;144;145;147;151;152;153;154;155;156;158;159;160;172;174;175;176;177;178;180;184;187;188;189;191;196;197;198;199;200;201;202;203;204;205;206;207;209;211;212;213;215;216;221;222;224;228;233;236;237;238;240;242;244;245;248;252;253;254;258;261;263;266;269;271;275;278;279;280;281;283;285;286;287;291;292;296;299;300;301;303;304;305;308;309;310;313;314;315;317;318;320;322;326;327;328;330;331;337;341;342;344;356;358;359;360;363;364;366;368;371;372;374;375;376;379;380;385;388;389;390;391;392;395;396;403;404;405;408;409;412;415;416;419;423;425;427;428;430;431;433;434;436;438;441;444;445;448;449;451;454;455;459;461;462;463;464;465;467;469;470;471;472;474;476;477;479;480;482;483;487;490;491;492;494;495;497;499;501;502;503;506;507;508;511;514;517;520;522;524;525;528;529;530;533;534;535;540;543;544;545;547;549;552;554;555;558;561;563;564;565;567;568;569;573;576;577;579;581;582;584;585;586;587;588;589;594;596;597;599;601;602;606;607;608;611;612;613;614;615;616;617;619;620;622;623;624;625;627;628;629;630;633;635;636;638;640;641;645;647;652;656;658;659;661;662;663;664;665;666;667;668;671;673;674;678;679;682;684;687;689;696;700;701;702;705;706;707;708;709;710;711;712;713;715;716;718;719;720;721;725;726;727;728;729;732;733;734;735;738;739;740;741;743;746;747;748;749;752;753;755;761;764;768;769;770;771;772;773;774;776;779;781;785;786;789;790;791;792;793;794;795;797;798;800;803;804;805;806;807;810;811;813;815;816;817;818;819;823;825;829;830;831;832;835;836;837;839;841;842;843;844;845;847;848;853;856;859;860;861;862;863;864;865;866;867;869;871;875;876;878;879;880;881;882;888;889;891;892;893;895;896;901;903;909;910;913;914;916;918;927;928;930;931;933;934;935;936;937;938;939;942;944;945;946;949;950;952;954;955;958;959;960;961;968;971;972;975;976;977;978;981;982;984;986;989;990;993;998;1000
573;1;4;7;11;14;15;19;20;21;22;23;25;27;28;29;30;34;36;38;39;41;46;49;51;54;56;58;65;66;67;69;70;71;73;75;77;78;79;80;81;82;83;89;91;92;93;94;99;103;105;106;108;109;111;117;119;120;121;122;123;124;130;131;132;134;136;137;141;143;144;145;146;147;149;153;154;155;156;157;158;163;168;169;172;173;175;178;179;180;181;182;191;192;198;199;200;203;206;207;208;210;211;213;214;216;218;221;223;225;227;229;230;235;236;237;241;242;244;245;248;249;251;254;257;260;262;264;266;268;269;270;271;272;273;274;277;278;281;283;284;289;291;292;293;295;297;298;299;301;303;304;305;306;308;311;313;314;315;317;318;319;320;321;325;326;332;338;339;340;341;343;344;349;351;353;354;358;359;360;361;364;369;371;375;376;381;382;384;387;396;398;399;402;403;407;408;410;411;412;416;418;424;426;429;431;436;437;438;443;447;453;454;455;456;458;459;462;463;465;466;467;471;473;476;482;484;485;486;487;488;490;492;494;497;498;501;504;506;507;508;509;510;513;516;517;520;521;523;526;529;530;532;533;535;536;537;538;540;541;545;546;550;551;553;554;555;557;560;562;563;565;569;571;572;574;575;576;578;579;580;583;584;587;595;597;598;599;603;604;605;607;611;612;613;616;620;627;630;633;634;636;640;643;644;645;646;648;649;653;656;659;660;661;662;664;666;667;668;669;670;671;674;675;677;678;680;681;685;687;688;690;692;693;696;697;698;700;701;702;704;705;708;711;714;715;716;717;721;724;725;726;727;730;733;734;736;740;742;745;749;751;752;753;755;758;761;762;764;766;768;769;775;779;780;782;783;784;786;790;794;797;798;799;801;805;808;809;810;811;812;818;819;820;822;823;824;825;828;831;833;834;838;842;843;844;851;853;854;858;860;863;864;865;868;870;871;874;875;876;878;881;883;889;890;894;895;896;897;903;904;905;908;911;913;915;917;918;921;922;923;924;925;926;928;931;932;934;938;941;943;944;945;947;951;954;957;958;960;961;965;970;971;975;978;979;981;983;985;986;987;989;990;992;996;997;1000
574;1;3;4;6;8;9;10;11;12;14;15;17;20;21;22;23;24;25;28;30;33;34;35;36;41;43;44;48;50;52;62;64;65;66;67;68;73;74;76;81;83;85;88;89;93;97;98;104;105;106;109;111;112;113;115;116;118;120;122;123;126;127;128;129;130;131;136;137;138;139;142;144;145;146;147;151;152;156;159;161;166;168;172;174;175;176;182;183;185;186;187;188;191;192;193;196;197;198;199;202;204;205;206;207;209;212;219;224;226;231;232;233;237;239;240;247;253;254;256;257;260;261;263;265;268;269;272;274;279;281;284;285;288;289;294;296;297;301;305;306;307;309;313;315;319;321;324;326;333;334;338;339;340;341;343;346;347;348;355;356;357;358;362;365;367;373;374;377;378;380;382;383;384;388;389;390;392;394;396;397;398;400;402;407;409;410;411;414;416;418;420;421;423;424;425;431;436;437;438;441;442;444;445;446;447;450;451;453;459;460;461;462;464;465;466;469;470;472;473;474;477;478;480;483;485;487;488;495;497;501;502;503;505;510;513;514;517;519;521;522;523;525;526;527;529;531;532;533;535;539;543;544;545;547;548;549;554;558;561;562;565;566;568;569;570;573;575;577;578;582;585;586;588;592;593;594;596;598;599;600;601;607;608;610;616;617;618;619;620;622;625;627;631;633;635;637;639;642;643;644;645;650;651;652;655;657;659;662;665;667;668;671;674;675;676;677;678;681;682;685;687;689;693;694;695;698;699;701;703;705;709;710;711;713;714;716;717;720;721;723;724;725;726;728;732;733;737;739;740;742;743;746;748;749;752;753;757;758;759;761;762;764;765;767;769;770;771;772;775;776;784;785;790;793;797;799;800;801;802;803;808;809;810;812;816;819;821;822;823;825;826;827;828;837;838;840;842;843;844;846;848;849;850;851;852;853;854;855;858;859;861;865;866;867;871;873;874;876;879;880;881;883;888;889;891;892;893;895;896;898;900;902;907;910;913;915;916;920;921;923;927;929;930;931;933;935;945;947;948;950;951;953;956;958;968;971;972;973;975;977;979;980;981;984;988;989;992;993;999
575;7;8;9;10;13;16;19;22;23;25;26;27;28;30;31;32;33;34;39;40;41;43;47;48;49;50;51;53;56;57;60;62;63;65;66;67;69;71;72;73;74;76;78;79;81;82;84;85;86;87;88;91;93;95;96;100;102;103;104;107;108;109;116;117;118;119;123;124;130;131;133;134;135;140;141;142;146;150;151;155;157;158;159;161;163;167;168;169;173;180;181;185;186;187;192;193;194;196;197;198;199;201;202;206;207;209;211;212;215;217;218;219;221;222;223;224;225;226;233;234;235;237;245;246;248;249;251;253;261;262;264;268;269;270;274;277;279;282;285;287;290;294;296;298;300;301;302;303;306;307;310;312;314;316;317;320;323;325;326;329;330;332;333;334;335;336;337;339;341;342;344;345;346;347;349;353;354;355;359;361;364;365;366;368;373;376;377;378;379;381;382;383;385;386;387;390;393;394;395;396;397;398;399;402;403;404;406;408;415;417;420;423;424;428;429;430;431;435;436;437;438;440;444;447;452;456;459;460;461;462;464;466;468;472;473;475;476;477;480;483;484;487;488;489;490;491;492;494;495;497;498;499;500;501;503;504;506;507;510;511;513;515;516;517;519;522;523;525;527;531;534;535;536;538;540;541;546;548;552;553;557;558;559;561;563;565;566;567;569;570;573;574;576;578;579;580;584;585;588;592;594;597;600;605;606;608;614;615;616;618;621;622;623;624;625;630;631;632;633;635;636;639;641;642;643;645;646;647;649;650;652;654;657;658;659;661;666;667;670;671;673;674;680;683;684;685;687;689;690;691;692;693;697;698;700;704;705;706;707;711;712;714;715;717;720;722;723;724;725;727;730;731;732;734;735;736;737;738;739;740;741;744;746;747;748;749;752;755;756;759;760;764;765;766;770;772;773;774;777;778;780;782;784;785;786;787;788;790;792;795;802;803;804;806;807;809;810;811;815;821;822;823;824;826;827;828;830;832;834;835;836;837;840;841;844;845;849;850;851;852;853;854;855;856;857;858;859;862;864;865;867;869;871;873;875;878;880;882;884;887;888;890;891;892;893;894;896;899;901;903;909;910;911;915;919;921;924;925;927;930;934;935;936;937;940;941;946;947;948;949;952;953;955;957;959;965;967;968;973;978;980;983;984;985;987;989;990;996;998;999
576;1;4;7;8;10;13;14;15;16;21;25;26;27;31;36;37;38;42;44;50;51;52;53;54;58;59;62;63;64;66;71;72;74;76;78;81;84;92;94;95;96;97;99;103;106;107;109;110;111;112;113;114;115;116;117;118;119;120;122;125;127;128;132;133;134;137;138;139;141;143;146;147;149;152;153;156;158;159;162;163;165;166;167;170;172;173;174;176;179;180;182;183;184;186;189;190;192;193;196;197;198;199;200;201;203;204;205;206;207;209;215;217;218;219;220;222;226;228;229;232;233;241;242;243;244;245;246;248;249;250;253;257;258;259;260;263;264;265;271;272;274;275;276;278;279;280;281;283;284;287;289;290;296;297;299;301;305;306;307;308;310;312;313;316;317;318;319;323;325;326;328;332;334;335;336;337;338;339;341;344;345;346;347;348;349;351;353;354;357;366;369;370;373;374;378;379;380;381;383;385;387;389;393;395;396;399;400;401;404;405;408;409;414;417;419;420;423;425;427;429;431;433;438;439;441;443;444;445;446;450;453;458;459;461;462;464;465;467;479;480;481;482;484;486;487;488;490;491;493;494;495;496;500;502;503;504;505;507;508;511;516;520;521;524;525;527;531;532;535;536;542;549;553;557;559;562;563;566;569;570;571;572;573;575;577;579;582;586;587;589;594;596;597;601;602;607;608;609;613;618;620;622;625;627;628;631;632;634;635;636;639;641;642;645;648;650;653;654;658;661;662;663;664;666;670;671;676;678;679;681;682;683;687;690;691;693;695;696;697;699;700;701;706;708;710;711;715;720;721;725;727;731;733;734;735;736;737;738;739;740;741;743;744;745;746;748;751;752;755;756;758;760;762;763;764;765;766;768;771;774;777;779;780;781;783;785;786;787;788;791;793;794;797;800;802;803;804;806;808;809;810;816;817;819;820;822;826;829;830;831;835;836;837;838;839;840;841;843;846;850;853;857;864;865;867;869;870;871;874;875;876;881;884;886;891;895;898;900;901;902;904;905;906;908;910;912;914;915;919;920;921;922;923;924;926;928;930;933;939;942;943;949;950;953;954;958;960;961;962;964;965;966;967;968;972;974;976;977;979;986;987;988;991;992;994;996;997;1000
577;1;2;3;4;6;9;10;12;13;16;22;24;25;26;31;33;36;37;40;45;46;48;49;50;54;55;58;59;62;63;64;67;71;74;75;76;80;81;82;87;88;90;93;94;95;96;97;98;101;104;105;107;108;112;114;115;116;117;118;119;122;124;126;127;129;131;135;137;139;140;142;145;147;148;149;151;153;154;155;156;158;162;163;166;168;169;170;171;172;173;175;177;178;180;182;183;184;186;187;188;189;191;192;194;197;198;203;209;210;211;212;215;220;221;224;225;227;228;229;230;233;237;238;239;241;243;244;246;249;250;252;254;255;258;259;260;261;263;264;265;269;272;273;274;277;278;280;282;283;285;288;289;290;291;292;293;294;296;297;299;301;306;307;309;313;314;315;318;319;320;321;322;323;325;326;330;331;332;333;334;336;339;340;341;342;343;345;346;347;349;350;351;352;353;356;357;358;360;363;365;366;368;372;373;377;378;379;387;388;389;390;394;397;400;401;406;408;411;412;413;414;416;417;418;420;421;422;423;425;427;431;432;433;435;436;438;440;443;444;445;447;448;449;451;452;453;454;455;458;460;461;462;464;470;471;473;474;475;478;481;485;487;490;491;493;497;499;500;501;502;505;506;509;511;512;515;516;522;524;526;527;528;531;538;539;543;548;549;551;559;560;562;563;564;565;566;569;572;574;576;580;581;582;583;584;585;587;588;589;592;596;597;598;599;600;603;604;605;607;609;610;611;612;614;617;618;620;624;625;626;627;628;630;632;636;640;641;642;643;644;647;650;651;654;656;657;658;661;662;663;668;669;671;674;676;681;686;687;689;690;691;693;696;698;699;700;701;703;704;705;707;709;710;712;718;719;720;721;723;724;727;728;730;733;734;736;739;740;741;743;747;748;750;752;753;760;761;763;764;766;770;773;779;780;782;784;785;788;790;791;793;796;797;801;802;803;808;812;814;815;816;817;819;820;822;824;827;828;829;834;837;838;841;842;843;844;845;846;847;848;849;850;851;852;853;854;856;858;859;868;869;871;872;876;879;880;881;882;884;885;886;887;888;889;891;892;893;894;895;896;899;901;903;904;907;908;909;910;912;917;918;920;924;926;927;930;931;938;939;940;944;945;949;950;954;955;958;959;964;965;966;969;970;971;972;973;974;976;978;979;980;986;987;989;991;993;994;997;998;1000
578;1;4;5;7;9;10;12;14;15;18;19;20;23;25;26;28;29;30;32;37;38;44;48;50;53;56;61;63;64;65;66;70;73;75;79;80;82;86;87;88;89;99;101;102;103;107;110;112;113;117;118;119;130;131;132;135;138;139;140;141;142;143;145;146;149;151;153;155;156;162;163;168;169;174;179;180;184;185;188;190;191;192;194;195;196;197;198;200;202;204;205;206;207;208;210;211;213;217;218;219;221;230;231;233;235;238;240;241;244;245;248;249;252;254;255;256;259;262;263;264;265;267;268;270;272;274;276;277;279;284;285;286;287;290;293;294;300;302;304;305;306;309;311;312;316;317;318;319;320;322;323;324;326;327;328;330;331;332;333;335;340;341;342;343;344;345;346;348;349;350;353;355;356;358;359;361;362;363;366;368;369;371;372;373;377;383;384;388;391;392;393;394;397;400;402;403;404;406;407;408;411;413;414;416;417;420;422;424;425;426;428;432;434;436;437;439;443;445;448;453;456;460;465;466;469;470;471;472;474;475;477;478;479;482;485;486;487;488;489;490;491;493;495;496;497;501;502;503;504;508;509;510;513;515;517;523;525;529;531;532;534;537;538;539;540;544;545;549;550;551;552;554;556;557;560;561;562;563;565;566;573;574;575;583;586;588;589;596;599;604;606;609;610;611;612;613;614;615;617;618;619;620;621;622;623;627;628;629;631;636;638;639;640;643;646;652;655;656;659;661;668;672;674;675;676;678;679;680;682;683;686;687;689;691;692;693;694;696;697;699;705;706;707;710;714;717;718;719;720;722;726;728;730;731;733;734;736;737;743;745;746;747;748;749;750;755;757;758;759;760;762;764;769;776;777;780;782;783;787;789;792;795;796;797;799;800;801;802;803;805;807;808;810;811;817;818;819;821;822;823;824;825;827;828;829;830;831;832;834;836;837;839;841;842;844;847;848;849;850;852;853;854;857;858;860;861;863;865;866;867;869;870;872;873;877;882;883;886;889;892;894;897;898;899;900;903;905;906;908;910;911;912;913;914;916;917;918;923;926;930;931;933;934;941;945;946;947;949;952;953;954;958;959;961;962;963;964;965;966;968;969;970;971;972;973;974;975;976;979;980;981;983;986;988;990;992;994;997;998;1000
579;3;4;9;16;18;19;20;21;22;24;25;27;28;29;32;33;34;36;37;38;39;42;46;47;50;51;53;54;55;56;57;58;59;60;61;62;63;64;65;66;68;69;72;73;74;76;79;81;82;83;85;92;96;98;99;100;101;102;103;105;107;110;111;112;115;118;120;121;123;125;126;127;129;130;131;136;137;139;140;141;143;146;147;148;150;151;152;155;159;163;166;168;170;171;173;183;184;185;187;192;193;194;195;197;198;201;203;206;208;209;210;211;216;218;219;220;225;227;229;231;232;233;234;235;236;237;244;245;247;248;251;253;256;257;259;261;263;265;266;267;268;270;272;273;275;276;277;279;280;281;282;283;289;290;294;295;296;297;298;299;300;301;304;306;307;308;311;316;318;323;324;326;327;329;330;333;334;335;337;339;341;348;350;351;352;354;355;356;358;364;366;367;369;370;374;375;379;386;387;390;391;392;393;399;400;404;409;412;419;420;422;424;426;428;431;432;434;437;438;439;440;441;443;444;445;446;448;449;450;452;453;454;456;457;458;460;461;463;464;465;466;468;469;470;479;485;487;488;492;495;496;497;498;499;509;511;513;515;519;524;526;530;531;533;534;537;538;539;540;541;543;544;545;546;547;548;549;550;551;552;557;558;560;561;568;572;573;575;576;580;582;583;584;585;586;587;590;592;594;596;597;598;599;600;602;605;606;608;616;617;618;620;625;627;628;629;630;631;632;634;635;637;638;648;649;652;654;657;658;660;662;665;666;667;668;669;672;678;680;681;682;685;686;687;688;690;694;695;698;700;704;705;706;708;710;711;712;714;715;716;717;719;720;721;728;732;733;735;736;737;738;739;740;741;745;752;756;762;763;765;767;768;769;770;771;776;777;780;781;782;788;789;790;794;795;796;797;798;801;803;806;810;811;812;815;819;821;822;824;826;832;834;838;841;843;844;846;849;850;851;854;855;856;858;861;866;867;868;869;872;873;874;884;888;889;890;891;892;893;894;895;899;900;901;903;904;905;910;912;914;916;920;921;928;930;933;938;943;945;949;951;958;959;963;965;967;968;969;973;974;975;980;982;983;984;985;991;993;995;998;1000
580;1;2;4;5;6;7;11;12;16;19;20;22;26;29;30;31;32;34;35;36;37;38;39;40;44;45;46;48;49;51;54;55;56;60;62;64;65;66;67;72;74;77;78;80;82;83;84;86;87;90;92;98;100;101;103;105;106;108;110;114;115;116;117;118;119;120;121;122;123;124;125;128;129;130;140;141;145;146;148;149;150;153;155;156;160;161;164;165;166;167;168;170;172;173;177;183;187;188;189;190;192;193;194;195;197;198;200;203;204;207;209;214;215;216;218;224;226;227;229;235;238;239;243;244;245;248;251;252;253;254;256;261;262;266;268;269;270;272;273;275;276;277;278;280;281;284;287;288;290;291;294;295;297;299;300;302;303;307;308;311;312;313;319;320;321;322;324;325;327;329;331;332;333;334;336;340;341;344;346;347;348;349;351;352;355;357;359;360;361;362;364;365;367;369;370;371;372;373;374;375;378;379;380;381;385;390;393;394;396;397;399;401;402;405;406;409;415;416;417;418;420;421;424;425;426;427;428;429;432;433;435;436;437;438;439;440;443;445;446;448;449;451;452;453;454;457;458;461;462;472;473;481;486;487;489;491;495;496;498;499;501;503;505;506;507;509;513;514;520;521;525;529;530;531;533;535;536;541;542;543;547;550;551;560;561;562;563;564;565;566;568;569;570;571;573;575;577;579;583;584;585;587;588;590;591;596;597;598;602;606;607;608;610;611;612;613;617;622;625;630;634;635;636;638;643;644;645;647;649;651;653;654;657;660;662;663;664;665;667;668;669;670;672;673;677;679;682;683;685;686;688;689;690;695;697;698;700;706;708;713;717;718;721;722;723;725;726;727;729;730;731;732;733;741;751;752;753;756;761;762;763;765;768;769;772;774;776;780;781;783;784;787;790;791;792;793;794;798;802;804;807;810;814;815;816;818;819;820;821;822;824;826;827;830;835;837;839;840;841;842;844;847;848;849;851;852;853;854;858;859;861;862;865;866;868;869;871;872;873;878;879;881;882;886;888;889;891;892;894;898;902;904;907;912;915;921;922;926;927;928;929;930;931;934;936;937;938;940;941;942;951;955;958;959;960;961;962;963;967;968;970;971;972;973;975;977;979;984;988;990;992;993;996;999;1000
581;3;4;6;7;9;10;11;12;14;15;16;17;18;19;20;23;24;25;26;27;34;35;36;37;38;41;45;47;52;55;60;62;64;67;68;69;71;72;77;78;81;84;85;86;89;90;91;93;94;96;98;101;102;103;105;107;108;110;114;115;118;120;122;126;128;129;130;131;134;137;141;142;143;147;150;151;154;155;156;157;158;159;162;165;166;167;171;177;183;184;187;190;191;197;199;200;201;203;204;205;206;207;208;210;211;212;214;220;221;225;233;234;240;245;246;250;252;255;258;259;260;261;263;268;269;271;272;274;275;276;278;279;282;285;289;292;293;296;300;302;304;306;308;309;310;311;316;318;319;324;325;328;329;332;335;338;339;340;341;349;351;354;356;360;362;365;366;367;374;375;376;378;379;380;381;386;388;390;393;395;396;397;399;400;402;403;404;407;410;412;413;417;418;423;425;427;429;433;434;436;437;441;443;444;445;446;447;451;453;455;459;461;462;463;464;465;466;470;479;481;483;485;486;487;488;489;491;492;493;495;503;505;506;507;509;511;512;513;516;517;519;522;524;525;526;527;528;532;534;535;540;541;542;546;549;551;552;553;555;556;558;562;563;564;566;567;568;570;571;572;577;582;583;584;586;590;593;594;595;596;598;599;602;604;607;609;610;612;615;616;617;618;621;622;623;624;626;627;628;629;630;631;632;634;636;639;642;646;647;649;650;651;652;656;657;659;660;662;663;667;669;670;672;673;676;678;685;689;692;693;694;696;697;698;699;701;703;704;705;706;708;709;710;711;713;714;717;720;721;723;727;733;737;740;741;748;750;751;753;756;760;769;770;771;775;776;777;778;780;781;784;788;789;791;792;793;795;796;800;801;805;809;811;812;815;816;818;819;820;822;824;825;826;828;829;830;831;834;836;838;839;844;846;847;849;850;853;857;861;865;869;870;872;873;875;878;881;882;884;886;889;890;891;895;896;900;903;907;910;912;913;915;917;919;920;922;923;926;931;932;933;935;936;937;943;944;945;949;951;952;953;954;955;956;957;958;961;963;964;967;968;974;975;976;978;980;982;983;984;985;986;987;988;991;992;993;994;997;999;1000
582;1;2;3;9;12;14;16;18;22;23;26;27;28;31;34;39;40;44;45;47;50;51;54;58;61;63;67;70;72;73;74;75;77;78;79;80;81;83;85;89;91;95;98;101;104;105;107;108;111;112;113;114;116;117;118;119;121;122;124;127;128;129;130;132;133;134;136;139;142;146;147;148;150;152;153;154;155;156;157;159;163;167;168;170;171;178;180;181;183;186;188;191;192;193;195;196;197;198;201;204;205;207;209;210;211;212;222;226;227;230;231;232;234;235;236;238;239;240;242;244;245;248;249;252;260;261;264;267;268;271;273;274;279;281;282;286;287;288;289;290;294;295;296;297;298;302;305;306;308;311;312;321;322;327;328;329;333;337;338;339;342;344;345;346;347;348;350;351;354;355;356;357;358;360;362;363;365;366;367;368;370;372;374;376;379;384;385;386;389;390;391;392;394;395;404;405;406;407;409;410;414;415;416;417;420;421;422;424;426;427;430;433;437;438;441;445;447;448;449;450;452;455;456;457;458;460;466;468;472;473;474;477;479;481;482;483;485;489;491;494;495;498;499;500;505;506;508;513;515;517;518;519;522;526;528;529;531;534;535;537;539;540;541;542;546;548;551;554;556;560;561;563;566;567;568;572;574;576;577;579;581;583;586;588;591;592;593;594;595;596;599;600;601;602;604;610;612;616;618;620;624;627;629;634;635;636;637;638;639;641;642;643;644;645;647;650;652;655;657;659;660;661;662;664;665;666;667;668;669;670;671;672;675;676;678;685;686;689;692;693;694;695;697;699;700;702;703;706;707;708;710;711;715;716;717;718;719;721;723;727;733;734;735;736;739;741;742;743;744;748;749;752;758;759;760;763;764;765;767;769;771;772;773;775;776;777;778;779;780;782;784;785;788;790;792;793;795;796;797;798;801;803;804;807;811;816;818;819;821;825;826;828;829;830;832;833;834;837;841;842;844;849;850;855;857;864;867;871;872;874;875;876;879;881;882;883;887;891;893;894;895;898;899;901;903;904;906;908;909;910;914;915;917;918;921;922;924;927;928;929;933;939;940;941;944;948;949;952;954;955;959;962;963;968;971;975;979;980;981;982;983;984;985;986;987;988;991;992;993;995;997;999;1000
583;6;10;11;12;13;14;15;16;18;19;20;22;23;24;27;31;32;35;36;37;40;44;45;47;49;53;55;59;63;66;67;68;69;70;71;75;77;78;79;80;81;82;85;86;87;88;90;92;94;96;99;101;102;104;107;109;110;111;113;116;117;122;123;124;125;128;129;132;134;135;136;137;138;139;140;141;144;146;147;148;149;150;154;157;158;161;164;166;168;169;171;173;177;178;179;181;183;184;185;186;189;191;192;193;194;203;204;205;208;209;210;212;215;216;217;218;219;220;221;223;226;227;228;230;231;232;233;234;240;241;242;245;252;253;254;255;259;260;261;266;267;269;270;272;273;275;276;278;279;280;281;282;283;285;287;292;293;294;298;300;301;302;303;304;305;306;310;311;312;314;316;317;318;319;320;323;324;325;331;333;334;337;338;339;340;342;343;346;350;355;357;361;362;363;365;368;370;373;375;377;378;381;382;385;387;391;392;393;395;397;400;401;402;403;404;405;407;409;410;412;415;418;419;420;421;422;423;430;431;432;433;434;435;436;438;439;442;443;444;445;447;451;455;456;457;458;460;462;465;466;469;470;471;473;479;480;481;484;485;486;487;488;490;493;495;496;500;503;509;510;511;512;518;523;524;525;526;530;531;532;533;535;536;538;539;541;542;543;545;546;547;549;552;553;554;556;557;558;562;564;566;567;568;570;573;577;578;579;580;581;582;585;587;588;589;591;592;594;596;597;598;599;600;602;603;604;605;610;611;614;616;619;620;622;626;627;630;631;634;635;638;639;640;642;643;647;650;651;653;654;656;657;658;660;662;667;669;670;671;673;675;678;681;682;685;688;689;690;692;693;694;696;697;701;703;704;705;708;709;710;712;716;717;719;722;725;728;730;733;734;737;742;745;747;748;749;750;752;753;754;757;761;762;763;764;765;767;769;770;771;773;775;778;779;781;782;783;785;788;789;794;797;802;804;809;811;814;815;816;817;821;822;828;830;832;834;838;841;845;849;851;852;860;861;862;864;865;866;867;868;870;871;872;877;878;880;881;884;885;890;895;898;899;900;901;903;904;907;908;909;910;911;912;916;917;921;922;924;925;926;928;929;930;931;932;933;935;938;939;940;941;942;943;944;949;953;955;960;962;963;964;967;969;972;973;974;975;977;979;980;981;982;984;985;986;988;991;994;995;996
584;1;2;3;4;5;7;11;13;14;17;20;23;24;25;27;28;29;31;33;41;42;43;47;49;50;51;52;53;55;57;59;62;64;66;68;69;70;72;77;78;82;83;84;87;88;90;92;93;94;95;96;99;102;104;109;112;114;115;117;118;122;123;125;127;128;130;132;134;137;142;143;144;146;147;148;149;151;152;155;156;157;159;162;163;164;166;168;170;174;175;177;178;180;181;184;185;186;187;188;193;196;199;200;203;205;210;211;214;215;218;219;220;223;224;227;228;229;232;234;236;237;240;241;242;245;246;247;248;250;252;257;258;262;263;267;269;270;271;272;273;276;279;280;281;286;289;292;293;294;296;299;300;301;302;303;306;307;310;311;314;315;316;318;319;320;321;324;327;328;332;334;336;337;338;339;340;342;343;344;345;347;348;349;352;356;357;359;361;362;364;366;367;368;369;370;372;373;375;380;383;385;386;387;389;390;392;394;397;398;399;402;404;405;406;407;410;414;416;417;419;420;426;427;428;429;432;433;434;439;440;441;444;447;448;450;454;462;466;467;470;474;477;479;481;482;483;484;486;488;489;492;493;495;497;499;502;503;504;505;506;516;518;521;525;526;527;528;534;537;538;539;544;546;552;553;554;555;559;561;562;570;571;572;573;575;577;579;580;581;585;588;589;595;598;600;602;603;605;607;609;610;611;613;615;616;617;618;621;627;629;630;635;636;638;640;642;647;650;651;653;659;663;664;665;666;670;671;672;673;674;676;678;680;682;686;690;691;692;696;698;701;702;703;704;705;706;708;709;711;714;717;719;720;721;722;724;727;729;730;734;736;738;739;740;741;742;743;744;745;746;748;749;756;758;763;766;769;770;771;775;779;781;783;784;788;789;794;795;797;798;800;803;804;805;809;812;813;815;817;818;821;822;824;825;827;828;829;831;832;833;837;839;841;843;845;847;849;850;851;852;855;857;858;862;863;864;869;872;873;874;876;877;882;884;886;887;888;891;892;895;896;897;900;905;906;908;914;922;923;932;935;937;940;942;944;945;946;947;949;950;955;956;957;958;959;960;962;968;969;970;971;974;977;979;983;984;991;992;995;996;998;999
585;3;6;7;8;13;14;16;17;18;19;24;28;31;36;37;38;39;41;42;45;46;48;49;52;53;55;58;59;60;63;64;65;66;67;68;70;74;76;80;82;87;90;92;94;95;96;98;99;100;101;106;108;110;111;114;115;116;118;119;121;123;125;126;129;130;131;132;136;137;139;140;143;147;148;149;160;162;164;165;169;170;172;176;177;179;182;183;184;186;187;190;191;194;195;196;197;201;204;205;207;209;210;211;212;213;215;216;218;222;225;226;227;228;229;231;232;233;234;241;245;246;248;249;254;256;258;259;261;262;265;268;269;272;275;278;280;284;286;287;289;292;293;294;296;297;298;303;305;307;308;309;310;315;318;319;320;321;322;328;329;330;334;338;340;342;343;344;347;348;349;352;353;354;357;358;359;361;362;363;366;368;369;370;372;373;374;377;378;381;385;386;387;390;396;397;400;401;402;407;409;410;420;421;422;429;431;435;439;446;447;449;452;454;456;457;458;459;465;466;470;471;472;476;479;482;483;484;489;490;492;496;497;498;499;501;504;506;508;511;514;516;518;519;520;523;524;525;526;530;532;533;534;535;538;540;541;544;546;548;549;551;552;553;556;558;559;565;566;567;570;571;572;574;575;577;579;580;583;584;587;593;594;600;601;602;603;604;610;611;612;614;615;616;620;621;622;623;624;625;626;632;635;637;638;640;644;645;648;649;650;651;652;653;655;656;657;662;663;664;665;670;672;673;675;676;679;681;683;684;685;686;687;688;692;695;696;697;698;701;702;703;704;706;707;709;712;713;716;717;720;721;723;724;727;729;732;733;734;738;739;742;743;744;745;746;752;753;755;760;761;762;763;764;765;769;774;778;780;781;782;785;787;788;789;790;792;794;795;801;803;809;811;814;815;816;817;818;821;822;827;828;829;831;835;836;841;842;843;845;853;855;856;857;859;862;864;865;866;870;875;877;882;883;884;885;892;893;894;896;900;902;903;905;906;907;910;911;912;916;918;919;920;921;922;924;928;930;932;937;938;940;941;942;944;945;947;949;950;951;952;954;955;958;959;961;962;964;966;967;969;970;971;972;978;984;986;987;989;990;992;994;995;998
586;1;2;4;6;9;11;16;18;19;22;23;24;27;31;32;34;35;36;37;39;44;45;47;48;50;51;52;55;59;61;62;64;68;69;70;71;73;74;75;76;78;79;82;84;85;91;94;96;100;102;106;112;113;114;116;118;120;122;123;124;127;128;129;131;132;133;141;143;144;145;147;148;149;150;152;154;157;158;160;163;166;167;168;170;171;172;173;174;176;179;181;182;183;184;186;188;192;193;194;197;199;200;205;208;209;211;212;213;214;215;216;217;219;220;222;226;227;228;230;231;235;237;238;239;240;241;245;247;248;251;259;261;264;266;268;271;277;281;282;284;288;289;293;294;297;301;302;305;308;315;317;318;321;323;327;329;332;334;339;340;341;342;344;346;348;349;350;355;356;358;363;364;367;368;369;370;376;377;378;379;383;385;387;388;389;390;391;393;397;400;401;402;407;408;409;410;411;412;414;415;417;418;419;421;424;425;427;431;432;436;437;438;439;441;442;444;445;446;447;448;452;455;459;461;463;466;467;472;473;474;477;479;480;482;483;484;486;487;488;489;490;493;495;496;498;499;500;502;503;504;505;507;509;510;511;512;514;520;522;523;524;525;527;530;531;538;540;542;543;544;547;548;550;551;552;556;559;560;562;563;564;565;567;568;569;571;572;574;576;578;579;581;582;589;591;592;594;595;596;597;600;602;604;605;608;610;615;619;621;624;625;627;628;629;630;633;634;635;636;637;641;642;643;645;648;650;652;657;658;659;661;663;665;666;670;674;676;678;681;682;684;687;688;689;690;691;692;694;696;705;706;707;708;711;712;714;715;716;717;718;719;720;721;724;725;727;729;730;732;733;734;735;736;737;738;739;741;742;745;746;749;751;754;755;758;759;760;764;769;770;777;778;779;780;784;786;789;790;793;795;797;801;802;803;804;806;807;815;817;818;819;822;827;830;831;832;833;834;835;836;838;839;840;842;844;847;853;854;856;858;859;860;861;862;864;869;871;873;875;876;877;879;885;888;891;892;894;895;896;897;901;908;912;913;915;917;921;922;923;924;925;926;928;929;930;932;933;935;936;937;939;942;944;946;948;949;950;951;952;953;954;956;957;958;959;960;961;962;963;970;971;972;973;976;978;979;980;982;983;986;987;988;989;991;992;995;996
587;1;3;5;7;8;9;11;19;22;25;27;29;31;33;35;37;39;40;44;45;49;50;52;53;55;57;58;60;67;68;69;72;75;78;80;85;87;88;90;91;94;97;100;105;106;109;110;113;116;118;120;122;123;124;125;126;127;128;131;133;134;136;139;142;146;147;148;149;151;153;154;155;160;162;163;164;176;177;178;179;180;182;184;186;187;191;192;193;194;195;196;197;199;200;203;208;210;212;214;220;221;222;224;228;229;231;232;237;239;240;241;242;243;249;250;253;255;257;260;265;266;267;270;274;276;278;279;280;283;284;285;286;287;288;290;291;293;295;296;298;299;300;301;302;303;307;308;309;312;314;317;318;320;321;322;323;324;325;326;327;328;329;330;332;335;337;339;341;344;346;356;359;360;365;367;369;370;372;376;377;379;381;382;385;386;389;391;395;396;400;402;404;406;407;408;412;413;414;415;417;418;420;421;422;424;426;427;428;431;434;435;436;438;441;443;447;448;454;456;457;458;460;463;464;466;470;471;472;474;475;476;479;480;481;482;486;487;489;495;498;500;501;502;508;511;513;515;516;517;519;521;522;525;528;530;532;533;534;535;536;537;539;542;544;546;548;549;554;555;557;559;560;561;567;568;571;572;573;576;577;579;580;583;585;591;592;593;594;597;601;603;605;607;608;611;612;613;617;618;619;620;627;629;630;631;633;638;640;642;644;645;646;649;651;654;655;656;657;659;660;665;667;668;674;675;676;681;682;683;684;690;693;694;695;697;698;699;701;704;705;706;707;708;712;714;718;719;720;724;727;728;730;731;736;738;740;741;742;746;749;750;753;754;756;758;760;761;762;766;767;770;771;777;778;782;783;784;785;786;787;789;790;791;797;798;801;804;806;809;812;813;816;826;827;829;832;833;836;837;839;841;842;843;846;848;852;853;856;857;858;864;865;866;868;870;872;873;874;875;878;880;881;883;885;887;888;889;892;894;895;896;901;902;903;907;911;912;913;914;922;927;928;931;933;935;937;938;939;940;943;946;947;948;950;952;955;956;959;960;963;964;968;969;972;973;974;975;977;980;981;983;984;988;989;990;992;993;997;998;999
588;1;3;6;7;10;11;12;15;16;17;18;19;20;21;22;24;26;29;33;35;37;38;41;48;50;53;56;57;62;63;66;70;73;74;75;76;80;82;83;85;89;91;92;93;94;98;100;101;105;106;107;109;110;111;113;114;115;116;117;118;119;120;124;125;126;127;128;132;133;134;135;137;138;139;140;141;142;143;144;147;151;152;153;154;155;157;159;160;162;166;167;169;172;179;180;181;182;184;185;189;192;199;202;203;205;206;215;216;217;220;221;222;224;227;228;229;235;236;240;242;247;249;254;257;258;264;265;267;268;270;271;272;273;274;278;280;281;282;289;292;294;295;299;301;304;305;308;309;311;313;314;315;316;318;319;320;321;322;323;326;328;334;336;339;341;344;345;349;350;353;356;357;360;361;363;364;370;373;374;376;383;384;385;389;391;392;394;395;396;397;398;400;401;402;404;406;412;413;417;422;423;425;426;434;435;436;437;440;442;443;444;445;447;449;451;452;456;457;460;461;463;465;468;469;470;473;474;477;478;479;481;488;491;492;493;498;500;501;502;503;505;510;513;514;515;517;519;521;524;525;528;529;530;531;534;539;543;544;548;549;550;552;553;555;556;561;562;563;564;565;569;570;571;572;574;575;577;578;580;582;583;584;594;595;596;598;599;602;606;610;612;613;617;618;619;621;622;625;627;633;634;638;639;640;641;642;643;644;645;646;647;648;649;652;657;662;664;667;668;669;671;673;674;676;679;682;690;692;693;695;700;703;704;706;708;709;710;714;715;718;719;720;721;723;724;725;727;729;730;731;732;733;734;736;737;739;740;742;745;746;747;749;750;751;752;753;755;756;757;758;759;760;762;764;765;767;768;769;770;771;772;773;778;779;780;781;782;783;784;785;787;789;790;793;794;795;799;800;801;802;803;804;806;807;808;809;810;811;812;813;814;819;820;821;824;826;827;828;830;831;834;835;836;837;839;840;841;843;844;847;850;853;854;855;856;858;860;861;863;864;865;866;867;868;871;873;874;878;880;881;882;883;884;886;887;889;890;894;896;897;898;901;904;905;908;910;911;913;915;918;921;923;924;926;929;931;935;940;941;943;944;949;950;952;956;960;962;963;964;966;967;969;970;974;975;977;978;979;981;986;988;989;990;994;995;998;999
589;2;4;5;6;7;10;11;12;14;15;19;20;21;22;24;26;27;28;30;32;33;34;35;38;44;47;48;49;51;53;54;56;57;58;60;61;63;64;66;70;72;73;79;80;81;82;83;84;86;89;90;92;93;94;96;97;99;104;105;108;109;113;118;119;120;122;124;125;128;129;130;131;133;136;137;138;142;143;146;148;149;150;152;155;157;160;164;165;166;167;169;170;171;172;174;178;180;183;184;186;187;188;191;192;193;194;195;196;198;199;201;202;203;204;207;214;215;217;218;221;229;230;231;232;237;239;241;242;243;244;245;247;249;250;251;254;256;257;258;260;265;266;270;272;279;280;284;286;287;289;290;291;292;293;294;295;297;300;302;307;313;316;319;320;321;323;325;326;327;328;329;331;333;334;336;337;338;340;341;342;345;346;347;348;350;351;352;353;355;357;359;360;361;363;366;368;371;372;377;378;379;382;384;385;387;388;389;392;395;397;400;403;404;405;406;408;411;413;414;415;416;417;422;423;424;425;426;430;433;435;437;438;439;440;441;443;448;449;455;456;459;462;466;468;470;471;474;476;479;480;482;484;486;487;488;494;495;496;497;498;499;500;501;505;507;510;512;513;514;516;517;521;523;526;527;528;529;530;531;532;537;538;541;542;543;544;546;549;550;552;556;557;559;561;562;563;565;566;570;571;572;576;577;578;583;584;586;590;591;592;595;596;599;601;603;604;605;606;608;613;616;617;619;620;621;622;624;626;627;630;632;633;638;639;640;641;644;647;648;650;652;656;657;658;660;662;664;666;667;668;669;670;673;676;677;678;683;684;685;686;691;692;693;695;696;697;698;699;700;702;703;706;708;709;710;712;714;715;717;719;720;721;724;728;730;731;733;734;735;736;737;739;741;742;743;744;745;746;747;748;749;751;752;754;755;756;758;761;765;766;768;769;770;772;773;774;777;778;779;780;781;784;785;787;788;790;792;793;795;796;797;798;800;801;802;806;808;816;821;823;824;825;827;828;831;832;834;840;843;844;845;848;849;850;852;854;856;857;858;859;864;867;869;874;875;876;881;882;883;884;885;887;890;892;894;898;901;902;904;905;906;908;909;910;911;913;916;917;918;919;921;922;924;925;926;932;933;935;936;938;942;943;948;950;951;952;955;958;960;962;964;967;969;971;972;973;981;983;985;988;989;990;995;998;999
590;1;2;3;6;10;11;12;15;16;17;18;19;20;21;24;25;26;28;32;35;37;38;40;41;49;50;51;52;53;56;57;58;59;60;61;62;65;68;69;70;71;72;74;75;76;77;78;83;85;86;90;91;93;94;96;97;98;102;106;110;111;113;114;116;117;118;125;126;128;130;131;132;133;136;137;139;140;144;146;147;148;156;158;159;163;166;168;170;171;172;173;174;176;178;179;180;184;185;186;188;189;190;192;193;196;197;201;202;203;207;208;209;212;215;216;219;220;221;222;223;224;230;232;233;235;239;245;248;249;253;255;256;260;263;264;265;268;273;275;276;278;279;280;281;283;286;287;288;290;291;294;295;297;304;306;308;309;313;314;316;317;318;324;325;326;330;331;335;336;338;341;342;344;346;347;350;351;352;353;355;358;359;360;362;363;365;366;367;371;373;378;379;381;382;386;388;390;391;392;393;395;396;399;407;410;411;412;414;417;422;424;425;426;427;428;431;433;435;438;439;440;442;443;444;447;449;451;452;454;455;459;462;463;466;467;468;470;472;474;475;476;477;481;482;483;485;487;488;489;494;498;501;502;505;506;507;509;511;512;513;514;515;517;521;524;528;531;536;537;538;539;542;544;548;549;550;551;555;557;562;564;565;567;579;580;581;589;591;592;593;594;595;599;601;604;605;606;612;613;614;615;617;624;626;627;628;630;631;632;634;635;637;639;640;641;642;648;652;653;654;658;661;663;665;668;670;671;672;673;674;676;677;678;680;686;687;688;689;691;693;694;695;698;700;702;705;706;708;709;710;711;714;716;717;718;719;721;723;724;726;727;728;731;733;735;743;744;745;746;747;748;752;753;754;755;758;759;762;763;766;767;768;770;772;775;776;777;779;782;784;785;786;788;792;794;795;796;798;800;801;802;804;805;806;809;812;813;814;815;816;818;819;824;825;828;831;832;833;834;835;837;839;841;843;844;845;847;849;850;851;853;854;855;857;858;861;864;866;867;869;871;872;874;875;878;879;882;884;886;891;893;894;895;898;900;902;904;907;908;909;911;912;915;918;919;920;921;922;927;930;931;935;936;937;940;949;950;953;954;955;957;958;959;961;965;969;971;975;976;977;978;980;981;985;986;988;989;990;991;992;993;994;996;997;998;999;1000
591;1;4;5;8;9;11;12;14;15;16;22;24;25;27;28;31;32;33;34;36;37;40;41;42;43;44;45;46;48;51;52;56;57;59;65;66;67;69;70;71;72;73;74;76;78;81;82;83;85;87;90;91;93;95;96;101;102;103;104;105;107;108;109;110;111;112;115;118;122;124;125;126;127;129;130;132;134;135;136;137;138;139;140;141;142;143;144;145;147;148;150;152;154;155;157;159;166;172;173;175;176;177;178;180;181;182;183;187;188;191;194;196;198;200;202;204;207;209;211;214;221;223;226;227;234;239;240;241;243;246;247;248;249;252;253;258;262;263;264;267;268;269;272;274;275;277;278;282;284;287;290;294;295;297;298;302;307;310;311;312;313;314;315;316;317;318;320;324;325;329;330;331;337;338;339;340;341;342;346;348;349;352;354;355;356;360;363;366;367;368;369;370;374;376;377;378;381;382;383;384;385;386;387;388;389;390;392;394;397;398;400;412;414;415;416;418;419;421;424;425;426;427;429;430;434;438;440;444;446;447;448;450;451;452;453;454;456;458;460;462;464;466;467;468;469;471;472;474;476;477;478;479;482;483;485;488;490;492;493;494;496;499;500;505;507;508;510;512;517;518;519;522;523;526;527;528;530;532;533;534;536;545;549;550;552;553;555;556;557;562;564;569;571;580;582;583;586;587;589;590;592;596;597;599;600;601;602;603;604;605;606;614;615;619;622;623;625;628;629;630;631;633;634;642;644;648;649;650;651;653;658;661;663;668;669;675;677;681;682;683;684;685;688;690;691;696;698;699;700;702;703;708;711;712;713;716;718;719;720;721;723;724;726;728;730;734;736;739;740;743;744;746;747;750;751;754;756;758;759;761;762;763;764;765;767;768;769;774;775;776;777;778;779;781;782;784;785;788;791;792;793;794;796;797;798;799;800;802;804;806;807;808;809;812;813;815;816;820;821;822;825;826;827;830;831;833;835;836;837;841;843;848;850;851;854;855;856;860;861;862;863;865;867;868;871;872;874;875;876;877;879;881;886;887;888;890;891;892;893;894;895;896;897;900;901;903;905;907;908;910;912;914;918;920;925;926;928;929;931;932;934;935;937;939;940;941;942;943;944;954;955;957;958;960;961;963;970;971;973;975;978;980;981;983;985;986;988;990;991;996
592;1;2;3;4;5;7;9;10;13;16;17;18;20;22;23;25;28;29;33;38;40;42;47;48;49;51;52;54;55;56;57;59;66;67;69;72;73;75;79;83;90;91;92;94;99;103;104;105;106;107;111;112;114;115;117;121;126;127;128;129;131;132;133;137;138;140;142;149;150;152;153;154;155;160;161;162;163;166;167;168;170;171;172;173;174;175;176;181;183;186;190;192;193;197;198;201;204;211;213;214;215;217;218;221;222;224;230;234;235;236;237;238;239;240;241;243;244;246;247;248;249;252;254;256;258;259;262;265;269;271;272;273;275;276;277;278;282;283;284;285;286;289;290;293;301;303;304;312;313;314;315;316;317;320;321;322;325;330;332;334;335;336;337;338;344;345;348;350;352;353;356;359;360;361;362;364;365;366;368;373;375;376;378;382;384;385;387;389;390;394;395;397;398;402;403;404;406;408;410;411;412;413;414;415;418;420;421;422;424;426;427;429;431;433;434;437;438;439;441;445;448;450;457;460;461;462;463;465;468;469;472;474;475;480;483;486;490;491;492;493;496;502;504;510;511;512;517;522;523;525;530;532;535;538;540;541;542;544;548;550;551;553;555;556;559;560;561;562;563;564;565;567;569;570;571;574;575;577;579;582;583;586;587;589;590;591;595;597;599;600;601;602;603;606;611;612;613;614;615;616;617;619;621;623;624;626;627;630;632;635;637;638;643;645;646;648;654;657;658;659;660;662;665;666;669;671;672;673;674;675;676;678;679;681;683;688;689;690;692;694;696;697;698;700;701;703;704;705;706;707;710;711;712;715;717;719;721;722;723;725;727;729;730;731;733;735;740;743;744;745;747;748;749;751;757;759;760;763;766;770;773;774;776;777;779;782;783;784;785;787;794;795;801;804;805;806;808;810;811;813;816;820;821;824;826;829;831;833;835;837;838;839;840;843;847;848;849;852;854;855;856;857;858;859;861;862;866;867;868;869;875;879;880;883;886;887;889;891;892;893;896;897;898;899;900;904;906;907;908;909;912;913;915;916;919;920;921;924;928;930;932;934;937;941;942;947;953;954;955;957;960;962;963;964;966;969;971;972;973;976;977;979;980;982;984;987;991;992;993;995;996;1000
593;1;2;4;5;6;7;8;9;10;11;14;15;16;19;21;23;25;26;27;28;29;34;35;36;39;42;51;52;54;56;57;59;60;62;63;65;66;67;68;71;73;74;75;77;78;79;81;83;87;88;90;91;92;93;94;95;96;99;100;102;106;107;116;120;122;123;126;127;128;129;137;139;140;142;145;146;147;149;150;152;153;154;159;161;165;168;169;170;172;173;174;175;176;177;178;179;180;183;184;186;188;191;192;193;194;195;196;200;201;202;206;207;208;213;217;218;219;220;221;222;223;226;228;230;231;233;234;235;237;241;242;244;245;247;248;250;255;260;261;263;265;267;272;274;278;279;282;283;284;285;287;288;289;290;291;294;295;297;299;300;307;312;313;314;315;318;321;322;323;325;326;328;330;332;334;335;339;341;342;344;346;347;348;350;351;352;354;358;359;360;361;362;363;366;369;371;373;374;376;380;382;386;387;388;389;392;396;397;398;399;402;403;404;405;408;411;412;413;415;416;418;419;420;424;425;426;427;428;429;430;434;436;438;439;440;445;446;448;449;450;453;459;461;464;470;471;473;478;479;480;485;489;492;493;494;499;501;505;506;509;510;511;513;514;517;518;519;520;521;524;525;527;528;530;531;532;534;536;537;538;541;542;544;546;547;549;550;553;554;555;556;557;558;559;561;566;567;568;569;570;571;574;581;582;585;587;590;604;605;606;607;608;610;611;612;615;618;620;621;622;625;630;634;635;636;637;640;642;645;646;649;652;655;656;657;658;659;660;662;663;664;665;666;671;672;674;678;679;680;681;685;687;689;690;691;692;695;696;698;699;701;702;704;706;709;712;713;717;718;719;720;723;725;726;727;728;730;732;733;734;737;739;740;741;743;744;745;747;748;749;752;754;760;763;764;766;767;769;772;776;777;780;781;782;784;787;795;797;802;805;806;807;808;810;811;812;813;814;815;816;819;821;825;828;830;831;832;834;835;837;838;840;842;843;844;845;847;850;851;852;855;856;857;859;860;862;863;864;866;868;873;875;876;877;880;886;887;893;895;898;899;901;902;903;904;908;909;910;911;912;915;916;918;919;921;923;927;932;933;934;940;941;944;948;949;950;952;953;956;957;958;959;960;964;968;971;973;976;979;981;982;983;987;992;995;997;998
594;1;6;7;8;12;14;15;16;17;18;19;20;22;26;27;30;31;32;35;36;38;41;43;45;47;50;51;52;54;55;57;59;60;61;62;63;70;71;73;79;80;81;84;85;88;89;93;96;97;98;100;101;102;106;107;108;109;110;111;114;115;116;118;119;120;122;124;125;128;129;130;131;132;133;139;140;141;142;144;150;155;156;158;159;160;161;162;163;164;167;168;169;174;177;179;183;184;186;187;190;191;194;195;197;198;199;200;201;203;204;206;207;209;210;215;217;218;219;225;226;228;230;231;235;236;237;240;243;244;245;247;248;251;252;253;255;260;261;262;266;268;273;276;277;278;281;282;283;287;290;291;292;293;294;295;301;305;308;309;310;311;312;314;316;318;320;324;325;326;329;330;333;335;336;337;339;340;343;344;345;351;353;354;357;358;359;361;364;367;369;376;377;378;380;384;385;386;387;389;391;393;395;396;399;403;404;405;406;407;408;409;410;411;414;415;416;417;418;419;420;421;424;426;427;428;430;433;436;438;441;443;446;448;452;454;455;456;468;471;473;476;478;483;485;486;487;488;494;495;496;498;500;501;503;504;507;508;510;511;512;514;515;519;520;521;525;527;528;535;538;544;546;547;548;551;555;556;559;562;563;567;568;570;571;572;574;575;576;579;581;582;583;585;586;587;588;590;595;596;597;603;605;606;611;612;614;615;617;619;620;622;624;626;629;630;633;634;635;638;639;640;641;642;643;645;646;647;649;650;652;658;659;660;661;663;667;670;671;677;678;683;685;686;687;693;694;702;703;706;707;708;709;711;715;717;718;719;720;721;724;725;726;727;728;729;732;734;735;736;737;740;742;747;749;750;752;754;755;758;759;761;763;764;765;767;770;773;774;776;779;781;785;787;788;790;792;795;796;798;799;800;801;802;803;804;807;808;810;811;813;817;818;821;822;824;825;826;828;831;832;833;834;836;837;838;839;840;842;843;844;845;848;849;850;852;854;855;859;865;866;869;872;874;875;876;877;879;881;883;885;888;889;892;895;900;901;905;909;910;912;913;915;920;922;923;925;927;930;931;932;933;937;939;940;941;943;945;948;952;954;955;956;957;958;967;968;969;970;971;974;981;983;984;985;987;988;989;992;995;999
595;2;3;4;9;10;12;14;15;16;20;21;23;25;28;30;31;32;33;37;38;40;41;43;44;46;47;49;50;56;59;60;62;65;66;67;68;69;70;72;74;79;83;89;91;92;95;96;98;107;108;110;112;113;114;115;118;122;124;125;128;132;133;134;135;136;137;138;141;142;144;149;150;151;152;153;154;155;156;157;160;164;168;170;173;174;175;177;178;181;182;183;184;185;192;193;194;195;198;199;200;201;205;206;207;208;213;214;215;217;218;220;222;223;224;225;226;229;230;231;233;234;237;238;240;241;243;244;245;246;250;253;254;256;258;264;265;266;268;270;273;275;276;278;282;285;286;287;288;290;291;295;296;299;300;301;305;306;307;308;309;310;311;313;314;315;316;317;322;325;326;327;332;333;334;336;339;343;345;346;347;348;351;354;356;357;358;361;362;363;364;365;369;373;374;376;378;379;380;381;382;383;384;387;388;389;390;392;394;396;399;404;406;409;412;413;414;415;416;418;420;421;424;425;426;428;433;434;435;440;443;446;447;450;453;455;456;458;460;463;464;466;467;471;473;474;475;477;486;488;490;491;493;494;495;498;500;501;502;504;506;511;512;518;521;522;523;524;526;527;530;532;533;534;535;536;537;538;545;547;551;552;553;554;556;557;562;563;568;569;571;573;581;582;584;586;588;589;590;592;594;597;601;602;604;605;607;609;610;613;614;620;621;623;626;630;631;633;636;637;643;647;648;650;651;652;654;657;658;659;661;662;664;665;667;669;670;671;672;674;676;682;685;686;689;692;695;696;697;699;700;703;705;706;707;709;712;713;715;717;718;719;721;722;723;729;732;733;735;736;742;746;748;751;754;755;756;757;760;762;763;764;765;766;767;768;770;772;773;774;776;777;778;780;781;782;783;786;787;789;790;791;793;795;796;797;798;799;800;802;804;807;812;814;815;821;822;826;827;828;832;836;837;838;843;844;846;852;854;855;856;861;863;864;865;868;870;872;874;876;877;881;882;883;884;885;886;887;889;890;891;893;894;895;896;898;899;901;903;904;906;909;910;916;919;920;925;928;933;934;935;936;937;938;939;944;948;949;951;952;954;957;958;960;963;971;972;977;978;982;984;985;986;987;988;990;994;995;996;997;1000
596;2;4;5;8;10;12;13;17;18;19;20;22;24;25;26;27;28;30;31;32;34;36;37;38;47;48;50;51;54;55;60;61;62;65;66;67;68;69;73;75;76;80;81;82;83;84;86;87;88;89;90;93;94;95;102;104;106;112;113;114;116;119;120;122;124;126;128;129;133;135;138;139;146;147;148;151;152;153;154;156;157;158;161;163;167;170;171;175;176;177;179;182;183;185;186;187;188;189;192;194;195;196;197;198;199;200;201;203;204;209;212;215;218;222;223;224;228;231;233;234;238;239;240;241;245;246;247;249;251;253;255;258;262;263;264;270;273;274;276;277;278;279;280;282;287;291;292;295;297;298;301;303;305;306;308;310;316;317;319;321;322;323;326;328;329;332;333;337;338;343;344;346;349;350;351;354;355;356;357;358;360;363;365;371;373;374;375;376;377;378;381;382;383;385;386;387;388;391;393;398;399;400;402;404;407;408;409;411;412;414;416;417;419;420;421;422;426;434;435;436;437;438;439;440;441;442;443;444;445;449;450;451;452;453;454;456;462;463;466;467;472;474;480;483;485;486;490;491;495;496;497;498;499;500;501;502;503;504;505;506;507;511;512;513;514;516;519;521;522;523;535;536;537;538;539;541;542;543;544;547;550;552;554;555;560;561;562;563;564;569;570;571;572;574;576;577;578;579;580;581;582;583;586;588;589;591;594;601;606;608;611;612;613;617;619;620;623;624;625;626;627;629;631;637;639;641;642;647;651;652;653;654;656;657;658;660;663;664;667;668;669;670;673;674;676;677;680;683;685;686;688;689;692;693;696;701;707;708;711;714;715;718;719;720;721;725;726;728;729;732;733;734;738;740;742;746;747;749;752;754;755;756;758;759;763;764;767;768;769;771;773;774;777;778;783;785;786;791;795;796;797;798;799;801;802;805;807;808;809;810;812;814;817;819;820;821;826;827;829;830;832;836;837;840;842;843;844;846;848;850;853;855;857;859;862;864;866;867;868;873;874;875;879;880;881;882;883;884;886;887;888;890;891;892;896;897;898;900;901;902;904;905;906;907;908;915;917;918;919;920;922;924;925;929;930;931;936;937;938;946;952;953;955;956;958;964;966;967;969;973;976;977;978;979;980;982;983;984;985;989;993;996;999
597;4;5;6;8;13;17;18;19;20;23;24;29;31;33;35;36;37;39;41;42;43;44;45;47;52;53;54;56;60;62;63;66;70;74;75;77;79;80;81;82;84;85;88;89;91;93;95;96;98;101;102;104;105;109;111;113;114;115;116;117;118;119;120;122;123;124;127;130;131;132;133;134;136;137;138;139;140;141;142;144;145;146;147;149;152;153;154;156;159;161;163;165;166;168;169;171;172;173;175;178;180;181;182;184;185;186;187;190;191;193;195;196;199;200;201;203;204;205;207;208;210;211;212;214;215;217;222;225;227;228;230;232;233;236;237;239;241;243;250;251;253;254;256;257;259;261;262;263;265;266;269;270;274;278;281;282;284;285;286;287;288;290;291;292;293;294;295;297;299;300;301;302;304;307;309;312;314;316;318;319;320;325;326;329;331;333;335;336;339;340;341;343;345;347;350;354;358;360;361;362;363;364;366;369;370;372;374;376;377;379;381;382;383;384;385;387;389;390;395;398;399;401;404;405;408;409;410;411;414;415;416;417;418;419;423;427;428;430;431;433;434;437;439;444;445;446;447;448;452;455;456;457;461;467;470;474;475;476;477;479;480;482;483;490;491;493;494;497;498;502;503;506;509;510;511;513;514;517;520;521;522;523;524;526;527;533;534;536;537;542;547;548;549;550;552;553;556;565;567;570;571;572;573;575;576;577;579;580;583;586;587;591;592;594;595;600;601;603;605;606;608;609;610;611;612;613;614;616;617;619;623;624;625;626;629;630;631;632;637;639;640;643;646;652;654;656;657;658;659;661;662;663;664;665;667;668;672;675;680;682;684;685;687;688;691;693;694;695;696;697;698;699;703;705;708;711;712;713;719;720;722;724;729;730;732;734;735;740;743;745;747;748;749;756;757;759;761;762;763;764;766;770;771;772;773;774;776;778;780;782;784;785;786;788;789;790;791;792;793;799;800;803;809;810;812;813;814;817;818;820;821;822;824;827;829;830;832;834;836;837;838;841;842;844;845;847;849;856;857;858;859;863;867;869;871;872;874;875;876;878;879;882;883;884;885;887;888;892;894;896;897;903;904;905;907;908;910;912;915;918;921;924;925;926;929;932;933;934;936;938;940;944;948;950;953;955;956;957;958;960;961;962;963;966;968;969;970;972;973;976;982;983;985;986;988;990;994;996;997;998
598;6;7;9;10;14;15;16;18;19;25;26;30;33;35;37;38;39;42;46;50;51;56;57;61;62;63;64;68;71;74;76;77;78;79;80;81;82;83;88;91;92;97;98;99;103;104;107;109;112;117;118;119;121;123;124;126;128;129;131;132;133;138;139;141;142;147;148;150;151;152;153;155;156;157;162;163;166;167;171;173;174;178;179;182;183;186;188;190;192;195;197;201;202;204;205;206;207;208;210;211;212;215;217;218;222;223;224;225;233;234;235;237;239;240;241;243;244;246;249;253;254;256;257;258;260;263;265;266;268;269;270;271;272;275;278;279;281;284;286;287;289;293;295;296;297;298;299;301;304;306;308;310;313;314;317;319;322;323;324;327;328;331;332;336;338;339;340;341;342;345;347;348;349;350;351;353;355;361;366;367;368;369;370;374;376;378;382;384;388;390;394;398;399;400;402;403;405;407;409;415;416;417;418;421;422;423;425;426;428;432;434;439;442;443;448;455;458;459;461;462;463;464;466;467;468;469;470;472;473;475;476;479;480;482;486;487;488;489;490;493;494;499;500;505;507;508;510;511;512;513;514;518;521;523;525;527;528;529;530;533;536;537;538;539;541;543;544;545;546;550;551;552;555;556;557;560;565;566;568;569;570;571;573;574;577;579;580;581;583;584;588;599;600;602;603;604;606;610;611;612;613;615;617;618;619;621;624;628;631;633;634;637;641;647;648;649;655;656;657;661;664;667;668;670;672;673;676;677;679;683;685;687;692;694;695;697;699;700;701;708;710;713;718;719;722;723;724;727;730;734;735;736;742;745;749;750;753;754;757;758;760;763;764;769;770;771;772;773;774;775;776;780;781;783;786;788;789;793;794;795;796;798;799;801;802;803;808;813;814;815;816;821;822;825;826;827;828;830;831;832;833;837;838;839;841;844;845;846;847;848;850;851;854;855;856;857;858;861;862;864;870;871;873;877;878;881;884;885;886;887;891;894;895;896;897;898;900;902;904;905;906;907;909;911;914;916;919;921;922;927;932;933;934;935;936;937;938;939;940;941;943;944;945;946;947;949;950;951;952;953;963;969;971;973;975;976;977;978;980;981;983;985;987;989;993;997;998;999
599;1;3;4;6;8;10;15;16;20;21;23;28;35;37;38;39;40;42;44;46;47;48;49;52;53;54;55;63;64;66;67;68;69;70;76;78;80;81;84;87;89;90;92;95;96;98;100;101;102;105;108;112;113;115;117;119;124;128;129;130;132;133;134;136;137;138;140;141;143;147;148;150;151;154;156;157;160;162;163;164;166;168;170;174;180;181;182;185;186;190;192;195;197;200;201;203;204;205;208;209;210;211;213;214;215;216;217;218;219;220;221;225;226;227;228;229;230;232;234;236;238;239;240;241;242;243;247;249;253;260;266;270;271;272;274;277;278;281;282;284;288;291;295;297;298;300;301;302;307;308;314;315;316;318;319;320;321;324;326;327;328;331;334;335;336;337;342;344;346;348;350;351;354;355;356;361;362;363;365;368;371;373;375;378;379;384;385;386;387;389;390;391;392;393;396;400;401;402;403;405;406;407;411;412;414;416;418;420;426;433;435;437;439;440;441;442;444;445;448;455;460;462;464;465;467;471;473;476;477;478;479;481;483;484;485;486;487;488;489;490;491;493;494;495;501;502;504;507;510;512;514;517;518;519;521;524;525;526;528;534;536;537;538;541;543;544;545;548;549;550;554;555;556;558;561;562;563;566;567;572;573;574;577;578;579;581;582;583;588;589;590;591;592;598;602;604;605;607;609;611;613;616;617;618;620;621;622;623;624;625;627;629;636;637;638;642;643;646;651;655;656;657;658;659;660;661;666;668;669;672;676;677;678;679;680;682;683;684;685;686;688;689;690;691;692;694;698;699;703;706;712;714;716;718;721;722;723;724;726;727;728;729;730;733;734;737;738;739;740;741;747;750;752;753;754;757;759;760;761;762;763;765;766;767;768;770;773;777;778;779;781;784;785;787;788;790;791;792;793;794;795;796;797;799;800;802;803;804;805;807;808;810;812;813;815;817;820;822;823;824;825;827;828;830;832;833;835;837;838;839;840;842;843;845;847;849;850;852;853;854;856;858;859;860;862;864;870;873;875;876;877;880;882;885;889;890;891;894;898;899;900;901;903;904;909;918;920;921;922;923;924;926;927;928;930;933;936;937;938;941;942;943;944;948;950;951;952;953;954;955;956;957;960;961;963;964;966;967;968;970;971;972;973;977;978;979;980;982;983;984;988;989;992;997;999;1000
600;1;2;4;10;11;12;15;16;19;21;24;25;29;30;31;32;34;37;39;42;43;44;45;50;53;54;57;58;59;60;61;62;63;64;66;67;68;69;70;74;75;76;80;81;82;87;88;89;90;92;94;95;96;98;100;102;105;106;107;108;110;111;115;118;119;120;123;125;129;130;132;136;138;142;143;144;146;147;148;150;152;154;155;156;157;158;159;161;163;166;167;168;170;171;173;175;177;178;179;180;182;184;186;187;192;195;198;199;200;201;205;207;209;211;212;215;216;217;218;219;226;227;228;239;245;250;251;252;253;254;256;259;263;267;270;274;275;276;277;278;279;281;282;284;285;287;290;293;294;295;296;297;302;307;308;311;315;316;318;319;321;324;325;328;329;330;337;338;339;340;342;345;346;349;350;351;352;355;356;357;358;360;362;363;364;367;369;370;376;380;381;385;387;388;389;390;392;394;395;398;401;403;404;406;407;408;409;411;412;413;416;417;419;420;421;422;423;424;425;426;428;430;433;435;436;437;438;439;441;443;446;447;449;450;454;455;462;466;467;468;469;471;474;475;479;480;481;482;483;484;488;493;494;496;499;501;502;504;505;506;508;509;511;514;518;522;525;526;529;530;531;535;536;537;539;542;543;544;545;546;547;549;550;552;553;555;557;561;562;566;568;569;570;574;575;577;579;582;583;584;585;586;591;592;597;598;602;603;604;606;607;608;610;619;620;627;630;631;632;633;634;635;637;638;642;645;649;650;653;654;656;657;658;659;663;665;669;670;671;673;674;678;679;681;683;684;685;686;689;690;691;692;697;699;700;701;702;703;705;707;708;709;712;714;715;721;723;724;725;727;729;731;733;734;739;740;741;743;745;748;751;753;755;756;757;758;761;762;765;770;773;775;776;778;780;783;786;787;788;789;793;796;798;799;802;803;804;805;806;808;810;814;815;817;818;821;822;823;824;826;827;829;830;832;835;836;838;839;841;842;843;845;847;848;850;852;853;856;857;860;862;868;870;873;874;876;878;879;880;881;882;883;886;890;891;892;893;894;895;896;898;899;900;904;908;909;910;911;912;913;914;923;925;926;929;931;934;936;937;940;941;942;946;947;948;951;952;953;957;966;967;969;972;973;975;976;977;979;985;986;988;990;991;993;994;995;997;998;999;1000
601;2;3;7;11;13;14;19;21;24;25;26;28;29;32;36;37;38;40;41;45;50;51;52;53;58;59;60;61;66;67;68;69;70;72;73;74;83;85;86;89;92;94;96;97;98;100;101;103;104;106;107;109;112;113;115;116;119;122;125;126;129;131;134;135;138;140;141;142;144;145;147;148;149;154;155;156;157;160;161;164;165;166;168;169;171;172;173;175;176;178;179;181;183;184;186;189;191;192;193;196;197;198;202;207;208;214;215;216;218;219;220;221;222;223;225;227;228;229;231;235;240;242;248;249;250;252;253;254;261;263;265;266;268;272;276;277;278;280;282;283;285;287;289;291;292;296;297;301;306;307;308;309;313;314;319;327;329;333;335;338;341;342;343;346;348;349;351;354;355;357;358;359;360;362;364;365;366;367;372;373;374;378;379;380;381;382;383;384;388;391;392;394;395;396;401;402;403;404;405;407;411;413;414;416;417;418;420;421;422;425;426;427;428;430;431;434;438;439;441;444;446;447;448;450;451;452;455;459;461;462;464;468;469;471;472;474;477;482;485;486;487;490;491;492;495;500;504;505;506;507;508;510;513;514;515;516;519;521;522;528;535;536;537;539;542;543;544;546;549;551;552;556;557;558;559;560;563;564;565;566;567;570;571;572;574;576;582;585;587;589;590;591;592;595;596;597;604;607;608;609;612;613;614;615;618;619;620;621;623;625;628;629;630;633;635;636;637;639;640;642;643;644;645;648;649;650;652;654;657;659;661;663;664;668;669;670;673;674;675;678;680;681;682;687;688;689;693;695;696;702;704;711;715;719;721;723;724;726;727;730;731;732;734;737;738;739;740;741;743;745;747;751;753;754;755;757;759;760;761;762;763;768;769;770;775;777;778;779;782;784;785;787;788;789;790;792;798;800;801;802;805;806;807;808;809;810;811;812;813;814;815;819;821;822;823;824;828;829;830;831;833;834;835;840;841;842;843;844;845;846;847;848;850;851;860;861;862;865;866;867;871;872;873;874;878;879;880;881;882;883;884;885;888;891;892;893;894;895;899;903;906;913;914;917;918;919;923;925;926;927;928;929;930;935;936;937;939;940;942;943;944;946;947;948;950;951;953;954;956;957;958;964;968;970;973;975;976;977;978;980;985;986;991;992;995;997;999
602;3;11;13;14;15;16;19;21;23;24;25;29;30;33;34;36;39;40;42;44;45;46;47;50;51;55;57;58;59;60;61;63;66;67;68;69;75;76;78;82;86;88;89;90;93;94;97;101;104;105;109;110;112;113;115;117;118;122;125;126;127;129;130;133;136;137;140;141;146;148;149;151;153;157;158;159;161;162;163;164;166;167;168;171;174;176;178;179;182;184;187;188;189;190;193;194;196;198;200;203;205;206;207;209;210;211;212;214;217;218;220;221;223;224;227;228;229;230;231;233;234;235;236;237;238;239;240;241;243;251;252;253;254;258;265;268;269;272;274;275;276;277;278;283;285;291;293;294;296;299;300;301;305;309;312;313;317;318;319;322;324;326;327;328;329;334;335;336;337;341;343;345;347;348;350;351;352;353;355;356;358;360;362;366;367;370;371;372;376;378;379;382;383;385;386;387;389;390;396;401;402;403;406;407;410;411;412;413;414;415;417;419;420;424;428;429;433;436;438;439;442;443;444;445;446;448;450;451;454;456;461;462;464;467;468;470;475;476;478;479;480;482;483;484;485;486;487;491;493;494;495;496;498;500;501;503;504;506;509;510;511;515;518;519;520;523;528;532;533;535;537;541;542;543;546;547;549;551;552;553;556;558;559;563;565;566;569;571;572;576;579;580;581;582;583;584;585;586;588;591;592;595;598;599;600;604;606;608;609;612;613;614;625;626;627;628;633;635;637;640;643;644;646;647;648;654;656;659;662;664;665;666;667;668;670;676;677;678;682;683;684;685;686;687;690;691;692;694;695;697;698;699;700;704;706;707;709;710;713;715;721;722;725;727;728;729;731;732;734;736;738;740;741;742;743;744;746;750;753;757;758;760;761;762;764;765;766;768;770;773;775;776;780;781;783;785;788;789;790;791;795;797;798;804;805;809;810;814;818;822;823;824;825;826;830;832;836;843;844;845;847;848;852;854;858;862;863;864;865;866;867;869;871;873;874;876;877;878;879;880;881;882;883;886;888;889;892;894;895;897;899;900;905;906;908;910;911;912;913;915;916;917;919;920;922;923;927;928;931;932;934;935;939;941;946;948;949;951;953;959;960;964;967;969;971;975;976;978;980;981;984;986;987;988;989;990;991;995;999
603;4;6;7;8;9;10;11;13;15;16;17;19;20;21;22;23;27;28;29;30;33;34;35;37;40;41;43;44;46;47;51;54;56;58;63;64;69;70;73;75;76;77;81;83;85;86;88;89;92;93;94;95;98;99;100;104;106;108;111;112;114;115;118;119;120;122;123;124;125;128;131;132;136;141;145;146;147;149;151;153;154;155;161;162;164;165;170;172;174;175;176;178;181;182;184;185;187;189;193;196;198;199;200;203;204;205;210;212;213;214;215;217;219;220;223;226;237;238;240;241;246;250;251;252;254;255;256;258;264;270;272;274;275;276;277;280;282;284;286;289;291;292;293;294;298;301;303;306;309;311;312;313;316;318;320;321;322;323;325;328;330;333;335;338;342;346;347;349;350;351;353;354;358;359;360;361;362;366;367;373;375;377;378;379;384;388;392;395;397;398;399;400;406;407;411;412;417;418;419;420;422;423;426;429;432;434;437;438;440;446;447;448;450;453;454;455;459;460;461;462;464;465;466;468;470;473;477;478;480;481;486;489;491;496;499;501;503;504;507;509;511;512;513;514;515;516;517;518;520;521;523;527;528;529;530;531;533;534;535;537;540;541;543;544;545;547;549;550;552;553;554;555;556;557;558;559;561;563;565;566;573;577;583;584;585;587;589;591;592;594;597;598;600;607;610;611;614;625;626;627;628;629;631;635;636;638;639;641;643;649;650;654;657;659;666;672;673;674;678;680;681;686;687;689;692;697;699;700;702;703;705;706;707;708;709;710;711;712;713;715;716;717;718;721;724;725;728;730;731;732;735;736;739;742;744;745;747;752;753;754;755;756;759;761;762;767;768;772;773;775;777;778;781;782;785;788;790;792;796;797;798;799;802;804;805;808;810;811;812;813;815;822;823;824;825;829;830;831;836;838;840;841;842;843;847;848;850;852;853;854;856;858;860;862;863;868;869;870;875;876;881;882;884;885;894;895;896;897;898;899;901;904;905;906;908;909;910;911;912;914;918;920;922;928;929;930;931;932;933;934;938;940;941;942;943;944;945;946;948;951;952;956;957;959;961;963;964;965;970;971;976;977;979;980;981;983;985;986;991;993;994;995;996;998;1000
604;1;2;4;5;7;9;14;17;21;22;23;25;28;30;31;33;35;40;41;42;43;45;47;48;50;51;52;53;54;56;57;59;60;64;66;67;69;71;73;74;78;80;83;84;85;87;89;90;93;94;97;98;99;100;105;109;112;114;115;119;120;121;123;125;126;129;135;137;139;142;145;146;149;151;153;156;157;160;161;162;165;166;167;169;170;172;173;175;178;179;181;189;190;192;194;196;197;200;205;206;208;209;211;213;216;218;224;225;227;228;229;232;235;240;241;242;243;246;247;250;251;252;254;255;256;258;259;263;264;265;266;269;270;271;275;280;282;285;291;292;294;295;298;299;300;302;303;307;309;311;313;318;319;320;321;322;323;327;328;331;333;334;336;337;339;340;341;346;348;349;350;355;356;358;359;362;363;365;366;368;369;375;376;377;379;381;382;384;387;392;393;394;395;398;399;400;402;403;404;406;408;409;411;414;415;417;418;421;423;426;432;436;437;438;439;440;443;444;445;448;449;450;454;456;457;458;459;461;463;464;469;470;474;477;478;479;481;484;486;487;489;491;494;495;496;497;499;501;502;504;506;508;509;510;512;513;515;516;517;521;522;524;525;529;531;532;534;535;537;538;541;544;546;549;551;553;555;557;559;561;565;568;569;573;577;578;581;582;583;585;586;589;590;591;593;595;598;599;600;601;602;606;607;609;611;614;617;618;620;623;624;625;626;627;629;630;636;638;641;642;644;646;647;650;651;655;661;662;663;665;668;669;674;678;679;681;683;684;685;688;693;695;696;698;699;702;705;707;708;709;716;718;719;721;722;724;725;726;729;732;735;736;737;745;746;749;751;757;758;759;760;761;765;767;769;770;771;772;773;776;777;780;782;783;784;785;787;788;789;796;798;799;801;802;804;805;806;810;811;813;818;820;821;824;826;827;828;836;838;839;840;841;842;843;844;845;846;848;851;853;854;856;857;858;859;863;864;865;866;868;871;873;876;877;878;883;885;886;887;888;889;891;893;896;897;901;902;903;904;905;907;909;910;912;913;914;916;918;919;924;927;931;932;935;936;938;941;942;943;946;947;952;953;956;959;960;963;968;969;971;972;974;976;977;979;980;985;986;988;989;990;994;995;996;999;1000
605;1;3;4;5;6;7;11;16;17;18;19;20;22;23;25;27;28;30;31;32;33;34;35;38;39;40;44;50;51;56;57;58;59;61;62;63;70;78;79;80;81;84;87;88;90;93;95;96;97;100;103;106;107;110;111;112;116;122;124;125;133;135;137;138;140;143;144;155;156;157;158;159;160;163;165;166;168;170;172;175;176;179;180;183;186;187;189;193;194;196;197;198;199;203;205;209;210;211;213;215;217;218;220;224;226;227;229;231;232;234;235;241;243;244;245;247;250;251;263;264;265;269;270;271;275;276;278;280;285;288;289;290;291;294;295;297;298;299;301;302;304;305;306;309;310;314;316;318;322;324;326;329;330;331;332;333;335;336;337;338;340;344;347;349;350;351;352;353;354;358;359;360;361;362;364;366;371;375;382;383;385;386;387;392;398;401;402;404;409;410;413;414;417;418;420;421;423;424;426;427;428;429;431;432;437;438;439;441;444;445;447;448;449;450;453;454;457;460;462;463;464;466;471;474;476;479;480;486;488;490;495;498;499;502;503;506;508;511;512;514;516;518;521;522;524;529;530;532;533;535;537;538;540;541;542;543;544;545;546;547;551;552;553;555;557;558;559;560;561;562;565;566;567;568;571;573;575;577;579;583;584;586;587;589;590;591;593;594;595;597;599;606;607;608;609;610;611;613;615;619;624;626;627;628;629;631;632;633;635;636;638;643;644;646;652;653;656;657;659;662;663;665;669;670;671;676;678;679;680;681;683;684;686;689;692;693;694;695;696;699;703;705;708;709;711;715;716;720;722;723;724;726;735;736;739;741;743;745;746;748;751;756;757;758;764;766;767;770;771;772;776;778;780;781;785;786;787;796;797;798;799;801;802;803;805;808;812;813;815;817;818;819;821;822;826;827;832;835;837;841;842;843;844;846;847;848;852;853;857;858;860;861;863;865;868;871;873;874;877;879;880;881;883;884;885;891;892;893;894;895;899;901;902;904;905;906;907;911;915;916;918;919;920;921;922;923;924;925;930;931;939;940;941;943;944;945;947;948;949;950;951;952;953;954;955;956;958;960;963;964;965;968;969;973;977;978;981;984;988;990;991;992;993;996;997;998;999;1000
606;2;6;7;8;10;11;13;15;20;21;24;26;27;29;30;31;32;33;34;35;36;37;39;40;41;42;44;46;48;49;50;51;52;55;59;60;61;63;66;67;70;72;73;74;75;78;83;84;85;88;91;96;97;99;100;103;104;106;107;108;111;112;115;116;117;118;119;121;122;123;124;126;127;129;130;135;137;138;140;143;144;146;147;149;150;151;152;153;154;155;158;165;167;168;170;176;178;180;183;184;186;187;189;190;191;195;196;202;203;206;209;211;216;218;221;222;223;225;227;230;232;234;235;237;238;241;246;247;248;249;251;253;254;256;257;259;260;261;262;263;264;267;268;271;275;277;280;284;288;289;294;295;299;302;304;307;308;313;316;317;320;321;324;325;326;328;329;331;332;334;335;338;339;341;343;344;345;347;349;350;358;361;363;364;366;367;368;369;370;372;373;376;377;380;382;383;385;386;388;389;390;391;392;397;398;400;401;404;406;408;409;411;415;416;418;421;422;424;432;435;436;437;441;442;443;446;447;448;452;455;460;465;466;468;471;472;474;475;477;480;482;485;487;488;490;491;495;497;500;502;503;507;512;516;518;520;523;524;525;526;529;530;532;533;534;535;536;537;538;539;541;543;544;545;546;547;550;552;554;555;558;560;561;562;564;567;569;572;575;578;579;580;588;589;590;591;592;593;594;596;597;598;600;602;604;605;607;608;611;612;613;614;615;616;617;618;619;621;622;623;628;629;630;631;637;639;640;643;644;645;647;649;650;651;652;656;657;658;662;664;667;668;672;673;674;678;682;684;686;688;689;692;694;695;698;700;702;706;707;712;714;715;718;721;722;725;731;736;737;739;740;742;743;751;753;754;755;759;761;762;764;766;767;770;773;774;776;778;780;781;782;783;788;789;790;792;793;796;797;798;799;801;802;803;804;805;807;810;813;817;818;819;823;824;825;827;828;829;830;835;842;843;844;847;850;851;852;859;861;863;866;867;868;874;875;876;879;880;883;884;886;887;890;893;894;900;904;905;906;907;909;910;912;913;914;915;916;917;918;919;920;921;922;925;927;930;932;934;937;938;940;944;946;947;956;958;960;961;962;965;971;972;973;975;978;981;982;983;984;985;989;991;992;998;999
607;4;6;10;12;13;14;15;19;26;27;28;30;31;38;43;44;45;46;49;50;52;56;57;66;70;72;74;75;76;78;81;82;85;86;87;88;89;90;91;92;95;98;99;101;102;104;105;106;108;111;113;114;115;117;119;121;122;124;127;129;134;136;142;145;146;150;151;154;157;158;159;168;169;173;175;178;180;181;184;188;189;191;193;196;198;200;202;203;208;210;211;213;220;224;225;228;229;232;233;234;236;238;241;242;243;250;251;252;253;255;256;257;259;260;261;263;270;273;274;279;284;287;289;291;292;294;295;297;299;300;301;303;307;310;312;313;314;315;316;317;318;319;320;321;322;323;324;325;328;329;330;331;332;333;334;335;336;337;340;342;343;345;346;349;354;358;359;361;363;366;370;371;374;376;377;379;380;382;385;386;387;389;390;392;393;400;401;402;403;406;408;409;411;412;416;418;420;421;422;423;424;426;429;430;435;441;443;445;450;452;454;461;462;463;466;468;469;471;475;476;479;480;481;483;484;485;490;492;497;501;502;503;505;506;507;518;522;525;526;527;528;529;530;532;534;535;537;538;539;540;542;543;545;550;556;557;558;559;563;565;566;567;570;572;573;574;576;577;580;581;584;587;593;595;599;600;601;603;604;605;606;608;609;610;611;613;616;617;618;622;626;628;631;633;639;640;641;644;647;649;650;651;654;656;657;658;659;660;661;663;664;666;668;671;672;673;674;675;676;677;678;681;682;683;686;688;690;691;692;694;695;697;698;701;702;703;704;706;711;712;713;714;716;717;718;720;722;723;724;726;727;728;730;731;732;741;745;747;750;751;753;754;756;757;758;759;761;762;763;765;766;767;768;769;770;771;772;774;776;777;782;785;788;789;794;796;797;799;800;801;802;803;805;806;807;809;810;812;814;816;818;819;820;822;823;826;827;828;829;831;832;833;836;838;840;842;843;847;850;851;852;853;854;855;858;859;860;863;867;869;870;874;875;876;878;879;881;882;883;886;887;888;889;890;893;894;895;898;899;902;903;904;905;907;911;912;914;917;919;922;925;926;931;932;933;936;942;945;948;949;950;951;952;953;958;960;961;962;963;964;966;968;969;970;971;974;975;977;978;979;980;981;984;987;989;990;993;995;996;997;999
608;1;3;8;10;11;13;15;16;17;18;20;21;22;23;24;25;28;29;30;31;35;36;37;38;41;42;44;45;49;51;52;53;57;58;59;60;61;68;72;73;76;78;80;85;88;89;93;96;97;98;99;100;102;108;109;110;113;115;117;118;119;121;122;124;126;127;129;130;131;133;136;137;138;139;140;141;143;145;147;148;149;152;153;154;155;157;158;159;161;163;164;166;168;171;172;173;174;175;177;179;180;181;182;184;185;188;194;195;198;199;200;201;202;206;207;209;210;211;213;217;222;225;227;228;229;232;233;236;238;246;247;250;251;253;254;256;258;259;263;265;266;268;269;271;272;275;276;278;279;280;283;286;292;294;302;305;306;307;311;314;316;317;320;321;323;324;325;326;327;328;329;334;338;339;340;342;350;353;355;356;357;358;359;360;362;364;365;366;367;372;373;377;379;382;384;385;386;387;388;390;392;394;399;400;401;402;408;410;411;414;415;419;422;423;425;426;427;428;429;432;433;435;438;439;442;444;445;446;454;456;457;461;462;463;465;466;467;471;474;476;477;478;480;483;487;489;491;492;495;496;497;498;499;501;502;503;507;508;510;513;514;520;521;523;524;525;529;532;534;540;542;543;544;545;547;550;552;556;559;560;563;564;567;572;574;575;576;579;580;586;587;589;593;596;597;600;601;602;605;606;607;609;610;611;612;613;615;617;618;619;623;626;627;629;632;633;636;637;640;643;645;646;648;649;650;652;655;656;658;660;662;664;665;666;673;676;679;682;683;684;686;692;694;695;699;701;702;706;709;711;712;713;716;718;719;721;723;724;725;727;730;733;736;738;739;740;745;747;748;750;755;756;757;759;760;761;763;766;767;768;769;770;774;776;778;779;780;784;785;786;791;793;795;796;800;801;802;804;807;808;809;810;811;815;816;818;820;822;824;825;826;827;829;832;835;837;839;842;843;845;847;848;850;851;852;857;860;863;864;865;866;870;871;873;875;876;878;879;880;881;882;883;884;885;886;887;888;889;891;895;896;898;899;900;905;907;908;909;913;914;916;918;921;922;923;924;925;928;929;930;931;932;933;934;935;938;939;940;941;942;946;948;949;952;954;957;960;964;965;966;968;970;974;975;978;979;982;985;990;992;994;996;998
609;1;2;3;4;6;11;13;15;17;18;19;20;21;22;24;25;26;27;28;30;31;32;34;35;38;39;42;43;45;46;47;50;51;55;56;58;59;64;66;70;74;77;78;81;84;85;86;89;93;94;96;97;100;103;106;108;114;115;116;117;120;125;128;131;132;133;134;139;140;144;145;146;147;152;154;156;157;158;167;168;169;171;172;174;176;177;179;180;181;183;185;186;189;190;192;194;198;199;201;202;205;206;207;209;210;212;213;216;218;219;222;224;225;233;234;235;236;237;238;242;244;249;253;254;258;264;266;268;271;274;275;277;278;279;282;284;286;288;290;292;293;294;298;301;302;304;305;307;308;309;310;312;313;315;316;317;318;319;320;321;323;331;334;335;337;339;340;341;342;345;346;347;350;351;353;358;362;366;368;369;371;374;377;378;381;382;383;385;387;388;389;392;393;395;396;397;400;402;403;404;405;406;407;408;409;412;413;417;423;424;426;427;429;431;440;442;444;448;449;451;454;455;457;459;460;463;464;468;469;470;471;472;477;480;481;482;484;485;487;489;490;492;497;500;501;502;503;505;506;507;509;510;513;514;516;519;521;522;523;525;527;528;530;532;533;536;542;548;549;551;553;554;556;557;558;561;563;564;569;571;576;577;578;581;584;595;597;599;601;602;604;605;607;608;610;615;617;619;621;622;624;626;629;630;634;635;636;637;638;642;643;644;646;648;650;651;652;659;665;667;669;670;673;676;678;679;681;682;687;688;694;695;696;697;699;700;701;702;707;708;712;715;716;720;722;723;724;728;729;730;731;732;735;736;740;741;742;743;744;746;747;748;749;750;751;755;761;762;764;765;770;772;773;774;775;776;777;779;780;781;784;785;788;790;791;792;793;798;799;800;801;802;803;805;806;807;810;814;815;818;822;824;828;830;832;833;834;835;836;840;841;842;844;846;849;852;853;859;861;867;868;869;872;883;884;886;887;893;894;895;897;899;900;902;904;908;909;913;914;918;922;924;928;935;940;943;944;945;946;948;950;951;952;953;954;955;958;964;968;971;975;976;978;979;982;988;989;991;992;993;994;996;997;999;1000
610;1;3;6;9;10;12;15;16;19;22;24;26;28;29;30;37;38;39;40;42;44;45;52;54;55;59;61;62;64;65;68;69;71;76;77;78;79;83;84;85;86;89;90;92;96;97;98;101;102;103;106;108;109;110;111;113;115;117;118;119;120;123;127;130;132;135;137;138;139;140;141;142;143;144;145;148;154;157;158;159;162;163;166;167;172;173;175;176;177;184;185;189;192;193;196;197;198;204;207;210;214;217;218;219;222;223;227;230;232;234;236;238;239;240;248;251;253;254;255;257;259;260;261;262;265;266;267;268;271;272;276;277;281;286;288;289;294;295;296;297;298;300;301;304;305;307;308;313;314;315;316;317;318;321;323;324;325;327;328;329;330;332;333;335;340;341;343;344;345;348;349;351;352;356;357;359;360;361;362;363;364;368;370;371;373;378;379;381;384;385;387;388;392;393;394;395;396;398;399;401;404;408;409;412;419;422;424;433;436;438;440;441;442;447;448;451;453;455;456;458;459;462;464;466;469;470;476;479;480;481;482;483;485;488;489;491;492;493;494;495;497;498;505;506;516;517;519;522;523;525;526;527;529;534;535;536;537;542;543;544;545;546;548;549;551;552;553;554;555;561;562;563;567;568;569;570;574;577;578;580;581;582;583;584;585;586;588;593;595;597;598;600;603;605;607;608;609;613;614;615;617;619;620;622;623;625;627;628;631;634;635;636;638;639;640;641;642;643;644;645;646;647;651;653;654;655;656;657;659;662;664;665;666;671;673;674;675;679;680;682;683;684;686;687;688;690;694;695;696;697;698;699;702;703;705;708;709;711;712;713;719;723;725;727;729;731;733;735;736;737;739;740;742;743;745;747;748;749;753;761;762;765;766;767;769;770;772;774;776;779;781;784;788;790;791;792;794;797;798;799;800;802;804;805;810;814;815;816;817;819;820;822;823;825;829;830;831;834;835;836;838;842;843;844;847;849;850;852;854;858;863;866;873;874;876;877;879;880;881;886;887;892;897;899;900;901;904;907;908;909;910;911;913;915;916;918;919;920;924;929;930;931;932;934;936;939;947;950;951;952;953;957;960;964;968;969;970;971;972;973;974;975;976;980;982;983;984;985;988;991;995;997
611;1;7;10;11;15;17;19;23;25;28;29;30;33;34;37;38;39;40;46;48;49;53;55;56;58;59;62;64;65;67;70;72;73;74;75;76;80;83;84;85;88;90;93;95;97;99;101;102;103;104;105;108;111;112;115;119;121;125;127;128;129;130;131;134;138;139;140;141;143;144;145;146;147;148;149;152;155;160;161;162;163;165;166;169;170;172;175;176;177;182;183;184;185;189;192;194;195;196;201;202;203;204;205;206;210;211;213;215;216;217;220;222;224;226;227;228;229;231;232;233;235;242;245;246;247;248;252;254;256;258;259;262;269;270;273;275;276;278;279;281;283;284;289;292;294;296;303;305;307;310;311;313;316;317;320;321;322;324;327;328;329;330;331;332;334;336;337;338;339;341;342;344;345;346;347;350;352;354;355;364;365;367;369;370;371;375;377;378;381;382;383;385;387;389;393;395;396;397;399;400;401;402;403;405;406;407;408;409;410;411;415;418;420;421;423;424;425;426;428;436;438;439;440;442;446;448;449;451;452;453;457;458;463;465;468;469;470;471;478;479;481;482;486;488;489;492;494;496;501;503;506;507;510;511;517;518;519;520;521;522;526;527;529;531;536;539;540;541;544;548;549;550;551;552;553;555;556;557;558;559;560;562;565;566;567;569;570;572;573;577;578;580;583;584;585;587;592;593;594;596;597;598;599;603;604;605;606;607;608;613;616;618;620;621;624;626;627;629;630;632;634;635;638;639;640;641;645;647;648;652;653;655;657;659;660;665;666;668;671;672;678;681;685;690;694;695;697;699;700;701;703;705;706;709;713;715;717;719;722;723;724;725;726;729;731;732;733;735;738;739;740;748;749;751;757;762;766;767;771;772;775;776;777;781;783;785;788;790;791;793;795;797;800;801;802;805;807;809;810;812;816;817;822;825;826;827;828;829;830;834;835;837;843;846;847;848;850;851;853;855;857;858;859;862;863;864;866;868;869;870;872;873;874;876;877;880;881;882;883;886;888;889;890;892;893;894;895;896;900;901;906;907;909;912;914;915;916;917;918;920;924;926;928;930;932;933;934;935;937;939;940;944;947;950;953;956;958;959;961;963;965;966;967;968;969;971;974;975;977;978;986;987;991;993;995;997;999;1000
612;1;2;7;8;10;14;17;18;19;21;22;23;25;28;29;30;33;37;41;42;43;44;46;47;52;54;59;63;64;66;67;69;71;72;74;77;80;81;82;84;85;87;89;90;93;97;98;99;101;104;105;108;109;110;111;112;115;116;118;122;124;125;127;129;130;131;132;135;136;138;139;141;144;145;149;150;152;153;154;155;156;157;158;159;160;161;162;168;169;170;174;176;177;180;181;184;187;188;189;194;195;196;197;204;205;209;211;212;215;227;228;229;231;235;236;237;238;239;240;243;244;249;250;253;257;258;260;261;262;264;266;273;275;276;277;278;280;282;285;286;289;290;294;296;297;299;300;301;303;304;307;308;311;312;313;315;316;319;323;324;326;327;330;331;332;335;344;345;347;350;351;352;357;358;359;360;361;363;364;365;367;368;369;371;373;378;379;385;386;388;390;392;394;395;397;400;402;403;404;405;407;408;409;411;413;415;416;418;419;420;421;424;425;426;428;429;430;432;433;434;435;438;439;441;442;443;446;447;448;449;453;454;457;461;462;463;464;467;468;470;472;475;479;481;485;486;487;488;490;492;495;496;497;498;499;503;504;505;510;512;514;515;517;518;520;521;522;523;524;526;527;528;529;530;531;535;536;537;538;539;541;542;544;545;546;547;551;552;553;558;560;567;568;571;572;573;577;578;580;581;582;585;587;588;590;592;593;594;596;597;598;601;602;606;608;613;614;615;616;617;618;620;622;623;624;625;634;635;637;638;639;640;642;643;647;649;651;652;653;654;656;657;658;659;660;662;664;665;666;669;670;671;672;674;675;676;677;678;679;681;683;684;685;687;689;691;692;693;699;702;703;706;708;710;712;713;716;718;719;720;721;722;724;725;726;731;732;733;734;738;740;741;743;744;745;746;747;749;753;755;756;757;758;765;766;767;769;770;772;773;774;775;776;781;782;783;784;787;789;790;791;793;794;795;799;800;801;802;803;804;805;808;809;810;812;814;817;820;824;825;826;827;828;833;834;835;837;838;844;845;848;850;852;853;856;857;858;864;870;874;875;877;879;882;888;889;891;892;895;897;898;899;902;905;906;908;909;911;913;915;922;924;928;929;931;933;934;935;938;939;940;941;944;948;949;950;951;955;958;959;960;962;965;970;972;975;983;984;985;988;990;992;994;995;996;998
613;1;3;4;7;10;15;16;17;18;20;25;26;27;28;31;36;39;40;42;43;44;45;47;52;53;54;55;56;57;59;60;61;63;64;65;66;67;74;76;77;81;82;83;84;86;87;88;91;92;93;94;98;100;102;108;109;110;115;124;125;126;127;128;131;132;134;136;140;141;144;147;148;151;152;154;155;156;157;158;160;163;165;166;170;171;172;173;174;175;177;178;181;186;190;195;196;198;199;200;202;203;204;205;206;211;212;214;215;216;218;219;221;222;226;229;230;231;232;234;237;242;245;247;250;255;257;258;259;261;263;265;266;267;268;271;272;275;276;278;279;281;282;283;285;286;287;288;289;293;294;295;297;301;302;304;305;312;313;315;316;317;321;324;325;326;327;328;331;335;337;341;342;343;345;347;348;349;350;351;357;358;361;363;364;365;366;367;371;372;374;376;377;378;380;383;384;386;387;389;390;391;392;393;394;397;399;400;401;402;403;405;407;408;409;411;415;416;418;427;429;431;433;434;435;437;441;444;446;448;449;451;452;454;455;456;457;458;459;460;461;462;465;466;468;469;470;473;475;478;479;480;482;483;484;485;488;490;491;492;493;494;500;503;504;506;507;508;510;514;516;520;521;522;523;524;527;528;530;531;532;533;535;536;537;538;539;542;544;547;548;554;555;557;560;561;565;566;569;572;573;576;578;580;584;587;588;589;590;592;595;596;597;598;599;601;602;605;606;607;608;610;611;612;614;615;616;618;619;620;622;624;625;626;627;629;630;633;634;637;641;644;645;648;650;651;653;657;658;661;662;663;665;666;667;668;670;671;676;677;679;680;682;683;684;685;687;692;694;695;697;698;704;707;710;711;712;713;718;720;721;729;730;731;732;738;742;744;746;747;748;751;753;757;760;763;764;767;770;773;777;783;784;787;790;795;798;800;801;806;807;808;809;810;813;814;815;816;818;820;825;827;829;835;836;837;838;840;841;842;844;845;848;849;855;856;857;863;868;869;870;872;873;877;879;880;884;886;887;888;890;892;893;901;902;903;905;908;909;911;912;913;914;916;917;918;919;924;927;928;930;933;935;937;938;943;944;945;946;948;949;950;952;953;957;959;960;961;962;963;966;970;972;975;979;980;982;983;984;985;987;989;992;998;999;1000
614;2;3;10;14;16;20;21;23;24;25;26;29;31;32;36;37;38;40;41;43;44;45;46;47;48;49;51;52;58;60;61;62;63;64;66;68;69;75;76;78;81;82;83;85;86;87;88;90;92;93;94;97;98;100;102;105;108;110;111;113;114;117;119;120;121;124;125;130;133;136;139;141;146;148;153;158;161;164;166;167;169;171;172;176;177;182;184;187;192;194;197;199;201;202;203;207;210;211;214;216;217;218;220;222;224;227;228;231;236;237;238;241;243;244;245;246;248;250;252;254;258;259;262;263;268;275;276;277;279;280;281;286;289;291;292;297;298;301;302;303;304;305;306;307;308;311;312;313;314;317;318;320;329;330;331;340;342;346;348;349;352;353;355;356;357;359;362;363;367;368;371;372;373;375;378;382;383;386;387;391;392;396;402;404;408;412;413;414;415;417;419;420;422;423;426;429;432;435;437;438;441;445;447;448;452;453;454;455;456;460;461;462;463;464;467;468;470;471;472;473;474;476;477;478;479;480;482;484;486;487;490;491;492;494;498;501;503;504;506;509;512;514;515;516;520;521;523;524;525;527;529;534;535;537;540;542;544;545;547;548;549;551;552;554;555;556;557;558;559;563;564;572;575;577;578;583;585;590;591;592;594;595;597;601;602;603;604;606;610;612;613;619;620;621;622;623;624;627;629;630;633;634;640;641;642;643;644;646;647;648;649;650;651;652;655;657;658;659;660;661;662;665;666;670;673;675;677;680;684;685;691;692;693;696;697;700;701;704;708;710;712;713;716;717;718;721;722;723;727;730;731;735;737;738;739;742;743;745;747;749;750;752;753;754;756;758;759;761;764;767;769;772;773;775;776;778;779;782;783;784;786;790;793;794;795;796;798;801;803;804;805;808;810;813;814;816;817;820;825;827;829;830;831;834;835;836;837;839;843;844;846;847;850;851;852;853;854;856;857;862;863;864;865;866;868;869;870;871;873;874;876;877;879;880;882;883;888;890;892;893;895;896;898;899;900;903;904;905;906;907;910;911;912;913;914;916;921;925;927;935;936;941;942;950;952;953;954;956;957;959;960;961;964;966;967;970;972;974;975;977;978;980;982;985;986;988;992;993;994;995;997;998;999;1000
615;1;2;4;6;11;14;15;17;20;26;27;29;30;31;32;34;38;39;41;42;43;45;47;49;52;53;54;56;57;58;60;61;63;64;65;69;70;71;73;74;75;76;78;82;83;87;88;92;93;94;95;96;98;99;100;102;103;108;109;113;114;119;121;124;126;127;128;132;134;135;136;138;142;144;146;147;149;150;151;152;156;159;160;164;167;168;172;173;174;176;177;180;182;183;184;187;188;190;194;196;198;200;201;202;207;208;209;211;212;213;217;221;222;226;227;228;230;231;232;234;236;237;243;244;248;249;255;256;257;261;263;265;267;269;270;272;273;275;278;279;280;281;282;287;288;289;292;293;295;299;300;301;302;303;305;306;308;309;311;312;314;316;318;321;323;325;332;333;336;340;345;348;350;351;352;353;354;359;360;361;362;366;367;369;370;371;374;377;379;384;386;387;389;390;391;392;393;396;399;400;410;411;412;415;416;418;421;425;426;427;430;432;433;434;435;438;439;440;441;444;446;448;449;451;452;455;456;458;461;464;465;466;468;470;472;473;474;476;478;480;483;484;486;490;492;494;498;503;505;509;510;511;512;513;515;516;517;523;526;529;530;531;532;533;534;535;538;539;540;545;551;552;553;555;559;560;562;563;565;566;567;571;572;575;578;581;584;585;586;590;591;592;593;594;598;601;605;606;608;609;610;612;613;618;619;620;623;627;628;629;630;631;637;638;639;641;642;645;646;647;649;651;652;655;660;663;665;667;668;670;671;673;675;680;683;684;687;692;693;694;696;697;703;704;705;706;711;713;714;717;719;720;721;723;724;726;729;731;733;740;741;742;743;745;747;748;751;752;753;754;755;757;758;761;763;764;766;767;769;773;776;778;780;783;786;795;796;797;799;801;802;804;809;810;813;814;819;820;823;825;826;827;828;829;835;836;837;839;842;843;844;845;846;847;848;849;851;853;854;855;856;858;859;860;861;866;867;869;871;874;875;878;879;882;883;884;886;887;888;891;892;899;905;906;907;912;913;917;919;922;923;924;930;932;938;939;940;943;945;948;950;955;956;957;958;959;962;964;965;969;971;972;978;981;982;983;985;986;988;989;990;991;992;993;994;995;996;999
616;1;2;5;12;14;15;17;19;21;22;24;25;28;30;33;35;36;37;38;39;41;44;45;46;47;48;52;53;54;55;60;62;63;68;70;72;73;76;80;83;84;85;86;89;91;94;95;96;101;102;104;105;107;108;109;110;112;114;115;116;118;119;123;126;127;128;129;131;132;133;134;136;139;142;143;144;145;147;148;149;153;159;160;161;162;165;172;174;176;177;178;179;180;183;186;191;192;193;194;196;198;200;201;203;205;209;210;212;213;215;218;219;223;224;225;226;227;229;231;232;234;239;240;242;243;245;246;247;248;250;254;255;256;258;260;261;262;263;269;272;276;278;284;288;290;293;296;301;302;304;305;306;311;312;317;318;320;321;324;327;328;332;335;340;341;342;344;348;349;353;354;358;359;361;364;365;366;368;370;371;372;373;374;376;377;380;382;384;388;389;390;391;395;397;398;399;400;401;404;405;409;410;411;412;415;418;421;422;423;424;425;426;427;430;431;434;435;436;437;439;440;441;443;444;445;446;447;448;449;451;452;459;461;462;463;467;470;471;472;473;474;477;478;480;481;482;487;488;489;494;499;501;502;503;504;505;511;515;516;519;520;531;533;534;537;539;541;542;544;545;549;553;558;561;562;563;564;565;566;570;571;572;573;574;575;579;581;582;583;584;585;589;592;597;599;606;607;611;612;613;617;622;626;627;628;630;631;634;635;641;642;643;646;647;648;650;652;655;656;657;658;661;662;663;664;665;666;669;671;673;674;675;677;678;683;686;687;689;690;695;696;697;698;702;703;707;708;710;711;716;717;724;725;729;732;733;738;740;743;744;745;747;750;751;755;756;758;759;761;762;763;764;766;770;771;774;775;779;780;782;783;785;788;789;790;792;796;797;798;799;801;802;803;804;807;808;811;814;815;816;819;821;822;824;825;826;828;830;831;833;834;835;836;837;838;840;841;842;843;844;848;849;855;858;859;860;861;862;863;865;867;869;870;874;875;877;881;883;885;886;887;888;889;891;894;899;901;902;910;914;915;920;923;927;929;930;931;932;934;935;942;943;946;948;953;954;955;956;960;966;967;969;970;971;973;976;978;982;984;985;987;988;990;993;994;995;998
617;6;11;12;13;18;19;20;21;22;24;26;28;29;32;34;38;39;42;43;44;45;50;51;52;53;54;55;56;59;62;68;73;75;77;78;81;82;83;87;88;90;92;93;94;96;97;98;99;100;102;105;107;108;109;110;115;116;117;118;120;121;122;124;125;126;128;129;130;131;132;133;134;135;138;141;142;143;148;149;154;158;159;162;169;172;173;176;179;183;187;190;194;198;199;200;201;204;206;207;208;210;211;212;219;221;222;223;224;225;226;230;231;233;235;236;240;241;243;244;246;247;249;251;252;253;256;257;260;262;263;265;266;267;268;269;271;273;277;279;280;281;284;293;294;295;296;297;301;303;306;310;312;314;316;318;319;321;324;325;331;332;334;335;336;338;339;340;341;342;343;344;346;347;349;350;352;353;354;355;356;360;361;362;363;365;366;367;368;369;370;371;375;377;379;380;383;384;388;389;391;394;395;396;397;398;399;400;401;407;410;411;413;415;416;417;423;427;430;432;433;434;435;437;438;439;442;443;445;446;448;450;451;452;453;455;457;459;460;461;462;465;466;467;468;469;472;473;474;476;478;479;480;481;487;488;490;491;493;496;499;502;504;506;508;514;515;516;521;523;528;530;532;533;535;539;544;546;548;552;553;554;555;556;557;560;562;566;567;568;569;572;574;577;578;579;580;581;584;587;588;589;590;592;594;596;597;598;599;604;606;607;608;609;610;612;616;618;619;623;624;626;627;629;631;632;635;638;640;642;644;645;647;653;656;657;658;664;666;667;668;671;672;674;675;676;677;678;684;687;688;690;691;693;695;701;702;707;709;711;712;714;715;718;723;724;725;726;727;728;731;732;733;738;740;741;742;750;752;753;754;757;760;761;762;765;766;769;770;771;773;774;777;779;780;781;782;786;788;790;791;795;799;800;802;803;805;807;810;811;812;813;814;815;816;818;819;820;821;822;825;826;829;830;832;834;836;841;843;845;846;847;850;851;852;853;854;856;861;863;864;865;867;872;874;877;878;879;883;884;886;887;888;890;891;892;894;895;898;899;901;902;906;908;909;910;912;913;915;916;919;922;923;924;926;927;928;931;934;936;939;940;941;942;943;945;946;948;949;952;953;958;959;961;962;967;969;970;972;973;975;979;980;983;984;987;989;991;995;996
618;3;6;7;8;10;11;12;13;15;18;19;20;21;23;24;25;27;29;30;31;33;35;37;38;39;40;42;46;47;49;50;55;57;59;60;61;63;67;68;70;71;72;75;78;80;83;84;85;86;90;91;92;93;94;97;98;100;102;103;107;109;110;113;114;117;118;121;122;129;131;132;133;137;138;139;140;142;143;144;145;146;147;148;149;150;151;152;153;158;159;160;163;164;166;167;171;173;176;177;178;179;181;182;187;188;189;190;191;193;201;205;207;208;209;210;212;214;215;220;221;222;223;224;230;232;235;236;237;239;241;242;243;244;247;253;256;258;259;260;261;263;266;268;269;271;272;273;274;275;278;281;282;284;286;288;289;290;291;295;299;301;303;305;306;307;308;310;312;316;317;319;320;323;324;325;326;327;328;330;331;333;334;335;336;337;338;340;342;344;348;351;353;354;355;356;357;363;367;369;370;372;373;374;375;376;379;381;383;384;387;388;390;393;394;396;401;402;406;407;408;409;410;412;416;417;421;425;427;428;429;432;436;437;438;439;440;443;444;445;448;449;450;453;457;459;460;461;463;466;472;473;476;478;481;492;493;494;495;496;497;500;501;502;504;505;507;508;511;512;514;518;519;521;522;526;527;528;529;533;536;537;539;544;546;548;549;553;554;555;556;558;559;560;561;564;565;570;574;575;576;577;578;579;581;582;584;587;588;593;598;599;601;604;606;607;608;611;612;613;615;617;619;622;623;624;625;626;628;632;633;634;638;641;644;647;648;649;652;654;655;656;658;660;663;666;667;668;673;676;682;684;687;688;689;690;692;696;702;703;704;705;706;707;708;709;710;711;714;715;717;720;722;724;726;728;731;732;733;734;735;737;738;739;740;745;748;750;751;753;754;756;757;758;759;760;764;765;766;768;770;774;775;777;779;780;781;786;787;790;791;792;795;797;800;801;802;804;807;809;810;812;813;814;816;817;825;830;836;837;838;839;841;842;844;846;848;849;850;851;853;855;857;859;861;862;864;865;869;871;872;873;881;882;883;889;890;894;895;896;897;898;899;900;901;908;910;913;914;917;920;921;922;923;925;926;927;928;931;934;935;938;939;942;943;946;952;953;954;955;962;963;965;966;969;972;975;979;982;983;985;990;992;993;997;1000
619;1;2;4;7;10;11;13;16;17;18;21;22;23;25;26;31;33;36;37;40;45;50;53;54;56;59;60;62;63;65;66;67;70;74;76;77;79;82;83;86;87;89;90;91;93;95;97;98;101;102;105;109;110;115;116;119;121;122;124;127;130;131;133;134;136;139;140;141;142;145;146;149;150;154;156;157;159;160;161;163;164;170;171;172;174;178;180;182;185;186;188;189;191;196;197;200;203;204;206;208;210;214;217;219;220;223;225;226;227;228;229;233;234;237;238;240;241;242;245;247;248;249;252;254;256;260;261;269;271;272;273;274;276;277;278;283;285;287;289;291;292;294;295;298;300;305;307;309;310;313;315;316;317;321;322;325;326;327;330;331;332;333;334;335;337;338;339;342;343;344;345;346;349;350;351;352;354;356;357;360;364;366;368;369;372;374;376;378;383;384;385;386;391;393;396;398;399;400;401;405;406;409;410;411;412;414;415;416;417;418;419;421;422;427;428;429;430;431;434;435;436;438;439;442;444;445;446;447;449;450;453;454;455;458;459;460;461;464;466;469;470;472;473;474;476;477;478;479;480;482;485;486;488;490;492;493;494;496;497;498;499;501;503;504;505;506;509;511;512;516;517;518;521;522;523;528;529;530;532;534;535;537;542;544;546;548;549;550;552;553;555;557;558;567;572;574;578;583;586;587;588;589;591;592;594;596;597;598;600;601;605;606;608;609;610;613;614;615;617;618;621;622;623;625;628;629;632;633;635;636;637;643;646;648;650;651;652;653;655;656;658;659;660;661;662;663;664;666;667;669;670;672;673;674;675;677;679;680;682;684;686;687;689;694;695;700;701;702;704;705;706;707;708;710;712;714;715;716;718;720;721;723;726;728;729;731;732;733;735;737;741;742;744;746;747;748;750;752;753;755;758;759;763;767;768;769;770;771;772;773;775;779;782;785;787;788;789;790;792;795;796;797;798;800;802;804;806;807;809;810;816;820;821;826;827;830;832;834;837;838;839;840;841;842;843;844;847;849;854;855;859;862;865;866;867;868;870;872;874;876;877;878;881;882;883;884;885;887;888;890;893;894;895;897;898;899;901;905;907;908;911;912;914;916;917;918;920;923;924;925;928;929;930;931;933;936;939;940;941;943;950;951;952;956;957;960;961;962;964;965;966;968;969;972;973;974;975;977;978;979;981;982;983;985;986;987;990;992;997;1000
620;3;4;5;6;7;8;12;13;15;19;24;25;27;28;29;32;35;36;38;41;44;45;46;47;48;49;50;52;53;54;55;56;57;59;61;62;65;68;69;73;75;78;79;80;83;84;85;87;88;89;90;92;93;97;98;99;103;105;107;110;112;118;119;122;123;124;126;127;128;129;133;134;135;136;137;138;141;142;143;144;146;147;148;153;155;159;161;163;165;166;168;173;176;178;179;180;181;182;185;191;193;195;196;198;199;200;202;205;206;207;211;213;216;220;221;222;226;227;228;229;231;232;234;237;242;243;245;248;250;251;253;255;257;258;260;261;265;268;274;276;278;279;281;282;283;284;285;286;287;293;294;297;298;301;303;304;306;307;308;309;310;314;315;317;318;319;321;322;323;325;327;328;330;331;332;334;335;336;337;338;340;343;344;345;347;349;350;353;356;357;360;362;363;364;366;367;372;374;375;376;378;379;380;381;384;385;389;390;391;392;396;397;401;402;403;404;406;407;412;415;416;418;419;422;423;424;431;432;433;441;445;446;450;451;456;457;459;462;467;470;473;475;477;483;484;485;486;487;490;491;492;494;495;496;497;498;500;501;502;504;505;506;507;509;510;511;513;514;518;521;528;529;533;539;544;547;550;553;554;556;560;561;563;566;567;571;572;573;574;576;577;578;579;582;583;585;587;589;593;594;595;596;599;600;601;604;610;611;612;613;614;615;624;628;630;633;635;637;641;642;643;645;647;648;651;653;655;658;659;660;662;663;664;666;668;669;675;676;677;679;681;687;689;694;696;697;698;699;701;702;709;710;712;714;715;716;717;718;720;723;724;726;727;730;732;734;735;736;737;738;741;742;744;746;747;750;751;758;759;760;762;764;765;768;769;770;772;773;774;778;779;780;786;787;788;789;790;792;799;800;801;803;804;809;812;813;814;815;816;817;822;825;829;831;832;833;834;836;837;838;840;841;846;849;850;851;852;853;856;857;858;861;868;869;870;872;876;878;879;883;888;889;892;893;897;899;900;901;902;903;904;905;910;914;915;922;923;924;927;928;929;934;938;942;943;945;947;950;951;952;953;954;955;956;959;960;961;962;963;966;977;978;979;980;981;982;985;986;987;988;990;992;993;995
621;3;5;7;9;10;12;13;14;15;17;20;21;23;27;31;33;34;35;36;39;40;42;43;45;47;53;55;57;60;62;65;66;68;69;71;74;75;76;77;79;83;85;86;87;88;89;97;98;100;101;103;106;107;111;113;114;116;118;119;120;121;122;135;137;139;143;144;145;146;147;150;152;153;158;160;161;162;168;169;172;173;174;183;184;186;187;188;191;193;194;195;198;199;201;202;203;204;205;206;212;214;215;217;220;221;222;223;225;226;228;230;231;232;233;234;236;242;244;245;246;247;251;254;256;258;261;262;263;269;270;272;275;277;278;285;287;288;289;290;291;292;293;294;296;298;299;302;303;305;307;308;310;312;313;314;317;318;319;320;323;325;326;327;328;329;331;334;336;337;338;339;340;341;342;343;345;347;348;349;354;356;357;360;362;366;370;371;373;374;375;379;381;383;384;385;387;390;391;392;394;395;396;402;403;406;410;411;414;416;418;419;424;425;431;433;435;438;442;444;445;446;448;449;450;451;453;455;456;457;459;460;461;462;464;466;467;468;470;472;474;480;481;482;483;486;487;488;489;490;491;492;493;494;495;496;500;501;506;508;511;517;520;522;530;531;532;533;535;536;537;540;542;544;545;547;552;556;557;558;559;561;563;566;569;571;575;578;581;584;585;586;588;589;592;593;595;598;599;601;606;609;611;614;619;628;630;631;638;640;641;643;644;645;648;652;653;657;661;662;663;666;669;671;677;680;682;683;684;686;687;688;689;693;695;698;699;701;713;715;718;720;725;727;732;733;734;735;738;739;741;742;743;746;748;749;750;751;755;756;757;759;762;766;768;770;777;783;784;786;788;789;790;792;793;794;796;797;798;800;801;803;804;807;809;810;811;812;813;814;817;819;822;824;826;827;830;833;834;838;839;840;843;844;847;850;852;855;856;858;859;860;861;868;871;872;881;882;887;888;891;893;895;896;905;906;910;912;913;917;921;922;929;930;931;933;934;935;937;939;941;942;944;946;951;952;953;957;960;961;964;965;966;967;969;970;971;974;975;977;978;980;982;983;985;991;992;993;994;996;997;998;999
622;3;7;8;10;13;14;15;19;21;23;26;27;28;29;33;35;38;40;42;43;45;46;49;51;53;54;57;61;62;63;64;65;67;69;70;72;73;75;77;78;82;83;87;89;90;91;92;93;95;96;99;103;106;108;110;112;114;115;117;118;120;123;124;126;127;128;130;131;134;136;137;140;147;148;150;152;153;156;157;158;160;162;163;166;168;169;170;173;175;176;178;181;182;183;184;185;189;190;192;193;196;197;199;203;204;205;206;207;208;212;213;216;217;218;220;223;225;226;227;228;229;231;234;236;238;241;242;245;248;250;252;253;254;255;256;258;259;261;266;267;269;271;274;278;279;281;282;285;289;290;293;296;298;301;304;306;308;311;312;314;315;316;317;318;319;320;323;324;330;331;332;334;335;338;344;346;348;349;350;351;352;353;354;356;357;359;362;363;367;369;370;373;374;376;377;379;380;381;383;386;388;392;395;396;397;398;400;401;402;404;407;408;409;410;411;412;413;414;422;427;430;432;433;435;438;439;440;443;444;447;448;451;454;456;457;458;459;462;464;469;473;474;476;477;481;482;483;485;486;489;490;495;497;498;502;503;504;507;508;509;515;516;517;518;520;523;524;526;527;528;530;532;534;536;540;542;543;544;545;546;549;550;554;561;562;568;569;571;572;574;575;576;578;580;581;583;585;588;589;591;593;594;599;606;607;609;610;612;613;614;616;618;619;625;626;627;628;634;638;639;640;641;642;648;650;652;653;654;655;656;660;662;663;664;667;668;671;672;676;678;681;686;687;689;690;691;698;700;701;702;706;708;709;711;714;716;717;718;720;723;724;726;728;732;734;735;736;737;744;747;748;749;753;757;758;759;760;764;765;766;767;768;778;779;781;784;787;788;789;790;793;795;796;801;806;807;809;812;813;814;816;817;818;820;823;827;828;830;831;833;834;835;836;838;840;845;851;852;853;854;855;856;857;858;860;861;862;865;867;871;873;876;877;878;882;884;888;889;891;893;894;895;897;899;903;905;908;913;914;916;917;918;919;920;922;930;932;933;936;937;938;939;940;941;942;948;951;956;959;961;962;963;964;965;967;969;971;973;975;976;977;981;983;984;986;989;992;993;994;995;996
623;1;3;8;10;12;14;15;16;17;21;22;23;25;28;33;37;38;40;41;42;43;49;51;53;57;58;61;63;64;65;66;67;68;69;72;73;75;76;77;81;82;85;87;90;91;93;96;99;107;108;109;111;112;113;117;118;125;126;127;131;133;135;136;138;139;140;141;142;143;146;147;148;149;150;151;152;153;155;157;164;166;170;173;175;176;180;181;184;187;191;192;194;195;204;205;207;208;209;210;211;213;215;216;219;220;221;222;223;224;225;227;230;232;233;234;236;237;238;240;243;244;245;248;249;252;254;256;257;259;260;261;262;263;267;268;269;270;271;274;275;276;278;279;280;281;284;287;288;289;293;294;295;296;298;300;304;306;308;310;311;312;313;315;318;319;320;322;323;324;329;330;331;334;335;337;341;343;347;348;349;350;353;359;361;362;363;364;368;375;378;379;380;382;383;384;385;390;394;395;396;401;403;406;408;409;411;413;414;416;420;423;425;426;427;430;431;433;434;435;438;441;444;445;446;448;449;450;453;454;457;458;459;461;463;465;466;468;474;475;477;478;479;481;482;484;489;492;493;495;497;501;503;504;506;514;515;518;520;522;528;533;539;542;543;544;545;546;547;548;549;550;552;554;555;557;558;559;563;565;567;568;570;572;575;578;581;585;591;592;595;596;597;599;601;604;606;608;610;612;614;615;617;618;619;624;625;626;628;629;631;634;635;637;638;641;644;645;648;649;650;651;655;657;658;660;663;666;669;670;674;677;678;680;681;682;683;688;691;694;696;697;700;702;706;707;709;712;716;717;719;721;722;723;724;725;726;728;731;732;733;736;740;741;743;745;746;749;751;752;754;755;756;761;762;772;775;778;779;780;784;785;787;788;790;791;793;794;796;797;800;806;807;808;812;815;816;817;821;823;824;825;828;830;832;836;837;838;841;845;849;850;852;854;857;865;867;868;870;875;876;881;883;885;886;887;889;890;891;893;898;899;900;902;903;907;908;909;916;917;918;919;921;922;923;927;930;931;932;933;935;936;937;940;942;944;945;946;948;949;950;955;956;958;960;961;962;966;968;969;970;973;974;975;977;978;979;980;981;982;983;984;985;987;988;991;992;994;999
624;3;4;6;8;13;14;15;16;18;20;21;22;25;27;30;31;34;35;36;37;38;39;43;44;46;47;48;50;51;53;54;56;59;60;63;64;69;70;76;77;78;85;87;90;94;96;99;100;101;102;103;105;106;108;109;110;112;115;119;120;123;126;129;130;131;134;135;136;138;140;143;144;147;149;151;153;159;161;162;167;169;170;172;173;176;177;178;180;183;184;186;190;194;196;198;199;201;202;203;206;208;209;210;211;212;213;217;219;220;221;222;223;224;229;230;231;233;234;235;237;238;239;240;246;248;249;250;252;255;256;262;265;268;269;270;271;272;275;277;281;284;286;293;294;295;296;298;299;303;306;308;310;312;313;314;315;316;318;321;323;326;328;329;330;333;336;339;343;346;352;353;354;357;358;359;361;363;364;367;372;373;374;375;377;380;382;383;386;390;391;392;395;397;399;400;401;403;406;407;408;412;416;417;418;419;421;423;425;427;428;429;430;431;434;438;439;440;443;444;445;446;447;448;450;451;454;455;456;459;460;461;462;465;467;469;471;473;474;475;479;487;489;490;491;493;494;498;501;503;505;506;508;509;513;516;517;518;522;523;524;525;529;530;538;539;541;544;546;547;548;549;551;552;553;558;559;563;564;565;566;568;569;570;572;575;577;581;582;585;586;589;590;592;594;596;597;598;599;604;605;609;611;612;613;614;617;618;620;623;625;631;632;633;639;645;647;648;655;658;659;660;661;663;664;665;667;669;673;676;678;679;680;683;687;688;689;691;694;695;696;697;698;701;706;707;708;710;714;717;718;719;720;723;724;725;726;727;728;733;734;735;736;739;740;744;752;754;755;757;759;761;762;763;764;768;773;774;775;776;777;778;779;781;790;792;794;796;798;799;800;801;807;809;810;811;813;814;815;816;817;820;821;824;825;826;828;830;832;834;835;836;838;840;842;843;844;846;847;850;851;852;854;857;858;859;861;862;865;866;868;869;870;874;876;877;878;879;883;885;887;888;890;892;894;899;900;901;902;903;905;906;907;908;909;910;911;912;913;915;916;917;918;920;921;922;925;927;930;931;932;935;937;939;940;942;943;946;949;950;953;954;955;958;959;964;965;967;968;969;970;971;972;974;976;977;978;981;982;983;984;986;987;988;989;991;993;995;998
625;1;2;3;4;6;7;8;10;11;16;19;21;22;23;25;28;29;30;34;36;37;42;47;48;51;53;58;60;61;64;67;69;71;72;77;80;81;84;85;86;93;94;107;108;110;115;117;121;123;124;125;126;128;129;130;132;133;134;135;136;137;138;145;146;147;148;150;151;152;154;155;159;160;164;165;166;167;168;171;176;180;182;183;184;187;188;189;190;192;194;195;197;198;199;200;201;202;206;210;211;213;215;218;219;224;226;227;229;230;232;233;235;237;240;241;242;243;244;245;247;248;249;250;251;252;255;261;262;264;269;270;272;275;276;278;279;280;283;284;285;287;288;289;292;293;294;295;296;300;303;304;306;310;311;312;314;317;318;319;320;321;326;333;335;336;338;340;343;344;345;349;351;352;353;355;356;358;359;361;362;363;364;365;367;369;371;372;373;375;376;378;380;387;388;390;391;392;394;395;397;398;400;405;409;410;411;412;413;414;422;423;424;428;429;430;431;433;434;437;439;443;444;446;447;448;450;451;452;455;459;461;463;465;468;469;470;471;473;474;476;481;483;484;485;486;487;489;490;492;494;497;498;499;501;502;503;505;506;507;508;510;512;516;518;520;521;523;526;528;530;531;532;533;534;535;536;537;538;544;545;548;552;553;555;556;557;559;560;561;562;563;564;565;567;569;570;571;572;574;575;576;577;579;580;585;586;588;591;593;596;597;599;601;602;603;604;610;612;613;618;619;622;623;624;627;629;634;635;638;640;642;643;646;647;649;651;653;655;659;663;664;666;667;668;670;671;672;673;674;676;678;679;681;682;683;685;686;689;696;698;699;707;711;712;714;715;716;719;720;723;726;727;729;731;732;735;737;739;740;742;746;750;755;757;761;764;765;766;767;768;769;772;773;774;780;781;782;783;785;790;791;793;794;795;796;797;800;801;802;806;807;808;809;812;813;817;820;821;822;827;831;833;835;836;839;840;842;843;846;849;851;852;855;858;861;863;864;865;868;869;873;876;879;881;882;883;884;889;893;900;902;903;904;908;910;912;913;915;916;919;921;922;923;927;929;931;933;935;937;942;944;946;947;948;949;950;951;952;956;958;962;963;965;968;969;970;973;975;977;978;979;984;987;989;991;992;993;994;995;996;997;998;1000
626;3;4;7;8;9;10;11;12;14;15;16;17;18;19;20;22;25;26;30;33;34;37;39;41;42;43;46;47;49;50;52;53;54;56;57;58;62;64;68;70;74;75;76;77;78;80;81;83;84;86;88;91;92;93;95;96;102;104;108;112;113;115;116;123;127;128;131;133;134;136;140;146;149;152;153;154;155;156;157;158;159;160;161;166;168;169;172;174;177;178;182;183;185;186;188;189;190;191;193;196;198;199;202;203;206;207;208;210;211;213;214;215;216;217;219;220;221;222;224;225;228;229;231;232;234;235;236;237;240;241;242;243;244;245;246;247;249;250;253;254;257;258;259;261;266;267;268;270;272;274;275;276;278;279;281;285;286;291;292;294;295;296;299;302;303;305;310;311;314;316;317;318;319;324;326;329;332;333;334;335;337;339;340;341;342;344;345;349;350;352;354;358;363;366;379;381;383;384;385;386;387;389;390;391;393;395;396;397;398;403;408;410;413;414;415;418;419;420;421;423;424;427;429;431;432;433;434;435;436;440;441;442;443;444;449;450;451;452;454;455;456;457;458;461;463;464;465;466;469;470;471;474;475;479;483;484;487;489;493;496;497;498;500;502;503;505;507;508;509;512;514;517;519;522;524;525;527;528;529;530;532;533;535;536;539;541;542;548;552;553;554;555;559;562;564;565;577;581;583;585;589;590;592;594;595;596;597;602;603;604;605;607;608;609;611;613;616;617;618;622;623;629;630;632;634;635;636;641;647;648;650;651;652;654;655;661;663;671;674;675;676;681;682;683;687;689;692;693;694;696;700;701;702;703;704;706;708;709;710;711;713;714;716;718;719;720;721;725;726;727;728;729;730;731;734;738;739;741;742;744;746;748;751;754;756;757;759;762;763;764;768;769;771;772;775;776;779;784;785;786;788;792;793;796;797;799;800;801;802;808;810;820;823;826;827;829;830;831;833;834;836;838;839;840;842;843;849;850;852;853;855;856;858;859;860;861;864;867;869;870;874;880;881;886;892;893;894;897;904;905;906;907;908;910;911;912;914;916;917;919;920;921;922;924;925;928;933;934;935;936;939;940;943;944;946;947;948;950;951;952;953;956;958;959;961;962;967;969;973;974;975;976;981;982;983;984;985;986;987;988;995;998;1000
627;2;4;5;9;10;11;13;15;16;19;20;23;26;27;28;29;30;32;34;36;38;42;43;44;47;48;50;51;52;54;55;56;60;61;63;65;66;67;69;71;72;73;75;76;80;81;82;83;85;86;87;88;89;92;93;96;98;102;104;105;107;108;109;110;111;112;114;115;117;118;121;123;126;127;131;132;133;135;139;140;142;143;146;147;148;149;151;152;153;154;155;156;165;166;167;168;171;174;175;178;182;184;185;187;191;192;194;196;199;200;204;205;206;208;210;213;217;222;223;224;225;228;230;232;234;236;238;239;241;243;249;251;252;256;257;263;264;265;267;269;270;271;272;273;277;280;281;282;284;285;289;290;296;297;299;300;301;302;303;306;308;309;314;315;316;317;321;322;324;327;328;332;333;334;336;338;340;342;343;344;345;346;348;350;351;353;355;359;363;364;366;368;369;371;372;373;376;377;381;382;383;384;386;387;388;389;390;392;393;394;395;396;398;406;410;411;412;413;414;417;418;419;420;421;424;425;427;429;430;432;434;436;442;443;445;446;448;450;451;452;455;456;459;463;464;465;466;468;469;473;474;479;480;481;482;488;490;491;493;495;496;500;502;503;504;507;508;509;512;513;514;515;518;519;520;522;523;526;528;530;533;534;535;536;538;540;544;545;547;548;549;550;551;552;555;564;565;566;567;568;569;571;572;573;574;576;577;578;579;581;582;583;584;586;587;588;589;590;592;596;599;600;602;603;604;605;608;610;611;613;614;615;616;617;622;625;628;631;632;633;637;640;641;644;645;646;648;649;650;651;652;654;657;660;661;662;663;668;671;672;673;674;675;678;679;680;681;682;683;684;685;687;688;689;690;691;695;697;698;699;700;701;702;703;704;707;708;709;713;714;715;716;717;718;720;721;722;724;725;726;730;731;733;737;738;740;742;743;745;749;750;751;752;755;756;759;762;767;769;771;773;774;777;779;780;782;785;787;789;790;791;792;793;796;798;799;802;803;804;806;807;808;812;813;814;817;820;821;822;823;825;829;831;832;833;835;836;839;843;844;845;846;849;850;851;852;853;854;859;862;863;866;867;870;871;875;877;882;884;886;891;892;894;895;896;897;899;900;901;904;905;906;908;909;911;912;913;918;919;920;922;925;926;927;928;932;933;934;938;939;945;947;948;949;950;951;955;956;958;960;962;964;966;968;969;970;971;972;974;978;984;986;989;990;994;995;997
628;1;4;5;7;11;12;13;15;16;17;20;21;22;24;25;31;34;36;37;38;39;41;42;43;44;45;48;50;51;52;53;54;57;58;61;62;65;69;70;72;76;80;81;82;83;86;88;89;92;93;95;96;98;99;101;108;110;115;116;117;118;120;125;127;128;129;133;134;137;139;141;142;144;145;149;152;154;155;157;158;160;161;162;165;166;167;170;173;176;178;182;186;188;191;192;194;198;201;203;205;208;215;216;217;218;220;221;223;224;225;227;230;232;233;234;235;237;238;240;249;251;253;254;255;256;258;262;263;265;266;267;268;274;277;280;282;283;285;288;291;292;296;299;305;306;308;310;313;314;315;316;318;322;324;325;326;331;337;338;340;342;343;345;346;347;348;350;351;352;354;355;357;358;360;361;363;366;367;369;371;373;374;379;380;384;386;387;389;390;391;392;398;402;404;406;407;408;410;414;417;421;423;429;433;435;440;442;443;448;450;452;453;454;455;456;457;458;460;461;462;463;465;467;469;472;474;476;477;481;483;485;486;489;490;493;497;498;503;509;511;513;514;516;518;522;525;529;531;533;534;539;541;543;544;546;548;549;552;554;556;557;558;559;560;561;562;563;567;571;572;576;577;578;579;581;586;590;591;598;601;602;603;605;606;607;610;615;616;618;619;620;621;622;623;627;630;631;633;634;635;639;640;643;646;648;649;650;652;653;654;657;659;664;665;666;669;670;672;673;674;677;679;680;681;684;686;687;690;692;693;694;698;700;701;702;703;707;711;714;717;718;719;725;726;727;729;733;734;735;736;738;739;740;741;742;746;749;750;753;754;755;757;758;760;762;764;765;769;772;775;777;778;779;782;785;788;789;791;792;793;794;796;800;804;806;808;810;815;816;817;818;821;822;823;824;825;826;827;830;833;835;836;839;840;842;845;847;848;849;851;853;858;860;863;865;868;871;872;873;874;875;876;879;880;883;884;885;886;889;890;891;892;893;897;900;902;903;906;909;910;913;914;916;917;925;927;929;930;931;933;935;936;938;940;942;943;945;948;949;952;953;955;956;959;962;966;968;969;973;974;975;981;982;983;984;986;987;989;991;992;995;996;1000
629;3;6;9;13;16;17;19;28;31;33;34;35;39;42;43;49;52;53;54;55;59;60;63;65;66;68;70;71;72;74;77;78;80;81;82;83;88;89;90;92;95;96;97;99;100;102;103;104;105;106;107;108;109;110;121;123;125;126;127;131;133;134;136;138;139;142;143;144;145;147;152;153;154;155;157;160;162;168;170;172;174;176;177;178;181;183;185;186;188;191;194;199;200;201;202;204;207;209;210;212;215;216;219;224;225;227;229;232;234;235;236;239;240;241;242;243;244;245;246;247;248;249;250;253;254;255;256;257;258;259;261;263;265;266;269;270;271;272;273;275;277;278;281;282;284;286;287;288;289;290;292;294;301;304;305;306;308;311;312;316;317;318;320;321;322;323;326;327;328;330;331;332;333;334;337;340;341;344;346;349;351;360;363;364;366;367;368;369;371;372;374;377;382;383;385;386;389;390;392;393;395;396;400;401;402;403;404;405;411;413;414;419;420;422;423;424;425;426;428;436;437;439;442;445;447;454;456;457;459;460;463;464;468;469;470;471;473;475;479;481;482;483;484;485;487;489;491;493;494;496;498;499;500;501;503;505;508;510;512;514;515;517;518;519;520;521;527;528;531;534;535;536;538;539;540;541;542;543;544;546;553;555;558;560;562;564;568;569;572;578;579;581;582;584;586;587;591;594;596;597;599;601;603;604;605;606;608;609;611;613;614;615;617;619;623;625;626;630;632;634;637;643;644;646;647;648;653;654;656;658;659;661;664;666;667;678;679;680;687;688;692;694;699;700;701;702;703;704;705;708;709;710;722;728;731;732;734;738;740;743;744;746;747;749;750;751;752;753;754;756;757;759;762;763;764;765;766;767;769;771;775;776;777;778;779;781;782;783;785;787;791;792;793;794;795;797;798;799;800;801;803;804;805;806;808;809;810;812;815;816;819;820;821;825;826;827;828;830;831;832;833;835;837;838;842;843;845;852;853;855;856;858;863;864;865;868;869;870;873;875;876;878;880;881;882;883;886;887;891;892;894;902;903;908;911;914;915;917;918;922;928;931;933;934;935;941;942;944;945;947;948;951;953;954;955;956;960;962;966;970;971;972;973;974;975;976;979;982;983;984;985;986;989;992;997;999
630;2;3;4;7;8;13;14;17;20;21;23;24;26;32;34;35;38;39;40;48;49;50;51;53;60;61;62;66;68;70;72;74;78;81;82;84;86;88;89;90;92;93;94;98;99;104;106;111;112;113;115;118;119;122;125;126;129;130;131;132;133;134;138;140;142;144;145;146;148;149;150;151;152;158;159;160;161;163;164;167;170;172;174;177;180;181;183;188;189;191;193;194;195;196;197;198;199;201;202;204;205;211;213;214;216;217;218;221;222;227;233;234;235;240;243;244;245;246;247;249;250;251;253;254;255;256;257;258;260;262;263;264;272;273;274;275;276;277;278;279;280;284;285;287;289;291;292;297;299;300;303;305;306;307;309;310;313;319;320;321;323;325;326;331;334;335;336;337;338;343;347;349;350;354;358;359;364;365;366;367;370;373;376;377;379;380;381;382;384;385;386;391;394;395;396;397;401;402;403;405;409;419;420;426;427;429;432;433;436;437;439;440;443;444;446;447;450;456;460;461;464;466;472;473;474;475;476;479;480;481;482;489;490;491;494;495;497;498;504;507;509;510;511;514;516;517;518;521;522;524;528;532;533;534;535;536;541;542;543;544;547;548;550;553;554;559;560;569;570;572;573;575;577;579;580;581;583;584;586;587;589;590;591;592;593;594;595;597;600;601;604;606;609;611;613;614;615;616;620;621;626;628;629;631;632;633;635;636;637;639;641;644;645;648;649;651;654;657;664;665;667;670;671;673;674;675;676;677;678;679;680;681;683;685;687;689;690;691;693;695;696;698;701;702;704;705;709;710;712;713;718;719;720;721;723;725;727;728;730;732;733;736;737;738;739;741;742;745;746;747;748;749;751;752;754;755;756;758;759;761;763;764;765;766;767;769;771;773;775;776;777;778;781;782;783;784;785;786;789;792;797;798;799;802;806;807;808;809;810;811;812;813;814;815;820;822;826;827;830;831;833;834;837;838;840;841;843;846;847;849;857;861;862;864;867;869;871;873;875;881;882;884;886;887;889;891;897;898;899;901;905;906;908;910;911;912;914;917;918;919;923;924;926;927;928;929;930;931;935;937;938;939;942;945;946;947;948;952;955;958;961;967;969;971;974;976;977;980;981;984;991;993;995;996;999
631;3;4;7;11;13;15;16;22;24;25;28;29;31;32;34;35;37;39;42;43;45;48;50;53;56;57;62;63;64;66;67;68;69;71;72;74;75;76;77;78;79;81;82;83;86;87;88;89;90;91;92;94;96;99;101;102;104;106;107;110;111;113;114;115;116;117;118;121;122;124;125;126;128;129;130;131;136;137;140;143;146;147;151;157;158;159;163;165;167;171;172;173;176;177;178;184;185;187;190;192;201;206;210;213;215;218;219;225;229;235;236;239;241;243;244;245;246;250;256;259;262;268;269;271;276;280;281;282;284;285;288;289;290;292;293;294;295;299;301;302;303;304;306;311;312;314;315;316;319;320;321;322;324;325;327;328;329;331;332;333;335;336;337;338;343;347;348;349;350;351;352;354;358;360;361;364;369;370;372;380;381;382;384;385;386;388;389;390;391;398;400;403;404;406;408;409;410;411;413;416;419;422;423;427;429;431;434;437;438;440;441;445;446;448;451;453;455;457;459;461;466;468;472;473;475;480;481;482;485;487;489;490;491;492;493;494;495;497;499;502;503;504;505;506;509;514;516;518;520;521;523;524;525;529;532;533;537;538;539;540;541;542;543;547;548;551;553;555;556;558;560;561;562;566;567;568;574;575;576;578;579;581;583;587;590;591;595;596;597;598;600;603;605;606;607;610;615;616;617;621;623;624;627;628;630;635;636;638;639;640;641;642;643;644;645;646;647;650;651;653;654;660;662;663;665;666;669;670;672;675;680;681;683;684;685;688;690;692;693;701;705;707;708;710;711;712;716;720;721;722;723;724;725;726;727;728;730;731;732;735;741;742;744;745;748;749;750;751;752;755;763;764;765;771;772;773;774;778;779;780;783;786;787;791;793;794;795;796;805;808;809;811;812;813;816;821;828;830;831;832;836;838;839;840;841;843;846;847;848;849;852;860;861;862;867;869;872;873;875;877;878;880;888;890;891;894;895;896;899;901;903;904;907;908;910;912;913;914;915;916;917;919;920;921;924;927;929;930;931;935;937;938;941;942;944;945;950;951;954;955;957;963;966;967;970;972;973;974;976;978;979;980;982;983;987;993;994;995;997;999;1000
632;1;4;10;12;13;14;15;20;23;24;26;28;29;30;33;34;36;40;41;42;43;45;47;48;50;52;53;54;58;60;61;64;65;66;68;69;70;71;73;77;79;80;82;83;84;85;86;89;90;91;93;95;97;99;101;102;103;105;115;116;117;118;119;120;121;123;124;126;127;128;133;136;137;140;141;146;147;149;150;151;152;155;156;158;163;164;166;170;180;183;184;185;186;187;188;192;193;194;198;199;200;201;202;203;204;206;207;209;213;214;215;216;217;222;224;226;227;228;229;234;235;241;243;245;247;249;250;252;253;254;255;257;258;259;261;262;264;266;268;270;272;274;276;278;280;283;284;287;288;291;293;298;299;300;303;308;312;315;316;318;319;324;330;333;335;340;341;343;346;348;350;353;359;360;361;364;365;366;367;368;369;371;373;374;376;378;379;381;383;387;390;391;394;395;396;397;398;399;403;404;408;409;411;416;419;420;421;426;428;429;431;432;433;434;435;438;439;441;442;444;445;446;454;455;456;459;461;462;467;469;470;471;473;479;483;484;486;489;490;491;492;493;494;496;500;501;505;506;508;511;513;514;515;516;518;520;526;527;528;529;531;533;534;536;540;542;543;546;547;548;550;551;552;553;554;555;557;558;562;563;565;566;567;569;570;575;576;577;579;581;585;589;590;592;597;600;605;608;611;617;618;619;624;626;627;629;630;633;634;635;636;637;639;644;645;646;650;651;652;653;655;656;658;661;663;664;666;670;672;673;676;680;682;687;688;689;690;692;695;696;698;704;705;708;709;710;716;717;718;719;724;725;726;727;731;732;735;736;737;740;742;743;744;745;746;748;754;755;757;759;760;763;764;766;770;772;773;775;776;777;778;780;781;782;783;785;786;787;788;789;790;791;795;796;797;798;799;803;808;809;810;813;814;819;820;822;824;826;828;830;832;834;836;838;839;840;842;844;847;849;850;851;853;855;856;857;860;862;863;864;869;871;872;874;875;877;880;881;882;887;888;889;894;896;897;902;905;908;910;911;913;915;917;918;919;921;922;923;926;930;934;935;941;945;946;947;948;949;950;951;954;956;957;958;964;966;968;969;971;972;973;974;975;977;984;985;988;989;990;996
633;2;8;13;15;16;19;20;24;27;29;31;32;33;34;38;41;42;45;50;51;55;56;59;61;63;64;65;67;69;70;76;79;80;81;83;84;88;92;93;94;96;99;103;105;107;108;109;111;113;114;120;121;124;125;126;127;130;132;133;134;135;138;141;142;145;146;148;149;151;152;153;155;156;158;164;167;168;169;170;171;174;175;177;178;179;186;189;193;194;195;198;200;204;205;206;207;209;210;213;214;216;218;225;226;230;236;239;240;244;245;246;249;250;252;255;256;259;263;265;266;267;271;272;273;275;278;280;282;283;284;285;286;288;290;296;297;300;303;304;305;306;307;309;311;312;313;315;319;324;326;327;329;330;331;335;338;341;342;345;346;348;349;350;351;352;353;354;360;361;363;365;366;367;370;371;374;375;377;378;380;382;383;384;386;387;391;394;396;397;401;404;405;407;408;409;418;419;422;424;426;428;429;430;431;432;435;436;437;439;440;441;444;450;451;452;454;457;460;466;468;469;470;472;474;475;476;477;478;479;481;484;485;486;487;490;494;495;497;499;500;503;504;511;513;514;515;517;518;520;521;524;526;527;528;532;533;534;535;536;545;546;552;553;555;561;563;566;567;568;570;571;572;573;574;575;586;587;588;589;591;594;595;598;600;601;602;605;607;608;613;614;618;619;620;624;627;628;630;632;634;637;638;640;641;643;648;651;652;653;654;655;657;661;663;664;665;668;672;674;675;677;678;684;686;687;688;689;692;694;697;698;699;703;704;705;709;710;715;718;719;724;725;727;733;734;741;742;743;744;745;746;747;748;750;751;752;754;755;758;762;764;765;766;768;769;770;771;772;774;778;779;781;782;784;785;786;789;790;791;794;795;800;803;806;809;812;815;816;817;823;827;828;830;832;833;835;837;839;841;842;843;844;845;847;848;849;852;853;854;856;859;861;862;863;864;866;869;871;873;874;875;880;881;882;885;886;887;890;896;908;913;914;915;917;920;921;922;924;926;930;934;939;942;943;944;946;949;950;952;953;954;957;958;960;962;966;970;973;974;975;976;978;979;983;984;989;990;991;994;996
634;3;7;8;9;10;11;12;13;14;15;16;18;27;28;31;33;34;35;40;42;43;45;46;50;51;52;53;54;59;60;61;68;69;71;72;73;80;84;85;86;91;92;93;96;97;99;100;101;104;108;113;114;115;116;120;121;122;123;125;126;127;128;131;133;134;136;138;139;140;142;144;145;146;148;149;151;152;153;155;157;159;160;163;165;170;173;174;176;177;178;180;181;182;183;186;196;198;199;204;205;206;210;214;217;218;219;220;221;222;223;224;225;232;233;234;236;237;239;241;242;247;248;251;252;253;254;258;260;263;264;265;266;268;269;275;276;277;278;279;280;281;282;285;286;287;288;289;290;292;293;294;295;296;297;299;302;304;305;307;308;310;312;316;317;318;319;327;331;332;335;336;338;339;341;343;344;345;347;348;356;358;359;361;362;363;365;366;368;370;371;374;375;376;380;381;382;383;386;388;393;396;397;399;401;402;404;405;410;411;412;413;414;415;417;418;425;428;429;430;431;432;434;437;438;439;442;443;445;446;450;451;452;453;456;457;458;462;465;467;469;470;473;474;478;481;488;489;496;498;502;503;504;507;511;513;514;518;520;521;524;525;526;527;528;529;532;536;538;540;545;547;549;551;555;559;560;561;562;563;566;567;570;571;573;576;579;580;581;582;583;586;588;590;591;593;594;598;600;609;610;611;612;613;614;616;618;622;623;625;626;628;629;632;633;635;637;639;643;645;646;647;648;649;652;654;655;656;659;663;665;666;667;669;670;671;673;674;676;677;679;680;681;684;688;689;691;693;694;696;698;701;702;703;705;711;712;713;714;716;717;718;721;722;724;725;726;730;732;734;735;737;738;739;741;743;746;747;749;750;751;752;753;758;759;760;761;765;766;768;769;772;773;774;775;779;780;781;782;784;789;791;795;797;798;799;800;805;806;808;810;812;813;816;817;819;820;821;824;825;827;828;832;834;835;838;841;844;845;847;848;849;855;856;858;860;862;865;866;869;870;871;872;875;878;879;883;884;885;891;896;897;899;900;901;904;907;909;910;911;912;914;916;917;919;920;921;922;925;928;929;930;931;934;936;937;939;942;943;945;948;949;951;956;957;958;960;965;967;968;972;974;975;976;985;986;987;988;991;993;996;997
635;1;2;8;9;12;15;16;17;18;19;20;21;23;25;26;27;29;30;33;34;36;37;38;40;41;42;43;44;46;47;49;50;51;52;53;57;58;60;61;64;68;70;72;73;75;79;81;86;87;89;91;92;94;95;96;97;98;101;102;104;105;108;109;110;111;112;113;114;117;118;119;123;124;127;128;129;130;131;132;133;140;142;143;145;146;147;149;150;151;152;153;155;157;158;159;160;161;162;164;166;168;169;171;172;173;174;176;177;178;179;180;181;183;184;186;189;192;193;195;196;197;199;200;201;205;208;209;212;214;215;216;217;218;226;227;229;230;232;233;238;239;241;243;244;249;250;255;256;257;258;261;262;265;266;268;269;270;271;273;275;277;280;283;290;291;293;294;297;299;301;305;308;309;310;311;314;315;316;320;321;322;324;325;326;327;328;329;332;336;338;339;344;349;350;351;352;353;354;355;356;357;361;362;364;366;369;370;372;374;375;378;379;380;381;382;384;387;388;389;390;391;393;397;398;401;404;405;407;412;413;415;416;420;421;422;423;424;425;432;438;441;443;446;447;448;450;451;453;455;457;458;460;463;466;467;468;469;472;477;478;479;480;481;485;486;492;494;495;497;499;500;501;502;504;505;509;512;513;514;515;517;518;519;520;521;524;527;528;529;530;532;535;536;538;540;551;552;554;555;557;559;562;564;569;572;574;575;576;579;580;582;583;584;585;586;590;592;593;594;600;601;602;603;605;609;610;611;612;616;617;619;620;623;625;626;628;630;631;632;634;636;637;639;640;641;642;643;645;652;653;656;657;658;661;662;663;664;665;666;667;670;673;675;682;683;684;686;689;691;692;693;694;695;697;698;701;702;703;708;709;714;716;717;718;719;720;721;722;724;725;729;730;734;735;741;747;760;761;762;763;764;766;770;771;774;777;778;780;781;785;787;789;790;792;795;797;798;799;801;802;803;804;808;809;811;812;813;814;815;817;818;821;824;826;828;829;830;831;837;839;841;842;844;845;847;850;852;860;863;867;869;870;872;875;878;880;881;884;885;888;890;891;894;897;901;902;906;910;911;914;915;916;917;920;923;924;925;926;929;930;933;934;935;936;937;939;943;947;949;950;951;952;954;955;957;958;966;968;972;973;976;977;980;981;982;983;991;992;993;996;1000
636;1;2;3;4;6;10;11;13;14;15;19;20;21;23;24;25;26;29;30;31;32;33;35;36;40;42;44;46;47;48;49;55;59;60;62;64;65;66;71;75;79;81;83;87;89;91;95;97;102;105;106;110;111;116;117;119;120;121;125;130;131;135;137;138;139;140;146;147;148;149;151;152;153;158;159;160;161;163;165;167;171;175;177;178;179;180;181;183;184;185;187;189;190;192;194;195;197;198;199;200;201;202;203;204;206;208;210;211;212;214;215;219;220;222;223;225;230;232;233;237;240;241;242;243;245;246;248;250;251;253;256;257;258;260;261;265;266;267;271;272;273;274;276;277;278;284;285;286;287;291;292;293;294;296;301;302;303;304;305;308;311;312;313;315;317;318;320;321;323;325;326;329;330;331;336;339;341;344;346;347;348;349;350;351;357;359;360;364;366;370;377;378;379;381;384;385;387;388;389;390;391;392;394;395;397;398;401;403;404;405;407;411;413;414;415;417;419;420;421;423;424;428;429;430;433;435;437;439;440;441;445;446;447;449;451;455;456;458;460;461;462;466;467;468;469;470;471;473;474;477;479;484;485;489;490;492;493;494;501;502;505;506;507;508;513;514;515;516;517;518;520;521;523;524;525;528;532;533;534;537;540;541;543;544;545;547;549;550;551;552;554;557;558;559;560;565;567;569;572;573;575;576;577;578;580;581;582;584;586;593;595;599;601;603;604;605;608;609;610;619;626;630;631;632;635;637;638;639;648;650;651;652;653;654;658;660;661;662;663;667;669;670;673;674;675;677;678;680;683;686;691;692;693;694;696;699;701;704;706;708;710;711;717;720;723;725;727;732;735;737;741;743;744;745;748;750;751;752;754;759;760;761;762;766;770;775;778;779;781;782;783;784;788;792;793;794;797;798;800;801;802;803;806;807;812;813;814;816;817;818;820;821;822;827;829;832;833;834;836;837;838;839;841;842;845;849;850;852;853;855;856;857;864;868;869;870;874;875;877;880;885;887;888;898;901;903;905;909;910;912;915;921;923;924;926;929;931;935;936;937;938;941;942;943;946;948;949;950;952;954;956;958;960;961;962;969;971;973;974;975;977;978;980;981;985;987;989;991;992;993;994;995;996;998;1000
637;1;2;4;13;14;15;19;21;24;28;30;31;33;34;38;40;44;46;47;50;51;55;56;58;62;63;64;66;68;70;72;73;74;75;77;78;80;81;82;83;84;88;93;94;95;100;102;103;105;106;108;109;111;113;114;115;118;119;121;122;126;127;131;133;136;137;142;146;147;149;153;155;160;161;166;167;168;169;172;175;176;177;178;179;180;181;184;187;191;192;193;197;198;203;204;205;207;209;210;214;217;219;220;223;228;229;232;233;237;238;242;249;252;253;256;257;258;259;260;261;265;266;269;270;276;277;279;280;288;289;290;294;295;296;297;298;299;303;305;307;308;309;310;312;316;317;320;321;322;323;324;327;328;329;330;331;332;333;334;337;338;345;347;352;353;361;362;363;366;367;368;369;370;371;372;373;374;377;378;379;380;383;384;388;390;391;393;395;396;397;398;400;402;404;406;407;409;410;412;414;415;416;417;420;421;423;424;425;427;428;433;434;436;438;439;441;443;445;446;448;451;452;454;455;458;461;463;464;465;467;468;469;473;474;476;477;481;482;483;484;485;489;490;494;495;499;500;501;502;504;508;510;514;515;516;517;520;521;527;528;529;530;531;533;534;536;537;538;539;540;542;544;545;546;547;548;549;550;553;554;555;556;559;560;561;563;565;566;567;571;574;579;582;585;586;590;592;593;595;596;597;598;599;600;601;602;606;608;609;612;613;615;619;620;623;627;629;630;632;633;634;635;636;639;642;644;645;648;649;650;651;653;658;661;662;663;664;666;667;668;669;671;674;678;680;682;683;686;690;691;694;696;698;700;701;704;705;706;707;713;715;716;717;718;719;721;728;731;732;734;736;737;738;740;743;744;750;754;757;758;761;762;765;768;770;773;774;775;779;781;783;784;785;786;793;795;796;800;803;804;805;808;809;815;819;821;822;823;827;828;829;832;834;835;837;838;847;848;849;850;851;853;854;857;859;860;862;867;869;872;874;875;876;877;879;880;882;883;885;886;887;889;890;892;895;897;899;901;904;905;908;909;910;911;912;914;915;916;918;919;920;922;924;926;928;930;931;934;936;938;939;943;946;948;949;950;951;952;956;959;960;963;965;968;969;971;972;974;976;977;978;979;980;981;984;987;988;989;990;991;993
638;1;2;3;6;7;8;12;13;16;17;18;21;22;24;27;28;34;35;36;37;39;42;43;46;49;51;53;59;60;64;69;71;72;73;74;80;81;82;85;86;87;89;90;93;94;96;100;101;103;104;107;111;114;116;118;121;124;125;126;128;129;133;138;139;140;142;145;148;149;150;151;152;153;157;159;164;168;171;176;178;179;180;181;182;183;185;191;192;193;199;202;204;206;208;209;210;211;213;215;216;217;223;225;226;227;228;230;231;236;238;240;241;242;244;245;247;249;250;251;254;256;259;271;272;273;274;275;280;281;283;284;285;286;287;290;291;294;295;298;302;304;305;306;310;311;315;317;319;324;325;330;332;333;335;338;340;341;342;343;346;347;349;350;352;353;354;355;357;361;365;367;371;373;374;376;378;382;383;385;386;387;389;390;392;393;395;397;403;404;405;406;408;409;413;414;415;416;424;426;427;428;431;433;434;435;436;437;438;440;441;444;445;446;447;449;450;452;453;454;456;457;458;459;464;465;470;472;477;480;482;484;486;489;490;493;500;501;503;504;506;508;515;519;520;521;522;523;525;526;529;533;535;536;538;540;541;542;543;544;545;547;548;549;553;554;555;556;558;559;561;565;566;567;568;569;572;578;579;580;582;583;584;585;587;588;589;592;594;599;600;603;604;605;609;610;611;612;615;617;618;621;622;623;625;631;633;636;639;643;644;647;648;650;651;655;656;658;659;660;661;662;663;668;669;672;673;678;682;683;685;691;693;698;699;704;705;707;709;710;714;723;724;726;727;728;730;731;735;738;741;742;744;747;750;752;756;758;759;763;765;766;767;773;774;775;776;777;780;781;784;786;788;789;791;794;796;801;802;804;809;810;812;815;817;822;826;831;835;838;839;840;843;844;849;850;851;852;855;858;860;861;868;870;872;874;876;877;881;882;884;888;889;895;897;902;903;905;908;909;912;914;917;919;920;921;922;925;926;927;928;929;930;931;934;936;937;940;943;945;946;947;953;956;958;960;963;964;965;968;969;971;972;974;976;978;986;987;988;989;992;993;995;998
639;1;3;9;12;15;18;20;21;23;28;29;31;32;33;34;35;37;38;40;42;44;45;47;48;51;52;53;58;59;65;66;67;69;73;74;77;78;79;80;82;85;86;87;89;90;91;92;93;94;95;98;99;100;104;107;111;114;117;120;122;126;127;128;129;131;135;136;140;142;150;152;153;154;155;159;161;162;164;165;171;175;176;177;179;180;181;191;192;193;194;195;198;201;203;204;206;207;208;210;215;217;220;223;224;231;233;234;236;237;239;241;244;245;247;249;255;256;258;260;261;262;263;264;266;267;268;269;271;272;273;274;276;277;278;282;284;285;286;287;289;290;291;292;295;297;298;299;302;304;305;306;308;309;312;315;318;319;320;322;324;326;327;329;337;338;340;341;342;345;349;351;353;354;356;357;358;359;360;361;366;368;369;371;372;374;375;376;377;379;380;382;385;389;390;391;392;394;396;397;398;399;401;403;405;407;409;410;411;412;413;414;416;417;418;420;422;423;424;425;426;428;429;431;434;435;436;437;444;446;447;448;449;452;453;456;460;464;465;468;472;473;477;479;483;485;486;487;489;490;493;496;498;499;500;502;503;508;510;511;512;514;515;516;518;520;522;525;526;527;529;530;539;540;541;542;543;545;547;548;551;552;553;554;555;557;558;560;562;564;566;567;571;574;575;576;578;581;582;583;588;589;590;594;596;597;601;603;606;607;610;611;612;615;622;624;628;630;631;632;634;635;636;637;638;640;642;643;645;648;651;656;657;659;661;664;667;668;670;676;677;678;679;680;682;684;685;687;688;690;691;695;696;697;698;700;701;703;704;705;706;709;710;711;712;713;715;716;718;721;722;736;739;741;742;743;744;750;755;756;757;759;760;763;766;768;769;771;772;777;778;779;781;782;783;784;785;786;789;790;792;793;801;802;803;804;805;810;812;813;816;819;820;821;825;827;829;831;832;833;836;840;841;842;843;845;846;847;848;849;850;851;852;855;862;864;869;870;871;872;874;875;877;878;879;883;886;887;888;889;890;892;893;895;897;898;899;902;906;907;910;912;917;919;921;922;924;926;927;929;930;932;933;936;939;942;943;944;948;949;953;954;956;957;958;959;962;963;964;965;968;971;973;977;978;980;981;986;989;991;993;996;997;999
640;2;3;5;8;11;14;15;16;18;20;21;25;27;30;32;33;34;36;38;41;42;43;44;45;49;50;51;52;55;56;57;58;59;61;62;63;64;67;68;69;70;72;73;74;75;76;77;79;80;81;82;83;84;86;87;89;90;91;94;95;98;99;101;102;107;108;109;110;112;113;114;117;119;120;124;125;126;127;131;133;134;138;142;144;146;148;149;152;155;159;161;162;163;165;166;167;170;171;173;174;180;181;182;184;186;189;190;192;193;194;195;196;197;198;199;200;201;202;204;210;213;214;215;216;218;219;220;223;224;226;228;229;230;231;233;235;236;238;240;242;245;247;249;251;254;258;259;260;261;262;264;267;269;270;271;272;274;276;277;278;279;280;284;286;289;291;296;297;298;300;302;303;304;305;306;309;317;318;323;325;326;329;334;335;337;339;340;343;345;346;348;350;351;352;353;354;357;359;360;362;366;367;368;369;373;374;375;376;377;383;384;385;386;387;388;389;392;393;395;397;398;405;406;407;408;409;411;412;414;415;416;417;418;419;420;421;422;423;424;425;426;427;428;431;432;435;436;438;440;441;442;443;444;445;446;448;449;450;452;453;455;458;462;463;464;466;467;470;472;475;476;477;478;479;481;483;486;488;490;492;494;495;496;497;498;501;503;508;509;510;516;517;524;526;530;531;535;538;542;543;545;548;550;552;553;555;557;560;562;563;564;565;566;567;568;569;570;572;573;577;578;583;584;585;587;588;589;590;593;594;597;601;602;606;607;608;610;611;612;614;617;621;622;625;627;628;631;633;635;639;643;644;646;647;648;651;653;654;656;657;660;661;663;664;665;666;667;668;672;675;676;677;678;679;680;681;683;686;688;691;694;696;697;698;700;701;702;705;706;708;711;712;713;715;717;719;720;721;725;726;728;730;731;732;734;735;736;738;739;740;741;742;744;748;754;756;757;759;762;763;766;767;768;769;770;772;774;776;777;779;780;781;782;783;784;790;792;793;794;795;796;797;798;799;802;804;806;807;808;812;813;814;815;816;818;819;822;824;825;826;827;839;842;843;844;849;850;854;855;856;857;863;864;866;868;871;874;877;878;880;881;883;885;886;887;888;890;891;892;894;898;901;902;906;909;910;911;912;914;915;918;920;923;924;926;927;928;929;930;932;935;936;940;943;944;949;950;951;952;954;955;956;958;959;961;963;964;966;968;969;971;972;974;983;985;986;987;988;989;996;997;998;999
641;1;2;3;7;8;9;10;12;17;19;22;24;25;26;29;30;31;32;34;35;38;39;40;42;43;49;50;51;55;60;66;70;74;75;78;80;81;82;84;85;86;87;89;90;91;96;98;99;100;103;109;110;111;116;119;121;123;125;128;129;135;136;138;139;140;142;143;144;145;146;151;152;153;157;158;160;162;164;166;167;172;173;177;179;180;181;182;185;187;192;193;195;197;198;202;206;213;215;216;219;220;223;225;226;228;230;231;232;236;237;240;241;242;245;246;249;250;251;252;253;258;259;262;263;264;266;268;269;270;271;279;283;287;288;289;292;293;294;296;298;299;301;303;304;307;310;312;313;318;325;326;331;333;334;335;336;337;341;342;343;344;345;349;350;351;352;353;355;357;358;359;362;364;366;367;372;373;375;379;382;385;386;387;389;391;392;397;399;400;402;404;406;408;409;410;414;417;418;425;427;430;434;435;437;438;441;450;451;452;456;458;463;465;466;469;471;472;473;474;475;476;480;482;483;485;490;492;493;495;496;498;499;501;504;505;506;507;509;510;516;520;522;523;524;525;526;527;528;530;531;532;536;538;539;542;544;545;546;547;548;549;551;552;556;561;562;566;567;569;571;572;575;576;577;582;586;588;589;590;594;596;598;603;604;607;610;611;613;614;615;616;618;620;621;622;623;626;627;630;631;633;635;642;643;646;647;650;653;654;655;656;658;659;664;666;674;675;679;681;683;684;686;687;688;691;692;695;697;699;700;702;703;705;707;710;712;713;716;719;720;726;727;728;729;731;733;734;737;738;740;742;743;744;746;749;751;752;753;754;755;756;758;760;762;764;765;767;768;769;770;771;772;773;775;776;777;778;779;780;781;784;786;788;792;794;798;799;801;802;804;811;813;820;821;822;823;826;828;830;834;837;840;843;850;852;853;854;855;857;858;861;863;864;865;869;871;872;873;874;877;878;880;881;882;888;892;893;897;898;899;901;905;906;908;909;910;913;915;917;918;919;921;922;923;924;926;927;928;930;932;935;937;938;939;940;941;945;947;948;950;951;953;954;957;960;961;962;966;968;969;972;974;980;981;984;985;987;989;991;992;993;995;997;998
642;1;3;4;5;8;10;15;16;19;23;25;26;27;37;40;41;44;50;56;60;62;63;64;65;67;69;70;72;73;82;83;84;91;92;98;101;107;110;111;114;116;117;118;119;121;122;123;125;126;127;130;132;133;134;135;137;138;140;141;143;146;150;153;154;155;158;160;164;166;170;172;173;174;176;177;180;182;183;184;187;188;189;191;194;195;197;198;199;200;202;205;211;212;214;216;219;221;222;223;224;225;226;227;229;232;233;236;237;238;240;246;247;248;249;250;255;256;258;259;260;263;264;265;267;270;271;277;278;279;280;281;283;284;286;287;288;292;294;295;298;299;300;301;303;306;309;310;313;314;318;319;320;321;323;327;330;332;334;335;339;342;343;345;346;347;351;354;355;361;363;367;370;371;373;375;376;381;382;385;387;390;394;396;398;401;404;406;407;411;416;417;422;423;424;428;429;431;433;437;438;440;441;442;443;444;445;447;448;449;451;454;458;459;461;462;463;464;465;470;472;473;475;477;478;479;480;483;484;485;487;488;489;492;494;495;498;501;504;505;506;510;516;520;521;523;525;527;529;531;534;535;537;542;551;553;554;556;557;558;563;565;568;569;574;575;576;577;581;582;583;584;586;587;588;590;591;593;594;596;599;600;601;604;609;610;612;614;615;616;617;620;622;625;631;635;637;639;641;643;645;650;651;653;655;656;660;661;668;669;670;671;675;677;680;684;685;688;692;693;694;695;696;697;698;699;702;703;705;706;707;708;709;711;714;716;717;718;721;723;724;725;727;733;735;740;741;742;745;746;749;750;751;752;754;755;758;759;760;761;762;765;767;773;775;776;777;779;781;782;784;786;787;794;799;802;803;804;806;807;808;811;815;817;819;821;823;828;829;831;832;833;834;835;837;838;840;841;845;848;849;850;851;852;853;854;855;857;859;863;864;867;868;870;871;873;876;877;879;881;883;885;888;890;891;892;894;895;896;898;899;901;903;904;906;908;910;912;914;917;918;919;920;922;924;925;930;931;932;934;938;939;943;945;947;948;949;950;951;953;955;958;963;964;965;969;970;972;975;976;977;979;980;981;982;984;986;992;994;995;998;999
643;1;2;3;5;6;9;11;12;15;16;17;18;19;20;21;23;24;26;29;31;36;37;38;40;41;44;46;47;48;51;57;59;60;61;62;63;64;66;73;74;75;78;80;81;84;85;86;87;88;89;90;91;93;95;98;101;102;105;106;107;108;109;110;111;112;114;116;119;122;130;134;136;137;141;143;145;146;147;148;149;152;155;157;162;166;168;170;173;175;176;178;179;180;181;183;184;185;186;189;192;193;195;199;200;204;205;207;208;209;211;212;216;217;219;220;221;223;226;229;230;231;232;233;236;238;239;245;246;250;251;252;255;256;257;258;263;266;268;270;274;275;277;279;281;282;286;287;288;289;294;295;296;302;303;304;306;307;309;311;312;313;314;316;317;318;319;322;324;325;326;328;329;332;333;335;336;337;339;343;346;347;350;351;353;354;355;357;358;359;364;368;370;371;373;374;377;379;380;381;385;387;388;390;392;394;395;397;401;402;406;407;411;412;415;416;417;418;420;424;426;428;429;433;436;438;439;440;442;445;447;449;453;454;455;456;458;459;460;461;462;463;464;465;468;470;472;473;474;475;476;478;479;486;490;493;494;496;499;500;504;505;507;508;509;510;511;512;513;516;517;521;522;523;524;526;530;531;534;535;537;538;541;542;543;544;545;546;548;549;551;555;556;562;563;564;566;567;568;573;574;575;577;578;580;582;583;586;588;592;594;595;597;599;601;602;603;605;606;608;609;610;612;614;616;619;620;621;625;628;629;631;633;634;635;638;639;640;641;642;645;647;648;649;651;652;653;654;655;657;659;660;661;662;667;668;669;672;674;678;679;682;685;687;689;690;694;695;698;700;703;708;710;713;714;715;716;717;718;722;726;728;730;731;732;735;736;739;740;742;751;755;756;757;760;763;765;766;767;768;769;770;774;775;777;778;779;782;783;785;786;788;790;794;795;798;800;801;802;803;804;805;806;809;810;811;813;814;816;817;818;820;821;825;830;834;835;837;838;839;840;841;843;844;845;846;847;848;850;855;856;857;859;860;861;862;864;865;867;868;869;871;872;875;876;877;878;879;881;882;884;885;890;895;896;897;899;900;901;904;905;908;909;912;913;914;916;917;918;919;921;923;929;930;931;932;933;934;935;936;937;938;943;945;951;952;953;954;956;958;960;962;964;968;970;971;972;973;976;977;978;980;983;985;986;987;989;991;995;997;1000
644;5;8;10;11;15;16;17;18;19;21;22;24;25;26;28;29;30;31;34;36;37;43;44;45;48;50;52;53;55;56;58;59;61;62;65;66;67;69;71;72;73;76;77;80;82;85;88;92;96;97;99;102;105;106;107;108;109;110;113;114;115;116;117;118;121;122;127;131;132;133;135;137;139;141;142;144;147;148;154;156;162;163;164;167;171;172;174;175;176;179;180;181;183;185;188;189;190;191;194;196;200;201;202;205;206;207;209;212;222;224;225;226;227;229;230;233;236;237;238;240;241;242;244;247;248;255;259;260;262;263;265;268;269;270;275;278;279;280;284;285;286;287;288;289;293;295;296;297;299;301;302;304;312;313;314;315;317;320;322;324;325;326;327;329;330;332;334;335;336;339;341;342;343;345;347;349;350;352;356;357;358;359;360;365;367;368;371;373;374;377;378;379;381;382;383;385;386;390;391;392;393;394;395;396;399;404;405;406;407;410;411;413;415;418;423;427;434;435;437;439;440;441;442;443;444;446;448;449;450;451;452;453;459;467;469;472;474;475;477;483;484;485;488;490;493;497;499;502;503;507;510;511;512;514;515;516;517;518;519;520;521;524;525;526;528;529;530;533;537;542;545;546;547;548;550;551;552;555;556;557;558;559;560;561;565;570;571;573;574;577;580;582;585;587;588;589;591;601;602;604;605;606;607;609;610;613;614;617;618;621;623;627;629;630;631;632;637;638;640;645;646;647;649;650;651;655;657;660;661;664;665;668;670;672;673;675;676;677;683;685;688;689;692;697;705;706;707;708;709;713;716;719;721;722;725;727;730;731;733;735;736;739;741;742;744;745;746;754;755;756;758;762;763;765;766;768;769;772;775;777;783;784;786;789;790;791;792;793;800;802;804;806;807;810;813;817;818;819;820;821;822;823;824;825;827;837;838;839;840;841;843;845;846;847;849;851;854;855;856;858;859;861;862;863;864;865;866;869;871;873;874;875;877;878;879;880;882;883;884;887;889;891;893;894;897;901;902;903;907;911;913;916;922;928;929;930;934;942;944;945;946;948;949;951;954;955;956;959;960;964;968;969;970;972;973;974;977;981;983;986;987;989;990;993;994;995;996;997
645;1;2;7;9;11;13;14;15;18;20;22;23;24;26;28;29;33;36;38;41;42;43;44;50;51;55;57;59;61;62;64;66;71;72;73;75;78;79;83;86;87;90;91;92;95;96;97;99;100;101;102;103;105;107;108;109;110;112;113;115;117;118;119;123;125;127;129;132;134;136;138;140;142;150;151;152;154;155;161;162;165;167;168;169;170;171;175;180;181;183;184;185;187;189;191;193;195;196;198;199;202;205;207;208;210;211;213;214;216;217;219;220;223;227;229;230;231;232;233;234;235;239;242;243;244;245;246;249;255;257;259;261;265;266;268;270;271;276;277;278;280;281;285;288;289;290;291;292;293;294;295;296;297;299;303;308;310;311;312;313;316;317;318;319;320;321;323;324;325;326;328;329;332;334;336;342;344;345;346;347;348;350;352;353;354;355;357;358;359;361;363;365;366;367;368;369;374;375;376;379;380;381;382;383;386;389;390;391;392;394;396;397;399;402;405;407;409;411;412;415;416;417;418;419;420;421;422;425;426;428;431;432;434;440;443;444;445;446;448;449;452;453;457;458;460;461;465;466;470;475;476;477;478;479;482;484;486;488;492;494;495;496;499;500;501;504;505;506;508;509;510;512;513;514;515;516;519;520;521;523;526;528;531;535;536;541;544;546;547;550;552;554;555;556;559;560;561;562;563;564;565;566;567;568;570;572;573;574;575;576;580;582;585;586;587;588;592;593;594;600;601;606;608;610;611;613;615;617;620;621;623;624;627;630;631;632;634;635;637;639;642;643;644;646;647;649;650;653;655;658;660;661;662;665;666;667;670;671;673;674;676;677;678;680;681;686;687;691;692;694;695;697;699;700;701;702;703;704;705;706;707;711;713;714;715;716;718;719;720;721;722;723;724;725;726;727;729;730;731;733;734;738;740;741;742;746;747;748;749;751;754;756;760;762;763;768;769;770;771;774;775;777;778;780;784;793;794;795;798;800;804;805;806;808;809;813;815;816;818;822;824;825;827;829;830;831;832;833;834;836;837;840;844;849;851;854;855;859;860;863;864;865;866;867;871;877;878;880;881;882;883;885;886;889;890;891;893;895;896;897;898;899;900;901;908;909;912;917;920;921;925;927;928;931;932;933;935;937;938;939;942;943;945;946;950;952;953;954;957;959;960;961;962;963;964;965;966;967;968;970;971;972;973;974;975;976;981;983;984;989;993;994;999
646;8;9;10;11;12;14;15;17;18;19;23;24;25;28;30;31;34;35;37;40;41;44;45;46;49;51;52;54;57;58;60;61;62;64;65;67;68;69;70;72;75;77;78;81;89;90;91;95;96;97;98;102;104;105;106;109;110;112;114;115;117;118;122;123;124;125;126;130;131;135;140;145;146;149;150;152;153;154;156;157;158;160;164;171;176;177;178;180;183;185;187;189;192;195;196;197;198;201;202;207;208;214;220;222;225;226;227;229;230;232;235;236;240;245;246;247;250;252;255;257;258;260;261;263;264;265;266;268;271;272;273;278;280;283;284;289;290;299;302;303;306;307;308;310;311;312;314;317;318;319;320;324;325;330;331;332;333;334;337;340;341;342;343;344;347;349;352;353;356;358;360;361;363;364;366;367;369;373;377;378;379;381;383;385;386;394;396;398;399;400;401;402;403;407;410;413;414;415;418;419;420;426;427;430;433;434;435;436;437;438;451;454;455;457;458;460;461;463;464;465;467;470;472;473;476;478;480;483;484;487;491;494;495;499;500;501;503;504;506;510;511;512;513;515;518;519;522;523;526;527;532;534;536;537;539;540;541;542;543;544;547;551;554;555;557;558;561;563;564;567;568;569;570;573;575;578;581;587;588;592;593;594;597;599;602;604;605;608;609;610;614;615;616;619;625;627;628;629;631;632;634;640;641;644;645;647;648;649;650;657;659;660;661;662;663;664;665;667;671;672;673;677;678;681;683;686;687;688;691;695;700;701;704;705;707;708;710;712;713;714;715;717;718;723;725;729;730;732;734;735;737;738;740;742;743;744;745;746;748;750;751;752;753;754;757;758;759;760;766;767;768;769;771;773;776;777;779;780;781;782;785;791;792;795;796;806;808;811;812;815;816;818;821;822;826;827;828;829;830;831;834;835;837;838;840;842;848;849;850;852;854;855;857;860;863;864;865;866;867;872;873;874;877;878;879;883;884;885;891;894;896;898;899;900;901;906;913;915;917;923;924;927;930;932;937;938;939;940;942;943;946;949;950;954;955;957;960;961;962;964;966;971;973;977;981;985;987;988;989;990;991;993;994;995;996;998;1000
647;3;5;7;8;9;10;11;12;13;15;17;18;20;22;23;24;26;27;29;30;31;33;36;37;39;40;42;47;51;53;55;58;63;64;66;69;71;73;74;76;78;79;80;81;84;85;86;87;88;89;90;91;93;95;99;103;105;106;107;108;110;111;113;114;115;116;118;119;124;126;127;130;131;135;136;137;138;139;141;142;145;146;148;149;150;153;157;158;159;163;164;165;167;170;171;172;173;174;177;179;180;181;182;183;184;185;186;187;189;191;201;202;205;208;211;212;219;223;224;225;227;228;229;230;232;236;237;238;241;242;245;248;249;251;252;254;258;260;264;267;269;270;272;273;274;276;277;278;280;281;286;288;290;291;296;297;299;301;302;305;306;307;310;311;316;317;319;323;324;328;331;332;336;343;344;345;349;350;351;353;354;355;357;358;359;362;363;364;365;367;371;373;375;376;378;379;382;386;390;391;392;394;396;400;404;405;406;407;408;409;413;419;420;421;423;428;431;435;436;438;442;448;449;454;456;463;465;467;472;473;476;477;481;485;488;493;494;495;496;498;501;503;504;505;507;509;510;515;517;521;522;527;528;532;533;534;535;539;541;545;546;547;550;552;553;555;557;558;561;563;564;568;571;572;575;577;580;581;582;583;584;588;589;594;595;596;598;602;604;606;607;610;611;612;614;615;616;617;618;620;624;625;626;629;631;634;638;640;641;643;644;645;646;649;650;652;654;656;657;659;661;662;663;664;667;668;670;674;676;677;678;682;686;688;690;692;694;698;701;702;704;706;709;710;713;716;718;719;722;723;727;728;729;733;734;736;742;745;746;747;750;751;756;763;768;770;773;777;778;780;781;783;785;787;790;792;794;796;797;798;799;800;801;803;804;805;806;807;809;812;818;821;823;824;826;828;833;834;835;836;842;843;847;848;849;854;855;856;859;860;864;869;872;875;876;878;879;880;881;882;883;885;886;888;889;891;894;896;898;902;906;907;908;910;913;914;916;918;920;922;923;925;926;931;932;933;938;939;943;945;946;950;951;952;954;957;959;960;961;963;964;968;970;972;974;976;977;978;979;980;982;984;989;990;991;993;994;995;996;997;999
648;1;3;4;6;7;8;9;12;14;15;17;18;19;20;21;22;23;26;28;30;33;34;35;36;37;39;40;41;43;44;45;48;52;54;56;58;61;62;64;65;71;73;79;80;83;87;88;90;94;97;100;101;103;105;106;109;110;113;114;115;117;123;125;128;130;132;133;135;137;145;147;150;151;152;153;155;157;159;162;163;166;168;172;175;176;177;179;181;182;183;185;187;188;190;191;192;194;195;199;201;206;207;208;210;214;215;217;221;222;224;227;228;229;230;231;232;237;240;241;242;244;246;248;255;258;261;265;266;267;269;271;274;276;278;279;280;281;282;284;286;288;289;290;294;297;298;300;304;306;309;311;313;314;315;316;317;320;322;323;324;327;328;333;334;335;338;339;340;342;343;348;349;351;359;363;366;369;373;377;378;379;383;386;389;390;391;394;395;396;398;399;401;402;403;404;406;407;408;411;413;414;415;416;421;423;424;426;430;431;432;434;435;436;437;441;442;443;444;445;446;448;452;453;455;457;458;461;462;464;465;467;471;472;476;481;484;485;488;489;490;491;492;493;494;495;496;500;501;503;509;510;515;516;518;519;521;525;527;530;532;533;535;536;538;539;540;544;546;547;549;551;552;556;558;559;560;561;562;565;567;571;573;576;579;585;586;588;589;590;591;592;595;598;601;602;608;609;611;613;614;616;618;619;620;621;622;623;624;626;627;628;629;630;633;634;636;637;638;639;640;643;646;650;653;654;655;656;659;663;664;666;667;668;669;670;673;675;676;677;684;685;686;687;691;692;693;696;697;700;701;702;710;712;713;714;716;717;719;721;723;726;728;730;733;735;737;738;745;748;749;751;752;755;762;765;766;767;769;771;772;774;778;782;785;789;790;795;796;797;800;803;804;805;806;807;808;809;815;817;819;820;821;823;825;826;827;829;831;833;835;838;839;840;842;843;844;845;846;847;848;850;851;853;855;858;860;861;862;863;864;865;866;867;869;870;871;874;875;877;878;879;882;884;885;888;892;893;895;896;898;901;902;904;905;906;910;912;914;915;916;919;920;921;922;923;924;926;927;930;932;935;938;939;940;941;944;946;949;950;952;953;954;955;957;958;961;962;963;965;970;975;976;978;980;982;985;986;987;988;990;992;994;995;998;1000
649;3;4;13;16;19;20;21;22;23;24;29;32;35;37;38;39;44;45;46;47;49;50;52;55;64;65;66;67;69;70;72;74;78;83;84;87;90;92;93;94;96;99;102;103;105;112;113;117;120;121;122;126;128;129;132;134;136;141;142;145;147;150;151;156;158;160;162;163;165;166;168;169;170;171;172;173;174;176;178;180;182;185;186;187;188;189;192;194;200;202;203;208;209;210;211;212;213;214;216;218;220;221;225;226;229;231;232;234;236;237;238;239;240;241;242;243;244;246;247;248;251;253;254;256;259;262;264;265;266;267;269;270;271;274;275;277;278;281;283;285;286;287;288;289;290;291;295;297;298;299;300;301;305;306;308;310;311;312;313;314;317;318;319;320;324;325;326;327;328;329;331;338;342;343;344;345;346;347;350;352;353;354;356;358;359;360;361;362;364;365;367;369;370;371;373;375;376;378;379;381;382;383;387;388;389;391;392;393;395;397;400;402;403;412;413;414;415;416;417;419;422;423;424;426;427;429;431;434;436;437;440;442;443;444;445;446;449;450;452;453;455;457;458;459;462;464;467;469;475;478;480;483;486;487;490;492;493;495;497;498;499;500;502;503;504;505;507;509;510;512;513;514;515;516;519;520;523;524;525;528;529;532;533;541;542;547;550;551;552;553;554;556;557;558;560;562;565;566;567;568;569;570;571;573;575;579;580;581;585;587;588;591;593;594;598;600;601;603;606;607;608;612;614;615;618;623;625;627;628;630;634;637;643;644;645;646;647;650;651;652;653;654;655;656;657;658;660;661;662;664;667;668;669;673;678;680;681;683;684;685;686;691;692;693;695;696;699;702;703;705;706;708;709;710;713;714;715;716;717;722;725;726;727;734;735;738;739;740;742;744;748;750;751;752;754;756;757;759;761;763;764;765;766;769;773;774;775;777;780;781;786;789;790;791;793;795;798;799;804;807;808;809;810;812;815;816;817;819;822;825;827;830;836;841;842;843;845;847;848;851;852;853;854;855;860;861;862;863;867;875;876;877;878;879;882;883;885;887;889;890;891;892;895;898;900;902;904;905;906;911;912;913;917;918;920;922;923;926;928;930;931;932;933;935;936;938;940;942;943;944;945;947;948;950;953;954;955;958;964;965;966;968;969;970;971;972;977;978;982;983;985;987;988;990;993;994;995;998
650;1;2;4;5;6;7;9;11;14;17;18;21;24;25;29;31;33;36;40;43;50;51;52;55;59;61;64;66;70;72;73;75;79;80;82;86;87;88;89;93;94;96;99;100;101;103;104;105;106;111;112;113;114;115;117;119;120;121;125;126;130;132;133;135;137;138;139;145;147;148;149;150;155;159;160;161;162;163;166;167;168;169;170;171;173;174;177;179;181;182;185;186;187;189;193;196;197;199;202;207;210;211;212;213;214;218;220;226;227;229;234;237;239;240;242;243;244;246;248;251;252;253;254;256;257;258;260;262;263;264;268;270;271;275;276;277;279;283;285;287;290;293;295;298;303;304;305;306;310;311;312;314;315;316;318;319;320;324;325;326;330;334;335;336;338;339;340;344;349;352;354;355;358;360;361;362;363;366;369;370;372;375;376;377;378;379;381;382;383;389;390;394;396;398;400;401;402;404;405;406;415;426;429;430;435;437;439;444;445;447;450;452;456;457;459;461;462;467;468;474;475;479;480;481;486;487;489;490;491;493;494;497;498;499;500;501;502;503;504;505;506;507;508;510;511;512;513;515;516;519;523;524;526;528;530;531;533;534;536;537;539;540;542;543;544;546;548;550;552;559;560;561;562;563;564;569;570;574;575;576;577;581;582;583;584;585;586;589;591;594;595;600;601;603;604;606;607;608;609;613;614;616;619;622;623;626;627;628;631;632;636;637;638;641;642;644;645;646;647;648;649;653;654;656;657;658;659;660;661;663;667;668;669;670;671;673;674;675;676;679;681;687;689;690;692;694;695;698;699;701;704;705;706;708;712;714;715;718;720;723;725;729;732;735;739;740;741;746;749;750;751;753;757;758;759;760;761;762;764;767;771;773;774;776;778;779;782;783;791;792;794;795;796;797;798;799;804;808;809;811;813;814;815;819;820;821;822;823;824;825;829;833;836;837;839;841;842;844;852;859;860;861;862;863;864;867;868;870;871;875;877;879;882;883;884;885;886;888;890;893;895;896;897;898;899;901;905;909;910;913;914;916;921;923;928;929;933;936;940;942;943;947;949;954;957;958;960;962;964;970;971;973;975;978;980;982;985;989;990;993;995;997;998;999;1000
651;1;3;7;8;10;14;16;20;22;23;26;29;30;32;33;37;44;45;46;49;52;53;56;58;59;60;61;65;66;68;69;73;74;75;76;78;81;84;86;87;89;90;91;94;95;100;101;107;108;109;111;112;121;122;123;124;125;126;127;128;129;131;132;133;135;137;138;139;141;144;146;147;150;151;159;163;165;168;172;173;175;181;184;185;186;190;191;198;199;201;203;206;209;211;212;214;216;220;222;223;224;226;229;230;232;235;239;240;243;245;247;248;249;250;252;254;256;258;261;262;263;266;267;270;272;275;277;278;280;281;282;283;284;286;288;289;290;291;292;293;296;298;299;303;304;305;306;312;313;314;317;318;319;320;322;324;325;329;330;332;333;334;336;339;340;341;345;349;350;353;356;357;360;362;364;365;366;367;368;369;370;372;375;376;377;379;383;386;387;388;391;393;395;399;400;407;408;409;411;412;413;415;417;420;422;423;425;426;428;436;437;440;442;443;445;446;453;454;455;456;457;458;459;460;463;465;469;472;473;476;477;480;482;485;486;488;492;493;497;498;500;501;503;504;506;507;510;513;514;515;517;518;520;522;527;528;531;532;535;536;537;538;543;546;547;548;550;551;552;554;557;560;565;567;574;577;580;581;583;584;585;587;591;595;596;599;604;606;607;609;610;612;613;614;615;619;620;623;625;626;627;630;631;632;633;636;637;638;639;640;642;643;644;649;654;655;658;661;662;665;666;667;668;669;671;672;673;677;678;679;680;681;684;686;688;690;691;693;695;697;699;701;702;703;706;707;708;709;711;712;714;715;717;719;720;721;723;724;726;727;728;730;733;734;736;740;741;742;745;746;747;754;755;756;759;760;761;774;776;777;778;779;780;781;784;785;786;788;790;792;798;799;800;801;802;807;808;810;811;812;816;817;819;820;822;823;826;827;832;833;834;835;836;838;844;845;846;847;848;851;853;854;855;856;857;859;861;863;868;869;870;871;873;879;880;883;886;887;888;889;890;891;893;895;897;898;901;908;909;910;914;915;916;917;918;919;924;925;926;927;928;932;934;935;936;952;953;957;959;960;963;964;965;966;967;969;970;971;973;974;979;984;985;988;989;994;995;1000
652;1;3;4;5;7;8;10;11;14;16;20;23;24;25;26;27;29;31;32;36;37;38;43;46;47;48;49;54;55;56;57;58;59;61;62;63;65;66;67;71;74;75;78;80;81;82;83;86;88;91;95;97;98;99;100;101;104;105;108;113;114;117;118;119;121;125;126;127;128;130;133;134;135;136;138;139;141;143;145;148;150;151;152;153;154;155;156;157;158;159;161;168;169;170;171;172;173;174;175;177;178;179;184;185;187;189;190;193;194;195;198;199;202;203;204;205;206;207;208;209;210;211;214;217;219;223;229;230;231;236;241;242;244;246;251;255;258;260;263;264;267;274;277;278;280;282;283;284;287;288;289;290;294;295;297;298;303;304;305;306;308;309;311;312;313;314;315;317;318;319;322;323;324;327;328;330;334;335;338;339;344;347;351;353;354;355;356;358;361;363;364;367;370;372;373;375;376;380;381;383;384;385;386;387;393;394;395;397;398;402;406;409;411;413;416;417;418;422;423;426;428;429;435;436;437;439;441;442;443;444;446;449;450;452;453;456;457;458;459;460;464;467;470;476;482;484;487;491;494;495;496;497;498;502;504;505;506;507;508;510;512;515;517;518;520;521;523;525;526;527;529;530;531;535;536;537;539;545;546;547;548;552;555;556;557;558;559;561;566;570;572;574;575;578;579;581;582;585;586;588;589;590;593;594;595;596;597;601;605;606;608;609;611;612;614;615;616;618;619;621;622;626;627;628;632;633;634;635;636;643;647;649;653;655;660;662;664;665;666;667;672;675;679;681;682;683;684;691;692;693;697;700;701;702;705;706;707;708;713;716;717;723;724;725;726;729;730;731;732;733;734;740;742;744;746;747;749;751;752;753;755;758;759;760;761;762;763;765;766;768;769;775;777;779;780;781;785;786;787;788;789;790;792;797;799;805;807;808;809;812;813;815;817;819;820;821;822;823;825;827;828;829;831;835;836;837;840;841;844;845;846;848;851;852;853;855;858;859;860;861;864;865;871;873;874;876;877;878;879;881;882;886;887;889;890;891;893;894;895;897;898;899;900;902;903;905;907;910;911;913;914;916;918;921;923;925;926;928;929;931;933;935;936;939;940;943;944;945;946;948;949;950;952;954;955;957;959;961;963;964;965;966;967;969;970;976;977;979;981;982;983;984;985;986;989;990;991;992;993;995;997;999
653;2;4;5;6;9;10;12;13;16;18;21;22;24;28;29;31;37;43;45;47;51;53;55;57;62;63;64;67;68;70;71;72;73;74;76;77;79;82;83;84;85;86;88;89;92;94;98;99;100;101;102;103;104;105;108;110;112;113;114;115;116;118;121;123;126;127;128;130;131;134;135;136;139;140;141;144;147;148;151;152;153;154;157;158;159;160;163;166;167;170;175;176;177;179;184;186;188;189;190;194;196;197;198;201;202;203;205;206;208;210;211;212;214;215;216;217;218;219;222;223;224;226;228;229;230;231;232;233;235;236;238;239;240;242;247;248;249;252;253;257;260;269;270;272;274;278;279;281;282;283;284;285;286;287;288;290;291;292;294;295;296;298;299;300;302;303;304;307;308;309;311;312;313;314;316;321;322;323;326;327;328;330;331;332;335;336;337;339;340;341;342;344;348;349;353;354;356;361;369;373;375;378;381;387;388;390;392;393;394;397;398;400;404;411;413;414;416;417;418;419;421;422;423;426;428;430;432;433;434;436;439;443;444;448;450;451;453;454;455;459;463;465;466;468;471;472;473;477;479;480;483;484;485;487;488;498;510;512;513;515;517;518;524;525;529;533;534;538;539;542;547;548;549;551;553;555;558;559;560;563;565;566;567;569;573;576;580;583;584;585;590;591;596;600;605;610;611;612;613;617;619;620;621;622;625;628;629;631;632;633;635;636;637;640;641;642;643;645;648;649;650;652;654;655;656;657;658;662;664;666;668;670;671;675;677;680;681;682;683;684;686;687;689;690;693;695;698;699;702;703;709;710;711;715;717;718;719;720;724;726;730;731;741;743;747;749;751;753;755;756;757;759;761;763;768;771;772;773;774;775;776;782;783;784;787;788;791;795;799;801;802;804;806;807;814;815;818;823;824;827;829;833;834;835;838;839;841;848;850;851;853;855;856;858;859;862;864;865;867;870;871;872;879;881;882;884;885;886;887;889;890;892;893;894;897;899;900;904;908;910;911;913;914;916;917;918;920;921;922;923;924;925;927;928;931;932;934;937;938;940;941;943;944;946;947;949;951;953;954;956;961;964;969;970;971;973;977;978;980;983;984;985;986;987;989;991;992;994;996;997;998;999
654;3;4;11;12;13;14;16;18;23;24;25;26;27;30;32;33;34;37;38;40;42;43;45;46;48;49;53;54;55;59;60;61;62;63;64;66;69;71;72;73;75;78;79;84;85;86;87;88;89;90;91;92;93;95;98;101;104;105;106;108;112;113;114;115;117;120;121;122;123;124;126;127;129;130;133;134;135;136;137;143;144;145;146;147;151;152;153;155;156;161;164;165;169;170;171;173;175;176;177;178;179;181;185;187;188;189;190;197;201;203;204;205;208;211;212;218;219;220;221;222;223;226;228;231;232;233;238;241;243;244;245;247;254;255;258;261;262;263;264;265;269;270;271;273;275;277;278;279;280;281;282;283;286;288;290;294;295;300;301;302;303;304;305;306;308;311;312;314;315;319;323;328;329;330;332;337;338;339;341;343;345;347;348;349;350;351;353;358;360;362;364;365;368;370;371;372;374;375;379;380;381;383;384;388;390;393;395;396;398;399;400;401;402;403;404;405;406;408;409;410;412;413;415;417;418;421;422;423;424;426;428;432;433;435;436;437;439;440;441;443;445;447;448;450;452;453;454;457;459;460;461;462;463;465;469;470;472;473;476;480;481;482;483;486;490;492;493;497;498;499;503;504;505;506;507;508;511;512;520;521;525;526;527;529;532;534;537;538;540;541;543;545;546;549;550;552;554;558;563;567;570;575;576;577;579;580;583;587;590;592;595;596;597;600;601;602;603;607;610;612;618;622;626;627;628;629;630;631;633;634;636;640;641;643;647;648;649;650;651;653;656;657;658;660;663;666;668;670;671;672;675;676;677;678;680;681;683;685;686;688;689;694;696;697;699;700;701;703;704;705;707;708;712;714;715;716;717;718;722;724;726;728;730;731;732;735;738;739;740;746;750;753;755;756;757;758;760;761;764;770;772;773;779;780;787;793;794;795;796;797;799;801;803;805;806;807;815;817;820;824;825;828;830;831;832;833;834;836;837;842;849;851;852;855;856;858;860;863;864;866;868;869;871;872;873;874;876;878;879;880;881;884;885;888;889;892;895;896;898;899;900;901;902;906;907;908;909;911;912;913;915;916;917;920;921;922;923;924;928;930;933;934;935;936;938;940;943;944;945;947;951;952;953;955;962;964;967;969;970;974;975;977;979;982;984;987;988;989;993;994;998
655;1;2;4;8;10;11;12;13;17;19;21;22;23;25;26;28;29;31;32;33;36;40;41;43;45;46;49;50;51;52;53;56;57;59;60;62;65;66;68;72;73;74;75;76;80;85;87;88;89;90;91;92;94;98;100;102;105;106;108;111;118;119;121;123;124;125;127;129;132;133;134;138;141;142;143;144;149;150;151;154;155;156;157;160;161;162;164;165;167;170;173;174;176;177;178;182;183;187;188;194;196;197;198;199;202;204;206;207;208;209;210;211;212;221;227;228;229;231;234;236;240;242;244;248;249;250;253;254;255;257;261;263;268;269;270;273;274;275;276;278;281;282;283;284;285;286;287;289;290;291;292;293;295;298;301;304;305;308;310;311;312;313;319;320;321;322;327;328;329;331;332;333;334;336;339;341;342;343;344;345;346;347;348;350;351;352;353;354;355;357;358;359;361;362;363;365;366;367;369;372;375;376;378;381;384;389;390;394;395;396;398;400;401;404;406;407;409;410;412;415;417;420;425;428;433;435;436;437;438;442;443;445;454;455;456;459;460;462;464;465;468;469;471;472;473;475;476;477;479;484;490;491;493;494;497;500;502;503;505;506;507;508;510;511;513;514;515;516;517;518;520;524;525;528;529;531;533;536;538;540;541;542;545;546;548;549;551;556;557;563;564;567;569;570;574;578;582;585;587;593;598;599;604;608;610;611;614;615;616;618;619;620;622;623;624;625;626;632;633;634;638;641;642;643;644;645;648;649;651;652;653;658;659;660;661;662;664;665;667;668;672;674;676;677;679;682;686;688;690;692;694;695;700;704;705;708;710;711;712;714;725;727;728;731;732;735;736;737;738;740;741;743;744;745;746;750;752;753;756;757;759;760;762;763;766;768;769;770;772;773;775;776;777;778;779;780;783;784;786;789;790;792;797;798;804;806;807;810;815;816;817;819;821;826;829;830;831;832;833;836;838;839;840;842;844;845;846;847;848;849;850;851;852;856;857;858;859;862;865;867;869;870;871;872;873;874;876;877;878;879;880;881;884;886;894;896;899;901;906;907;909;911;912;916;918;919;920;922;925;932;933;934;938;940;944;945;948;949;950;952;953;954;957;958;959;961;964;969;970;974;976;977;978;980;981;982;987;988;990;992;994;996;997
656;1;3;4;6;7;9;10;11;12;13;14;16;17;18;19;23;26;27;31;32;35;38;39;43;45;49;50;51;54;56;58;64;68;70;71;72;74;78;80;85;86;90;92;93;100;103;104;106;107;110;114;118;122;124;125;126;127;129;130;131;133;135;139;140;145;149;150;151;152;156;157;158;159;161;166;167;170;172;173;175;179;184;187;188;189;191;192;193;200;201;203;204;209;210;211;212;213;214;215;218;222;224;226;228;229;231;232;233;235;236;237;238;240;247;248;251;252;254;255;258;259;260;263;265;267;268;269;272;273;274;276;277;279;283;285;287;288;289;291;292;296;297;299;300;303;304;307;310;311;313;315;317;318;319;326;328;333;340;343;346;347;348;354;355;359;363;365;367;368;371;374;376;377;378;380;382;388;389;390;391;393;395;396;398;402;403;405;410;416;419;421;422;425;426;428;430;433;434;437;438;443;444;445;448;449;452;453;454;455;457;461;467;470;471;472;474;476;479;480;481;485;489;492;497;498;500;501;503;507;509;510;511;513;514;515;516;517;519;521;522;526;527;528;529;530;532;533;538;540;545;546;549;559;560;561;563;564;565;568;571;572;573;577;578;581;583;585;587;589;593;596;597;598;599;600;602;605;606;607;608;610;612;616;617;618;619;622;629;632;634;635;638;639;640;641;642;647;648;649;650;653;654;658;659;661;664;666;667;668;669;670;671;672;675;679;681;683;685;686;687;689;691;692;693;697;698;700;707;709;711;713;718;720;721;722;724;725;729;730;733;734;736;739;742;743;745;746;752;755;757;761;764;766;768;771;772;775;776;778;779;780;781;782;784;785;786;792;796;801;802;804;805;807;808;810;811;815;816;817;819;824;826;828;830;831;835;836;838;839;840;842;844;847;848;850;852;854;860;863;864;865;868;869;872;873;875;876;877;879;880;881;882;883;884;885;891;892;895;898;899;900;901;903;907;911;912;914;915;916;917;919;920;923;925;926;927;928;929;930;931;932;939;940;943;946;951;953;954;957;959;962;963;964;966;967;972;973;974;976;978;980;981;983;985;987;990;991;993;994;996;997;998
657;1;2;4;5;6;7;9;18;21;22;23;24;25;27;28;30;31;36;40;42;45;46;48;49;50;54;56;57;58;60;67;69;70;72;77;78;80;93;95;97;98;100;101;102;103;104;105;106;107;108;110;111;114;115;117;119;120;121;123;124;127;128;130;132;133;135;136;140;141;143;145;148;149;151;153;154;155;157;158;159;160;161;162;169;170;171;172;173;175;178;179;181;182;185;186;191;197;203;204;206;207;208;209;211;212;213;214;215;216;222;223;224;227;228;231;233;234;238;240;242;246;250;256;258;260;261;262;263;264;267;268;269;271;274;276;277;279;280;287;288;291;294;299;300;305;314;315;316;319;322;324;326;327;328;329;331;332;333;334;335;336;340;343;344;346;351;357;358;361;364;366;368;369;370;371;372;374;376;380;381;384;386;388;390;395;396;398;399;400;401;402;403;404;405;406;408;409;410;418;422;423;424;427;428;431;432;437;441;442;444;451;457;458;459;460;462;464;468;469;472;473;476;478;484;487;489;491;493;494;497;499;500;504;506;514;515;520;522;523;526;533;535;536;537;539;542;543;546;547;551;552;553;556;560;564;565;568;569;571;574;575;577;579;580;581;582;583;585;586;587;588;589;592;593;595;596;597;598;599;600;601;603;605;606;607;610;611;612;613;614;616;617;621;623;627;628;630;633;635;639;640;643;644;646;647;649;650;653;654;658;659;663;664;665;666;668;669;672;680;681;682;684;686;688;689;690;691;695;697;698;699;708;711;712;715;716;717;718;720;721;725;726;727;729;730;734;738;741;742;746;748;749;750;753;754;756;758;760;761;767;768;769;771;772;776;777;780;782;784;785;786;787;788;789;791;792;793;797;798;800;806;807;808;809;812;813;814;816;819;824;825;827;829;831;834;835;836;837;839;841;845;846;847;852;855;856;858;859;861;862;865;866;867;868;870;872;873;874;876;878;879;880;881;884;885;888;889;893;895;896;897;900;901;903;905;906;908;911;913;914;916;919;921;924;925;926;932;933;934;935;937;938;939;941;942;943;944;946;948;950;951;952;953;954;956;958;960;961;963;964;966;967;968;972;973;976;977;978;984;986;987;988;992;993;995;1000
658;2;3;4;6;11;12;13;15;17;19;20;21;22;23;24;25;26;28;29;33;37;39;41;42;44;45;47;48;50;51;52;54;56;57;63;66;68;72;73;74;77;79;81;82;84;86;89;94;96;100;102;104;106;107;109;110;111;113;116;118;119;124;125;131;134;135;136;137;140;142;144;145;146;147;148;149;150;151;152;158;161;164;166;167;168;170;171;175;177;182;184;189;191;194;196;197;199;202;205;211;212;213;214;215;216;218;219;220;221;224;225;227;229;231;233;235;236;238;239;243;244;246;248;249;252;253;255;258;259;261;262;264;266;269;270;272;274;275;277;278;280;281;284;285;286;288;292;297;298;299;300;302;304;306;309;310;311;314;316;317;322;326;329;331;336;337;338;340;343;348;349;352;355;358;359;360;370;371;372;375;378;380;381;382;384;385;388;389;391;395;397;398;400;401;402;403;405;406;408;410;411;413;417;419;421;422;423;424;425;429;430;434;436;438;443;444;447;448;449;450;453;454;455;456;457;458;460;461;463;465;467;470;472;477;480;484;487;488;493;498;500;502;503;506;507;508;509;511;514;516;518;521;524;528;531;532;537;539;541;543;544;545;546;547;548;549;556;557;558;559;560;561;562;564;565;567;568;570;572;575;576;577;579;583;586;589;590;591;592;593;594;595;596;597;599;600;606;607;608;612;613;614;616;617;618;619;620;623;624;629;632;635;636;637;638;641;645;649;650;651;653;654;655;656;657;659;660;661;665;667;671;672;676;681;683;688;689;692;694;696;697;698;700;702;704;708;709;712;715;717;719;720;724;726;727;729;731;733;734;735;737;739;745;750;752;753;754;756;760;761;764;765;766;768;770;773;774;778;781;782;783;784;788;789;791;793;795;796;799;800;801;803;809;811;813;814;815;818;820;821;822;823;825;830;834;836;839;840;842;843;844;845;846;847;850;851;857;858;859;860;863;865;866;867;868;869;870;871;874;878;879;880;881;882;885;888;890;892;895;896;898;900;903;905;907;919;925;928;930;932;935;938;939;941;942;943;944;946;948;952;953;954;956;958;960;962;964;965;967;968;969;970;971;972;974;976;977;978;980;987;988;990;992;993;997;998;999
659;4;6;9;10;11;13;15;16;23;28;30;31;34;35;37;39;40;44;47;49;51;54;56;57;62;63;64;67;68;70;72;75;78;79;80;81;83;92;95;96;97;98;99;101;103;105;106;108;109;110;113;115;116;117;122;123;125;130;131;134;136;140;141;142;143;148;149;152;153;155;156;159;160;162;163;166;169;173;176;177;180;181;184;185;186;188;191;197;202;203;207;208;210;213;216;217;218;223;225;228;229;230;231;232;233;234;235;236;237;242;243;244;247;252;253;254;255;257;258;259;261;264;265;266;269;270;276;277;278;280;282;285;287;291;292;294;296;297;298;303;306;308;310;311;312;313;315;317;319;323;325;326;327;328;329;330;333;336;339;340;341;342;343;344;345;347;348;350;352;355;356;360;361;362;366;368;370;376;377;378;380;382;384;386;387;388;394;397;398;399;401;402;403;404;405;406;407;409;411;412;413;414;415;416;417;418;420;425;427;429;433;434;435;436;438;439;440;441;443;444;446;451;455;458;460;464;465;468;469;470;471;472;479;480;481;485;487;489;490;492;496;499;500;501;504;505;506;509;511;512;514;515;518;519;520;521;523;524;526;527;528;530;531;532;533;534;535;537;538;540;541;542;548;551;554;555;556;557;558;560;561;562;564;566;570;572;573;574;575;578;581;582;584;586;587;592;593;594;595;597;599;600;601;602;603;605;607;609;610;611;612;614;619;620;624;625;628;629;634;638;639;641;643;646;647;648;650;655;656;657;658;662;663;664;665;670;674;676;677;678;679;683;684;686;688;691;692;693;694;698;699;701;702;707;710;711;712;713;714;715;716;717;721;724;726;728;729;734;737;740;742;744;747;749;750;751;752;754;759;760;761;762;763;764;767;768;771;772;774;775;777;779;782;784;785;786;787;790;793;794;795;796;803;804;805;806;809;810;811;812;813;815;817;820;822;823;824;827;828;829;830;835;836;839;840;841;842;843;844;845;846;847;849;851;853;854;856;857;858;860;864;865;866;867;868;872;874;875;876;878;881;885;886;888;889;890;892;895;896;898;900;901;904;905;908;910;911;912;913;915;920;921;925;926;930;931;932;934;935;937;938;941;942;944;945;949;950;952;953;954;957;958;959;960;962;966;967;969;971;972;973;974;975;976;977;978;979;980;981;983;985;986;991;997;998
660;2;5;6;10;19;20;21;22;23;26;27;28;29;31;33;34;35;36;37;43;46;47;55;57;58;59;61;62;63;69;70;72;73;74;75;76;81;86;88;92;96;100;101;102;104;108;110;113;114;115;116;117;118;120;121;127;128;136;137;139;141;142;143;144;146;147;151;153;154;159;163;164;166;170;171;172;173;176;177;179;182;185;189;190;196;199;203;204;205;208;209;212;214;217;218;219;222;225;226;228;230;231;232;233;234;235;236;239;240;242;243;244;246;247;248;253;255;258;260;262;263;265;266;267;270;271;272;273;274;275;282;284;285;286;287;288;289;291;298;300;301;304;306;308;311;312;313;314;315;317;320;325;330;335;338;340;341;345;347;350;351;354;355;358;361;362;368;369;371;373;374;375;376;377;382;385;387;390;394;396;399;403;405;407;408;409;411;412;414;417;419;420;422;425;427;433;434;435;437;443;447;449;450;451;453;454;458;459;460;461;462;466;470;471;472;473;474;476;477;479;482;485;487;488;489;491;493;494;503;506;507;509;512;515;518;519;520;521;522;525;526;527;528;529;530;531;533;535;536;537;540;546;549;550;551;554;557;560;561;563;564;565;569;571;573;579;580;581;582;583;587;589;592;593;594;596;599;607;608;611;612;614;615;618;619;620;622;623;624;627;631;636;638;640;642;643;644;645;646;649;650;652;654;655;658;661;662;666;667;668;669;671;673;681;682;683;684;686;687;688;690;691;692;694;699;700;701;710;714;715;717;721;723;725;726;727;731;732;737;738;743;744;747;752;756;757;759;761;762;763;765;766;768;769;770;771;775;776;777;778;779;780;782;784;785;786;788;789;790;794;795;798;799;801;804;805;810;814;815;816;819;820;824;827;830;834;836;839;840;842;845;846;847;848;851;852;855;856;857;858;862;864;870;871;873;874;875;878;879;880;882;883;884;886;887;888;889;892;893;894;895;896;897;898;899;902;906;909;911;913;914;915;916;918;919;921;922;925;928;931;934;935;937;938;939;940;945;946;950;951;953;956;958;959;961;962;963;964;965;968;970;971;972;975;976;977;978;980;981;982;984;985;986;987;990;991;993;996;997;998;999;1000
661;1;4;5;7;11;12;13;16;17;19;24;25;26;28;29;30;32;34;35;36;45;50;55;57;59;62;65;69;72;73;74;76;79;80;81;82;85;87;88;92;97;98;100;103;105;106;108;109;111;112;113;114;116;117;118;121;122;124;125;130;131;136;137;140;141;144;147;148;149;152;154;158;159;163;166;167;169;170;171;173;175;176;177;178;185;186;187;191;192;193;195;196;199;200;202;204;205;206;207;208;209;211;212;213;215;217;218;223;225;227;228;229;233;234;243;244;247;248;250;251;252;254;256;257;258;259;265;267;268;270;271;272;274;278;279;282;283;284;285;286;290;299;300;302;306;307;309;310;311;312;316;319;320;321;323;325;326;329;330;331;333;334;337;339;340;341;342;344;345;347;351;353;354;356;358;359;360;361;362;363;364;367;368;370;371;373;375;376;380;381;383;384;387;388;390;393;394;395;396;397;399;401;403;404;406;407;412;417;419;422;424;426;430;433;434;436;437;438;439;442;446;447;450;452;453;455;456;458;463;464;465;466;468;469;471;476;478;479;480;481;483;485;487;489;490;494;497;500;506;508;510;512;518;520;526;528;529;530;531;532;535;541;545;546;547;548;550;556;557;559;560;562;564;567;570;571;572;573;575;576;577;578;582;586;590;591;594;595;597;598;599;601;604;607;613;614;616;619;621;624;626;627;629;632;633;635;636;637;638;639;640;642;643;644;645;646;647;649;650;651;655;656;658;660;663;665;667;669;670;671;673;675;678;679;680;682;684;686;687;688;692;693;694;695;696;700;703;704;706;709;710;711;712;713;714;717;718;725;726;729;736;738;739;741;742;743;745;746;749;750;752;753;754;755;756;758;761;762;765;767;769;772;774;775;778;779;785;787;789;790;792;793;794;795;796;799;801;802;804;806;807;811;814;818;821;829;830;831;832;834;838;840;841;845;848;850;851;852;855;856;857;858;862;864;865;868;872;880;884;888;890;893;895;896;897;902;906;907;910;914;916;917;920;922;923;927;928;931;932;933;935;937;938;939;940;942;945;946;947;949;950;952;953;955;959;961;962;963;968;971;976;978;979;982;983;984;986;987;988;995;996;997;999;1000
662;1;4;5;8;9;15;16;18;20;21;23;24;26;27;29;30;32;35;37;38;39;40;41;42;44;45;47;48;49;50;53;54;55;60;62;66;72;74;75;76;80;81;87;91;95;96;99;102;103;105;106;109;111;112;114;118;119;120;123;125;127;130;135;136;138;142;143;146;150;152;153;159;162;163;164;166;167;169;171;173;175;177;182;183;184;187;192;193;194;199;200;201;202;204;207;209;210;212;213;217;221;223;225;228;232;236;239;241;245;247;250;251;255;256;258;259;260;263;265;266;267;268;272;274;275;277;278;280;282;283;284;285;287;288;290;292;295;298;299;300;302;305;306;307;308;309;314;315;318;320;323;326;327;329;333;334;337;338;339;340;341;342;343;345;353;355;357;359;360;366;367;368;369;370;371;372;373;376;377;379;380;381;385;386;388;391;392;393;394;395;396;397;398;399;404;405;407;409;410;411;413;414;415;420;421;422;425;428;429;430;432;433;434;435;437;438;442;446;447;448;452;453;455;456;460;462;463;466;470;475;476;480;481;483;485;488;490;491;492;494;496;498;499;500;501;502;503;505;506;507;509;510;515;516;517;518;519;521;522;523;524;527;529;530;532;533;534;536;537;538;541;543;544;545;547;548;549;550;552;553;555;556;557;559;560;561;562;564;570;571;572;573;574;576;577;579;580;581;582;583;585;588;589;592;593;595;597;602;604;605;606;608;610;612;613;614;616;619;620;621;622;627;631;635;636;637;638;643;645;646;647;649;651;652;653;655;659;660;664;665;666;670;672;680;683;686;687;688;690;691;693;697;700;701;703;705;707;708;710;711;712;715;717;718;720;723;724;725;726;729;731;732;734;736;742;745;747;750;751;753;754;756;759;761;762;763;765;766;768;769;772;774;776;777;780;781;783;784;785;786;787;788;789;790;791;792;793;794;796;798;800;802;803;806;809;810;811;812;817;818;819;820;821;822;829;830;832;836;837;838;841;842;847;851;852;853;855;857;858;860;862;863;868;869;870;871;873;874;875;876;879;882;886;888;889;894;895;896;901;902;903;904;905;906;909;911;912;914;915;917;918;919;922;924;931;932;933;934;939;941;944;945;947;948;949;950;951;952;954;955;956;958;962;963;964;966;967;968;969;970;971;972;973;975;977;979;981;986;987;988;989;990;992;994;995;996;997;999;1000
663;1;6;7;8;9;11;12;15;16;18;19;22;26;29;30;35;38;39;40;41;42;43;44;45;46;47;50;54;55;56;57;58;61;63;66;70;74;82;83;84;85;86;89;90;92;93;97;100;101;102;107;108;109;110;112;115;119;120;121;123;125;130;131;132;133;134;136;138;141;142;143;144;147;148;150;156;157;162;163;166;167;169;171;172;173;175;177;178;179;183;185;187;188;190;192;197;198;199;203;205;208;209;210;211;214;216;217;218;220;221;222;224;227;228;229;231;235;236;238;239;241;242;244;245;246;247;248;250;252;253;254;255;256;257;259;260;261;263;264;270;271;273;274;275;276;277;278;287;288;290;291;295;296;298;299;300;301;302;305;307;309;312;313;318;319;322;323;324;331;333;334;337;339;340;341;342;344;345;346;347;348;350;353;357;358;359;362;363;365;367;368;369;372;374;375;377;378;379;380;384;389;392;398;400;401;403;404;405;407;408;410;411;413;415;417;422;424;425;427;428;429;432;434;435;436;437;438;441;442;443;444;445;446;447;448;449;450;451;452;454;455;456;458;466;468;469;470;471;474;475;476;477;478;479;482;483;484;486;488;490;491;492;493;498;499;501;506;508;511;512;513;519;520;521;523;525;527;528;532;533;534;535;536;539;540;541;542;543;544;547;548;552;553;554;558;559;562;565;566;569;572;576;577;580;581;584;585;586;590;591;593;594;596;597;600;601;604;605;607;613;615;616;618;619;620;621;622;623;624;625;626;627;631;632;633;634;635;636;637;638;640;646;647;648;650;654;657;659;661;664;665;666;668;672;674;675;676;677;681;683;684;686;688;690;693;694;695;700;702;703;710;712;714;718;719;720;721;722;723;724;725;726;728;735;741;742;743;745;748;751;754;762;763;765;767;769;770;771;773;775;776;778;779;780;785;787;789;790;791;792;793;794;796;799;801;803;804;806;807;808;809;810;812;813;814;816;818;819;820;823;825;827;831;832;833;838;840;843;849;850;852;853;855;856;860;862;864;866;867;869;871;872;874;877;878;880;883;884;885;887;888;889;891;892;894;895;896;897;898;901;902;904;905;908;910;911;912;913;914;915;920;922;928;929;934;937;939;943;944;945;947;950;952;955;958;959;960;961;963;967;968;970;973;974;976;978;981;985;986;988;989;990;991;992;993;995;996;998
664;1;2;3;4;5;6;7;12;18;22;23;28;29;34;35;39;40;45;46;47;49;50;52;53;54;55;58;62;63;64;65;67;68;71;74;75;76;78;79;86;87;89;92;96;101;102;103;108;109;110;112;113;117;122;124;127;131;132;133;135;137;140;142;146;147;148;154;155;159;161;162;164;168;169;170;173;174;179;187;188;189;192;194;200;205;206;207;209;211;212;213;214;218;223;224;225;226;227;228;230;231;232;233;234;237;240;242;244;248;253;254;256;257;261;266;267;268;270;271;273;276;279;281;283;284;285;286;289;290;292;294;296;298;299;302;304;305;307;309;314;316;317;319;320;322;324;325;327;330;331;333;336;339;341;343;344;345;346;347;348;349;350;352;353;354;355;358;359;361;363;365;366;367;369;370;371;375;377;379;381;382;383;384;388;390;391;392;394;395;396;399;402;404;405;407;408;410;413;415;417;424;425;426;427;430;431;432;433;435;443;444;446;447;448;451;452;454;456;457;459;460;463;464;467;468;471;473;474;477;479;481;484;485;488;491;494;495;498;499;500;505;506;508;511;514;516;517;518;519;521;526;527;528;531;533;534;535;538;539;540;541;542;547;549;550;551;553;554;557;558;560;564;565;568;570;571;572;573;576;580;582;584;585;588;589;593;595;596;597;598;601;602;606;607;608;610;612;616;617;619;620;622;624;625;628;629;630;632;633;635;637;639;640;641;644;646;647;648;649;652;653;655;656;657;659;662;663;665;666;668;670;671;673;675;676;677;679;680;682;685;686;688;689;690;694;696;697;698;699;700;703;706;711;714;717;719;720;721;724;727;729;730;731;733;734;740;741;742;743;744;745;747;748;750;751;752;753;757;759;760;762;763;764;766;768;774;775;776;778;783;786;787;789;792;794;799;805;807;808;809;810;811;819;821;822;824;830;836;837;839;840;842;844;846;847;848;854;856;857;858;859;860;862;868;871;873;874;875;878;880;881;882;885;888;890;893;894;896;897;898;899;903;905;906;907;913;914;916;917;921;922;924;929;933;935;936;938;940;942;943;945;947;949;951;952;953;954;955;957;958;959;962;964;965;968;969;970;972;973;974;975;977;978;979;981;982;990;995
665;1;4;5;7;8;10;15;17;20;21;22;23;24;25;27;28;31;32;34;36;37;39;40;43;45;46;49;50;53;54;58;59;62;66;67;69;70;71;74;75;78;80;81;82;83;89;90;92;95;96;99;105;112;115;117;118;119;120;121;124;127;129;131;134;136;144;145;147;148;150;152;153;157;160;162;166;168;169;170;173;174;178;180;182;185;188;189;190;191;192;195;197;200;201;202;205;206;208;209;212;213;214;215;217;220;222;223;225;227;228;235;236;239;240;241;242;245;246;248;250;251;252;256;258;260;261;263;265;267;268;271;276;278;279;280;285;286;287;289;292;298;299;303;304;306;307;308;312;313;315;317;320;321;324;328;329;332;335;336;337;341;342;346;347;349;351;355;357;359;363;365;368;369;373;374;376;377;378;379;380;381;384;385;386;387;388;389;390;393;395;398;402;403;404;407;409;414;418;420;422;423;425;426;431;435;438;439;441;442;445;448;450;454;457;459;463;464;467;468;469;471;472;475;476;478;479;483;484;486;487;489;490;493;494;495;497;499;500;501;502;503;504;505;507;509;511;512;515;516;520;522;523;525;527;528;529;530;531;533;534;536;538;539;540;541;542;543;547;551;552;554;555;560;563;564;567;570;572;574;579;580;582;584;585;586;587;590;592;593;595;597;600;602;604;605;608;609;610;611;612;613;614;615;616;624;628;630;631;633;634;635;640;644;645;646;651;652;655;657;658;659;661;662;663;664;666;667;668;669;674;675;677;678;680;681;682;683;685;686;687;688;690;691;693;694;695;698;703;705;706;714;716;718;720;721;723;725;726;727;729;730;731;733;734;735;738;739;742;745;748;750;751;752;753;756;758;759;763;766;768;770;772;774;776;778;779;780;781;783;785;786;788;789;790;791;792;793;794;795;796;797;803;804;807;808;812;813;816;819;820;821;825;830;831;832;833;834;835;839;841;842;845;849;854;856;857;858;860;861;862;863;864;869;870;873;874;875;877;879;880;882;883;887;890;892;894;895;896;899;900;901;902;910;911;913;915;916;917;918;922;923;924;925;928;929;930;935;936;938;939;940;942;943;944;947;948;949;950;951;955;957;958;959;960;961;962;964;967;968;972;975;976;977;979;981;988;989;990;994;996;997;999
666;1;3;8;10;11;18;19;20;21;24;25;28;29;31;34;36;37;38;40;41;45;47;48;50;52;53;54;55;56;58;59;60;62;63;64;67;70;72;75;76;80;81;82;84;85;86;89;95;97;100;101;102;103;106;109;110;113;114;122;123;124;127;128;129;130;131;132;137;140;142;144;145;148;149;152;154;157;159;161;166;168;169;173;175;178;182;185;187;188;189;191;193;194;195;196;197;204;206;208;213;216;217;218;219;220;221;222;223;224;226;229;231;234;238;239;241;242;243;245;246;247;248;249;250;252;254;255;256;258;260;261;264;266;270;271;274;277;278;279;280;284;285;287;288;290;291;293;296;302;303;309;311;318;319;320;321;322;323;325;329;331;332;336;339;340;341;343;344;350;351;352;353;354;356;358;359;360;361;362;363;367;368;371;372;374;378;379;380;381;383;384;385;386;388;389;391;395;396;400;401;403;406;408;410;411;412;414;417;418;419;420;421;422;426;427;428;430;431;432;439;440;441;443;444;445;446;447;449;452;453;454;457;458;460;461;463;466;467;469;473;474;475;480;481;483;484;485;486;489;492;494;497;500;502;503;504;509;512;514;518;519;520;522;523;525;526;527;528;529;533;534;535;542;543;544;545;549;552;554;555;557;559;560;561;562;564;567;568;569;572;573;575;576;579;582;584;586;589;592;593;599;602;603;607;608;610;611;612;613;614;616;617;618;619;620;621;623;625;628;629;631;632;634;635;637;640;641;645;648;651;652;653;654;656;657;660;662;663;664;665;667;669;672;673;674;676;677;678;683;684;685;691;692;695;697;698;699;702;705;706;709;710;712;713;714;716;717;719;720;730;732;736;739;744;746;748;749;750;751;752;756;760;761;762;763;764;766;767;768;769;773;775;777;778;779;780;785;786;787;788;789;792;795;796;800;802;805;807;809;810;812;819;821;822;824;828;832;834;835;839;840;841;843;844;848;851;853;857;858;860;861;864;865;866;867;868;869;870;872;876;877;879;880;881;882;883;885;888;890;893;895;896;898;900;903;906;912;913;915;916;917;920;921;922;924;925;927;928;929;933;934;935;936;940;943;946;947;948;949;951;954;958;960;962;963;966;967;968;970;972;973;974;976;977;980;983;986;988;993;994;995;996;997;999;1000
667;1;4;5;6;7;8;9;12;14;15;16;21;24;25;26;27;29;30;33;37;38;39;40;41;42;45;49;51;52;55;57;58;59;61;63;65;66;68;69;72;74;75;76;78;81;85;89;90;91;92;93;94;99;103;104;105;106;109;110;112;114;116;119;120;121;122;124;126;130;132;134;135;136;139;141;142;143;144;147;148;149;153;154;155;156;157;159;160;163;164;166;167;170;171;172;174;178;179;180;184;185;189;190;191;192;194;197;202;205;206;209;210;212;213;215;217;222;223;227;228;232;233;234;235;236;237;238;240;241;243;246;247;248;249;250;251;252;254;255;256;258;266;268;271;273;274;276;278;282;283;285;287;288;289;290;291;295;296;299;300;301;303;304;305;307;312;317;318;319;321;323;325;326;327;329;330;333;335;337;345;347;349;350;354;355;358;360;361;362;364;365;366;367;369;370;372;374;376;378;380;381;382;383;384;386;389;391;392;394;398;404;407;408;409;411;413;415;416;417;418;419;424;425;426;428;429;431;435;436;440;442;443;444;445;447;448;449;450;452;453;456;457;461;463;465;467;469;473;474;475;479;480;481;485;490;491;493;494;495;497;500;501;505;506;507;509;511;512;513;514;516;520;521;523;527;528;529;530;533;534;535;538;541;543;544;545;547;549;553;554;559;561;563;567;568;570;571;572;573;574;575;579;580;581;582;583;587;588;589;594;595;596;597;598;602;606;609;613;615;617;618;619;622;624;625;629;630;634;635;636;637;639;640;643;645;646;647;648;649;650;651;652;655;656;658;660;661;665;666;669;670;671;673;674;675;677;678;680;684;686;693;695;696;697;699;700;703;704;706;707;709;710;711;712;713;715;717;720;722;723;726;727;728;729;730;731;734;736;738;740;744;745;747;749;753;756;757;762;763;764;765;767;768;772;773;775;777;779;780;781;782;786;788;791;793;795;799;800;802;803;805;807;811;812;816;819;821;823;824;825;831;833;834;835;837;838;839;840;842;843;845;846;847;852;853;856;857;858;860;862;865;868;869;871;872;873;875;877;880;882;883;884;887;890;893;895;898;899;900;902;906;909;910;913;914;916;918;919;921;922;925;926;928;929;931;932;933;934;935;942;943;944;946;949;951;952;953;955;956;960;963;965;968;969;970;971;972;973;975;976;979;981;985;987;989;991;993;997;998;1000
668;3;4;5;10;11;12;13;15;16;17;19;20;21;22;23;24;25;26;27;28;30;36;40;41;43;45;46;48;55;57;58;59;63;65;66;68;69;75;77;79;80;82;83;84;85;86;87;90;91;94;95;96;98;99;100;101;109;110;113;114;116;117;118;121;123;126;127;130;131;133;134;137;139;143;145;147;148;149;151;153;154;155;156;157;160;161;162;163;169;171;172;180;181;183;184;186;187;192;193;194;195;197;198;200;203;205;207;208;209;211;212;213;218;220;221;222;229;232;238;242;244;246;247;250;252;253;255;256;258;259;260;261;262;264;266;270;276;280;288;291;292;293;294;295;298;299;301;303;305;308;311;312;317;318;320;321;322;325;327;328;329;330;331;333;337;338;341;346;347;349;353;356;357;359;360;361;362;364;370;372;374;375;378;379;382;384;385;386;387;388;393;394;400;401;402;403;404;408;414;418;419;421;422;423;424;426;427;433;434;435;439;440;442;443;445;448;449;452;453;455;456;457;458;461;463;464;465;466;467;469;470;471;477;478;481;482;483;484;485;487;488;492;495;496;500;501;502;504;509;510;511;515;517;519;522;526;528;530;531;532;533;536;539;541;543;544;546;547;549;553;554;555;557;558;560;564;565;567;568;569;572;573;574;577;578;579;580;582;587;588;589;590;591;596;597;598;599;601;602;604;606;607;611;613;615;617;618;620;622;625;627;633;637;638;639;640;642;643;644;647;648;649;650;651;653;654;655;656;657;660;663;664;665;669;671;672;673;677;679;681;682;684;688;692;693;694;695;696;699;703;704;705;706;707;708;709;710;716;717;721;725;726;727;728;729;732;733;734;738;740;742;747;749;750;753;754;755;756;759;765;767;769;770;771;772;773;774;778;779;780;781;783;784;785;786;790;791;792;794;795;796;800;803;804;805;806;808;810;812;813;815;816;817;818;820;821;822;824;825;833;835;838;840;841;842;843;844;845;850;855;856;858;861;862;863;864;865;867;868;869;870;873;876;877;880;881;890;891;893;895;896;897;900;901;902;903;904;905;906;907;911;913;914;915;919;926;928;929;930;932;934;938;941;943;944;945;951;953;956;960;961;962;963;964;974;979;980;982;983;985;986;987;988;989;992;993;997;998;1000
669;1;2;3;4;6;8;10;17;18;20;22;25;26;27;28;29;30;32;33;34;35;36;39;40;41;43;49;50;51;53;55;59;61;63;65;66;68;69;70;73;74;75;77;78;79;80;81;82;86;88;89;90;91;93;96;97;98;101;102;103;104;105;106;107;114;115;116;119;120;123;124;126;127;132;136;138;139;140;141;142;143;144;145;146;154;155;156;157;160;163;166;173;175;176;177;183;184;185;186;187;188;189;190;192;193;195;196;201;205;207;208;209;213;214;215;218;220;222;224;226;227;228;229;232;234;236;237;240;241;245;249;254;255;257;258;259;260;262;263;265;268;269;270;271;273;277;278;279;280;285;286;287;291;292;294;295;296;297;298;299;300;301;304;305;306;308;309;312;314;316;317;319;320;321;323;324;325;326;330;331;332;337;339;340;341;342;343;347;349;350;351;352;353;354;358;359;370;371;372;373;374;376;377;379;380;383;384;386;387;389;390;392;394;399;400;404;405;407;412;415;416;417;420;422;427;428;430;436;438;440;442;446;447;448;450;452;455;456;457;458;459;460;462;463;464;465;466;467;471;474;477;479;481;486;488;491;498;501;504;505;509;511;513;514;516;517;518;519;523;527;529;531;532;533;535;537;538;541;543;545;547;548;551;552;559;560;561;563;565;566;568;569;573;577;579;580;581;582;583;588;589;591;592;595;596;599;600;601;604;605;609;612;616;619;620;621;623;624;628;631;634;636;637;638;642;643;648;649;650;651;656;657;660;661;665;666;667;668;671;675;676;679;682;683;684;687;688;690;691;693;694;696;700;701;702;706;707;709;711;712;714;715;716;717;724;725;726;727;729;730;731;733;734;736;737;738;739;742;743;744;745;746;747;748;749;753;755;761;765;767;774;777;781;782;785;786;788;789;790;791;793;794;795;797;798;800;804;807;808;810;811;813;815;816;820;821;824;828;831;832;833;835;842;845;846;849;851;853;857;861;864;866;868;869;870;871;873;874;876;877;880;882;883;884;886;889;891;893;894;897;899;901;903;904;906;907;909;912;913;914;915;916;919;920;921;922;929;931;933;935;938;940;942;946;957;958;960;961;963;964;967;970;971;972;973;975;978;982;983;984;985;986;989;992;993;994;996;997;999;1000
670;3;7;9;10;11;12;17;19;21;23;24;25;29;30;33;34;36;37;39;40;41;42;45;46;47;53;57;58;59;60;61;62;64;66;68;69;70;71;72;73;74;77;78;79;80;81;83;88;89;90;93;95;96;99;102;103;104;106;107;109;110;111;112;113;114;115;117;122;123;124;129;131;132;134;136;137;139;140;141;144;147;149;150;151;152;153;156;160;164;165;166;167;172;177;178;180;184;185;187;196;197;199;201;205;208;209;212;213;216;217;218;220;222;223;225;226;227;228;230;235;238;239;240;243;244;246;247;250;251;254;257;261;262;263;266;269;271;275;276;277;278;282;283;288;289;290;292;293;294;295;296;301;302;304;307;308;310;311;312;313;314;315;316;317;319;323;324;329;330;333;335;336;337;338;339;340;347;348;349;353;357;358;360;363;369;370;375;380;381;382;385;390;394;398;399;404;410;411;412;414;416;417;418;419;420;424;426;427;428;431;433;434;436;437;440;442;443;444;445;448;449;450;455;456;458;459;462;463;465;467;469;472;473;474;475;478;482;483;484;485;489;490;491;492;493;494;495;496;498;500;501;505;506;507;510;512;513;514;515;516;517;518;519;521;524;525;527;530;531;532;533;534;536;538;539;540;541;542;545;546;550;551;556;559;560;562;563;564;565;566;567;570;571;573;575;576;580;581;582;583;584;585;586;589;590;594;595;596;598;600;601;602;605;609;612;613;614;615;619;623;625;628;630;631;632;634;635;636;639;642;644;645;647;648;650;653;654;656;659;661;662;664;667;676;677;680;681;683;686;691;692;693;694;695;697;698;701;702;703;705;707;708;709;710;711;712;714;717;724;732;733;738;740;742;743;745;746;748;755;756;758;761;764;765;769;775;778;779;783;785;786;790;795;796;797;799;800;802;808;809;813;814;816;819;821;822;825;826;828;829;830;831;833;837;840;846;847;848;850;852;856;857;860;861;862;863;869;870;871;876;881;882;885;889;891;893;894;895;896;899;902;909;910;911;917;919;923;926;927;928;934;935;936;938;939;940;945;946;954;955;956;958;959;960;961;962;964;965;966;969;970;972;974;975;977;978;981;982;985;987;988;991;992;993;1000
671;3;5;6;7;9;10;12;13;14;17;20;22;23;24;29;30;34;35;38;40;41;43;48;50;55;58;59;62;63;64;66;68;70;75;76;77;78;79;80;81;82;83;87;89;93;94;95;96;98;100;101;103;104;105;108;109;110;112;114;116;117;120;122;124;130;132;133;134;135;136;137;139;140;141;143;145;146;147;152;155;156;157;159;161;163;168;174;175;177;178;182;183;184;185;191;192;195;198;201;203;207;209;210;211;213;214;215;216;218;220;221;222;224;225;227;232;237;238;239;240;241;242;244;245;250;251;255;257;258;259;260;261;264;266;267;268;269;270;273;275;277;280;281;284;285;286;287;288;293;296;297;298;299;300;301;304;307;310;313;315;317;318;319;321;322;325;326;329;332;334;336;337;339;343;345;348;352;353;354;357;360;361;365;367;368;370;371;373;376;379;382;385;386;387;388;389;390;391;393;399;401;402;403;406;408;409;411;412;414;416;418;421;422;423;426;427;430;432;433;434;435;436;438;439;441;448;449;450;453;456;457;458;460;461;462;463;464;465;467;468;469;475;479;481;482;484;487;489;493;494;495;497;499;501;507;508;509;510;511;516;517;518;521;525;526;531;532;533;534;535;539;540;541;543;545;546;548;549;550;554;556;557;558;560;561;565;566;569;570;571;572;573;574;575;576;577;582;583;584;588;590;592;593;594;595;600;605;607;610;611;612;613;615;616;617;621;622;625;626;627;630;634;637;642;645;646;650;651;653;654;656;658;660;661;664;667;668;669;672;673;674;676;678;679;680;681;682;685;687;688;690;692;693;694;696;697;698;699;701;702;703;706;707;708;712;715;716;719;720;723;726;727;730;731;732;733;735;736;737;740;742;745;746;747;751;752;753;756;757;764;766;767;768;771;773;777;779;783;786;788;790;791;793;794;796;797;798;799;800;801;802;807;808;810;811;814;817;819;822;823;824;825;828;829;834;835;836;837;840;841;842;844;847;848;849;850;851;854;856;857;858;859;860;862;864;867;869;874;877;880;883;885;886;889;893;898;899;900;902;903;904;905;907;909;911;913;916;924;925;927;928;929;930;934;935;937;939;941;943;944;945;946;947;949;950;956;957;959;960;961;966;967;969;970;971;972;973;974;976;978;979;981;983;986;987;988;990;991;992;993;995;996;997;998;999
672;3;5;7;8;9;10;12;17;19;21;22;23;24;25;26;27;28;29;32;33;34;35;39;41;42;43;46;48;49;50;55;57;60;61;64;67;68;70;75;76;79;80;82;85;87;88;90;91;92;93;95;96;100;101;103;105;107;108;111;113;114;115;117;118;120;122;124;126;128;130;133;134;137;138;139;141;142;143;145;146;147;148;150;151;152;153;155;157;159;162;164;165;166;167;172;174;175;176;177;178;179;180;181;182;183;188;191;192;193;194;196;197;199;200;201;204;206;208;209;210;211;214;215;217;218;221;223;224;228;230;232;233;236;238;239;242;246;250;251;252;255;256;257;258;259;261;262;264;266;267;272;273;281;282;284;286;289;290;291;292;294;295;296;297;305;307;308;310;311;312;313;314;315;316;318;319;330;331;333;334;335;336;337;339;340;342;346;348;349;351;352;357;360;361;363;366;367;369;375;376;378;380;382;383;385;386;389;391;392;395;397;398;399;401;403;405;407;408;411;416;419;420;421;422;423;424;426;429;430;431;432;433;435;436;438;440;441;447;450;457;461;463;464;466;467;468;471;482;483;485;489;491;492;495;496;497;499;500;504;507;508;509;512;516;523;524;525;527;529;530;531;534;535;536;537;540;544;546;552;553;555;558;559;561;562;566;567;571;578;579;580;581;582;584;585;590;592;593;595;597;598;599;603;606;607;611;612;617;619;622;625;627;628;631;632;633;638;640;643;644;646;651;652;654;655;656;657;658;662;663;666;668;671;673;674;675;678;686;695;696;697;701;704;705;709;711;713;715;718;721;722;723;725;726;728;729;730;733;734;735;736;737;738;739;742;743;746;748;750;752;754;757;758;765;766;768;769;770;773;776;777;778;781;783;786;789;790;792;793;794;795;797;798;799;803;804;805;807;811;813;814;819;821;824;827;828;829;830;834;836;837;838;839;841;844;845;847;848;849;850;854;856;857;858;860;862;866;869;870;871;874;876;877;878;879;880;881;883;884;888;889;891;892;893;895;898;902;904;905;906;907;908;911;912;915;916;918;921;922;923;927;929;930;934;935;937;938;940;944;945;949;951;954;955;956;957;962;964;966;971;974;975;983;986;987;989;991;993;1000
673;5;6;7;8;9;10;13;14;17;20;21;23;25;27;30;31;34;35;36;37;39;41;43;45;47;48;49;50;51;54;55;59;60;61;64;65;68;69;72;73;77;78;79;83;86;87;88;89;94;95;96;97;98;100;101;104;109;113;114;115;117;118;119;122;123;124;130;132;134;136;137;138;139;146;148;150;151;153;154;155;157;158;159;161;163;166;168;170;171;175;176;177;180;181;184;186;187;188;190;191;193;197;198;200;201;202;203;204;206;207;208;209;215;216;217;218;219;220;222;223;227;231;236;240;242;243;248;249;250;256;257;258;260;261;265;268;270;272;273;274;275;277;278;279;281;282;283;284;286;294;295;296;298;299;300;301;302;304;305;306;308;309;311;313;314;315;316;319;320;323;324;325;326;329;330;331;333;334;336;337;338;340;342;343;344;349;350;351;352;353;354;355;359;360;362;366;368;369;370;372;373;375;376;377;378;379;381;382;388;389;391;393;397;398;399;404;405;408;410;411;416;417;421;424;425;429;430;431;432;434;439;440;441;443;445;446;448;449;451;452;459;462;463;464;465;466;468;471;473;475;476;478;480;482;483;484;486;487;491;494;495;496;497;498;500;501;504;505;507;508;512;514;515;516;519;520;521;524;528;529;531;534;535;540;544;545;546;550;556;558;559;561;569;570;571;572;575;580;581;583;584;585;588;589;590;592;596;598;600;601;603;606;607;608;609;610;614;615;616;618;619;624;625;627;628;630;632;634;635;636;638;644;645;646;648;649;650;651;660;661;664;666;667;668;671;672;675;680;681;683;685;687;692;693;697;698;699;707;709;711;712;717;718;719;720;721;725;726;727;728;729;731;732;733;734;737;738;740;741;742;747;750;751;752;753;754;755;757;758;761;762;764;765;766;768;770;771;777;778;780;782;783;784;785;786;788;789;794;796;798;799;800;801;804;807;808;811;813;816;826;828;831;832;834;837;838;844;845;847;851;852;854;859;860;862;868;870;872;876;878;882;883;884;885;886;887;888;889;893;895;896;899;902;905;913;914;915;917;919;921;926;927;928;929;930;935;937;938;939;940;941;943;946;947;948;949;951;952;953;954;955;957;959;960;961;964;965;966;967;970;976;977;978;980;981;983;986;989;992;993;998
674;2;3;10;11;12;14;16;19;20;21;24;25;27;28;30;32;34;35;36;38;39;40;43;45;48;50;53;58;60;64;65;66;69;71;72;75;79;80;83;86;88;89;90;91;92;94;95;98;99;101;102;104;105;106;107;108;109;112;113;114;116;118;119;124;125;129;131;134;135;136;137;138;139;141;142;143;144;145;146;148;149;151;153;156;158;160;163;164;165;168;169;174;178;179;182;187;191;192;197;198;202;203;205;206;209;211;212;213;214;216;217;218;219;222;225;230;232;234;240;242;245;248;249;250;253;257;261;264;265;267;270;271;277;278;282;284;289;290;291;294;295;298;300;301;303;304;305;306;307;309;311;312;316;318;319;320;321;323;324;325;326;331;333;335;336;339;344;346;350;354;358;359;363;365;367;371;372;375;376;378;379;381;383;388;389;390;391;392;395;396;400;403;405;406;407;408;411;412;415;417;420;421;422;424;429;431;433;435;436;437;439;440;442;443;444;445;446;448;450;451;453;455;456;457;458;459;460;462;464;465;466;467;468;470;472;474;475;477;479;480;483;487;491;492;497;498;501;507;510;512;513;515;516;517;526;528;530;531;536;537;538;539;540;547;548;551;554;556;557;558;559;560;561;564;566;567;572;573;574;575;577;578;584;586;587;588;590;592;593;595;596;600;601;603;604;606;607;610;612;616;617;619;623;625;626;627;628;630;633;634;636;637;641;643;645;647;650;655;659;663;665;666;667;671;672;680;682;684;685;687;690;693;694;695;696;698;699;700;701;704;705;706;707;711;713;717;718;720;721;724;726;727;728;730;733;736;739;742;748;749;751;752;755;757;761;763;765;766;767;768;771;772;773;774;775;776;782;783;785;787;788;789;790;791;794;797;798;800;801;802;803;806;807;810;811;813;814;815;816;818;819;821;824;828;829;830;832;836;837;838;840;841;845;846;848;849;853;854;856;857;858;860;861;864;868;870;872;874;876;877;879;881;884;885;886;887;888;889;892;895;896;897;900;903;905;906;909;910;911;912;914;915;923;926;928;929;930;935;936;938;942;944;945;952;953;957;958;962;964;965;968;970;972;973;974;976;977;980;985;987;989;991;992;994;995;997;998
675;4;5;7;8;9;12;13;15;16;19;20;23;24;27;28;31;35;36;37;38;39;40;44;46;47;50;52;55;62;63;65;66;70;71;75;77;78;79;80;82;83;84;86;88;90;92;93;94;95;98;99;101;105;109;111;112;115;117;121;123;124;125;126;129;130;131;134;136;137;138;139;141;142;143;146;148;150;152;153;155;156;157;159;163;164;168;170;171;172;175;176;180;183;184;185;186;187;188;189;195;196;197;198;199;201;202;203;205;207;212;213;214;217;219;222;224;225;228;229;232;233;234;235;237;240;242;243;244;250;251;255;256;260;262;266;267;268;273;277;280;281;283;285;288;293;295;296;298;301;303;304;305;306;307;310;311;314;315;317;318;319;321;325;328;333;336;337;338;339;340;347;348;354;356;359;361;362;364;365;366;369;370;371;374;375;377;378;379;381;384;386;388;391;395;399;400;402;403;404;405;407;408;413;416;418;421;422;423;426;428;433;437;440;444;445;454;455;456;460;461;463;465;466;467;469;473;477;479;482;484;486;487;489;492;495;496;498;499;500;502;504;505;508;509;511;514;516;521;522;524;528;530;531;532;533;534;535;536;539;545;550;552;554;555;557;558;561;563;564;566;570;573;574;578;582;583;585;587;591;592;597;601;607;610;612;614;615;616;617;619;620;626;627;630;631;633;635;636;640;641;642;644;648;650;652;653;654;656;661;663;664;665;667;669;672;673;676;680;681;683;684;685;686;687;688;689;690;692;694;695;697;700;701;702;703;705;707;709;710;711;717;719;724;733;735;737;738;740;746;748;750;752;753;754;755;757;759;760;762;764;765;766;768;769;770;774;775;776;777;778;779;782;784;785;786;787;789;790;791;793;795;798;799;800;802;807;808;809;810;812;813;814;815;819;822;823;824;829;830;831;837;839;840;844;845;846;847;848;851;852;854;856;858;862;864;868;869;871;873;874;876;877;879;880;881;883;884;885;887;890;894;897;900;904;906;907;911;912;913;915;916;918;923;924;929;932;933;937;941;942;943;945;946;947;952;955;957;960;963;966;967;969;970;971;972;973;976;977;980;981;982;986;988;989;991;992;993;995;996;998
676;1;2;3;4;7;11;12;13;18;20;22;24;26;27;28;29;31;33;34;36;38;39;44;45;46;47;48;49;50;52;53;54;59;60;61;63;65;68;70;71;72;73;75;76;77;79;80;81;84;85;88;89;90;91;95;104;108;109;113;117;119;120;121;122;125;127;129;132;133;139;140;141;142;144;146;147;149;153;154;155;157;159;161;163;165;166;167;168;169;171;173;174;178;180;182;183;186;187;188;190;194;195;196;201;202;205;206;207;210;212;214;215;218;222;224;227;229;232;234;240;241;244;245;246;247;248;251;253;254;255;256;258;261;262;264;266;268;269;272;273;275;278;279;280;283;284;286;287;288;289;290;292;297;299;305;306;307;308;309;311;313;316;318;319;321;324;326;331;332;337;338;339;343;344;345;348;349;350;353;354;355;358;361;362;364;365;367;368;372;374;375;376;377;381;383;384;388;389;390;391;392;396;401;405;410;411;412;414;415;416;417;421;422;423;425;426;428;430;431;433;437;438;440;443;447;448;452;453;455;456;462;464;466;468;471;474;475;477;478;480;481;482;483;488;490;491;492;494;497;498;500;501;502;503;506;508;509;511;512;514;516;519;520;521;527;528;531;532;535;536;537;538;540;541;542;543;544;546;549;551;552;554;555;558;559;560;562;563;565;567;571;574;576;577;578;581;582;584;585;586;587;588;589;590;592;595;596;598;599;602;605;607;608;609;612;613;617;618;620;622;624;625;626;630;632;634;639;640;644;645;647;648;650;654;655;658;659;663;664;666;669;670;671;675;678;679;681;682;685;686;689;690;694;695;697;698;700;702;707;708;710;711;713;715;718;722;724;727;728;729;730;734;735;740;741;742;743;748;749;755;760;762;764;765;768;769;771;774;777;781;783;784;785;787;788;789;791;794;795;800;801;802;803;805;806;807;808;810;811;813;815;819;820;821;822;823;824;825;830;831;832;833;835;837;838;839;842;843;845;846;847;849;850;851;852;853;859;864;865;867;868;871;872;873;878;879;881;882;891;893;895;898;900;905;906;909;910;912;915;916;918;919;922;923;928;932;933;936;939;940;944;947;950;951;952;953;954;955;956;960;964;965;966;967;969;981;982;983;986;987;994;995;996;999;1000
677;1;2;4;7;9;10;11;12;16;17;18;19;20;22;23;27;28;29;30;31;33;34;35;38;39;40;42;43;44;45;47;48;50;52;53;54;56;57;58;62;63;65;68;69;70;71;74;75;78;80;82;84;85;86;91;94;96;97;98;99;100;101;102;107;108;109;114;115;116;117;118;120;124;125;126;127;128;130;131;132;133;137;140;144;145;147;149;151;153;155;156;159;160;161;165;168;172;173;174;175;176;177;181;182;183;184;185;186;188;190;191;194;197;198;203;204;205;206;209;210;212;213;216;223;225;227;234;235;236;237;238;241;243;245;251;252;254;256;257;261;262;265;266;267;270;272;274;276;277;278;280;282;283;285;286;287;290;291;293;295;297;302;304;310;311;313;317;318;320;324;325;328;329;330;331;332;338;340;342;343;345;348;349;351;352;353;355;356;358;359;361;362;363;364;365;366;367;368;371;374;375;376;378;381;382;383;384;386;389;390;391;392;393;394;397;399;400;401;402;403;404;405;410;411;412;415;416;418;420;421;422;423;426;427;428;431;432;437;439;441;442;445;450;451;452;453;455;458;460;461;462;464;465;466;468;470;471;473;474;476;477;481;483;485;486;490;491;493;496;498;503;504;507;508;509;510;514;515;517;518;521;522;523;525;526;531;533;534;535;536;538;540;545;546;548;549;550;552;555;556;558;561;562;569;571;573;574;580;589;590;591;594;596;598;599;602;607;612;613;614;616;617;619;620;621;623;628;630;633;634;636;639;640;642;644;645;646;647;648;651;653;654;655;659;663;664;665;666;667;668;670;680;681;682;687;690;693;694;696;697;702;705;709;710;711;712;715;716;723;724;726;728;729;730;734;735;737;738;739;740;741;742;743;746;747;748;749;750;751;756;757;759;760;761;763;764;770;773;775;777;779;781;783;784;786;793;796;799;800;806;807;814;821;823;824;830;831;834;837;839;840;843;848;850;851;853;855;857;858;861;862;863;864;865;871;872;873;875;877;878;879;880;881;882;887;889;890;894;896;898;904;908;909;910;911;912;914;917;918;921;923;924;926;928;930;931;932;934;935;936;937;938;941;943;948;950;954;955;957;958;959;964;966;967;968;971;972;977;983;990;992;994;997;998;1000
678;2;3;5;7;9;11;12;13;15;17;18;23;25;29;31;32;34;37;38;40;42;43;44;45;46;50;51;53;54;55;59;60;63;64;69;70;71;72;76;77;78;81;82;83;91;95;98;99;102;104;106;108;109;110;112;113;115;116;118;119;122;125;126;128;132;133;136;137;140;142;143;144;146;147;149;152;153;154;156;157;158;159;162;163;166;167;168;170;171;177;179;182;184;185;187;188;189;191;192;196;197;198;199;200;201;202;203;204;205;209;210;211;212;213;214;215;216;217;220;223;228;230;232;233;236;238;240;241;243;247;249;250;255;258;259;260;261;263;265;266;268;269;274;275;276;277;278;279;283;285;286;288;290;292;293;295;299;304;307;309;313;318;321;323;325;327;329;330;331;335;337;342;343;346;347;350;351;352;353;355;356;358;360;362;365;366;367;368;369;370;371;381;383;385;386;387;390;394;396;397;398;399;400;402;403;407;408;410;411;415;416;417;418;420;421;422;426;427;430;432;438;439;441;444;448;451;452;453;454;457;460;461;462;463;465;466;469;470;471;472;473;474;476;480;481;482;485;486;495;498;502;506;507;509;510;511;512;514;515;517;521;525;526;527;531;532;533;536;537;539;540;542;544;545;546;550;554;555;556;561;562;563;566;570;572;573;574;576;578;579;581;582;583;584;586;589;590;592;593;594;599;600;601;602;603;604;605;606;607;609;611;612;616;617;622;623;624;625;627;629;630;633;636;637;638;639;640;643;645;646;647;649;651;654;659;661;665;666;667;671;672;676;679;680;682;685;686;687;688;689;690;692;694;695;697;699;700;701;707;708;711;713;715;719;723;726;728;729;730;734;737;738;739;743;744;745;746;747;750;751;753;756;758;760;762;763;764;765;768;770;771;775;776;778;781;783;784;787;790;791;792;795;800;805;807;808;809;814;817;818;819;823;825;828;829;832;834;835;836;837;839;841;842;843;844;845;847;848;849;850;851;852;856;859;860;861;862;863;868;870;871;872;873;875;876;880;881;882;884;886;888;889;890;891;892;894;896;897;903;907;911;915;917;918;922;926;927;929;931;933;934;937;943;944;945;953;954;955;956;957;961;964;965;968;970;971;974;976;977;978;979;981;982;984;985;986;988
679;1;4;5;7;11;12;13;14;16;17;23;25;26;27;28;29;30;31;32;34;38;39;44;50;53;58;60;61;65;67;69;71;72;73;77;78;79;80;82;84;86;88;89;90;95;96;99;100;101;104;106;107;108;110;113;117;118;119;122;124;126;128;131;132;134;142;145;148;149;150;152;153;156;157;158;163;164;167;169;170;173;175;178;181;182;183;184;185;186;188;194;195;196;198;199;201;202;203;205;207;208;209;218;221;222;223;224;226;228;230;231;232;233;234;235;240;241;242;248;250;251;252;254;255;257;258;259;262;265;266;268;269;270;271;272;275;276;278;279;280;281;284;286;291;293;301;302;306;307;310;311;312;313;314;315;316;317;321;323;325;327;328;330;331;338;339;340;342;344;345;347;348;351;355;356;359;360;361;362;363;364;366;371;372;376;377;380;381;383;387;388;402;404;405;406;407;410;411;414;415;416;417;421;425;428;430;433;435;437;438;440;442;444;447;450;451;452;453;454;457;462;463;467;469;470;472;474;476;481;482;485;486;487;488;489;490;493;494;496;497;498;500;501;503;504;507;511;514;520;522;524;526;528;529;533;535;537;538;539;540;541;544;546;547;549;554;556;557;558;560;562;563;566;567;568;569;570;571;572;576;578;580;585;588;592;593;598;599;600;604;605;608;609;610;612;613;619;620;624;625;627;628;629;630;634;639;640;641;643;650;651;652;655;656;659;661;664;668;669;671;676;678;680;681;683;684;685;686;688;689;690;691;692;694;695;697;698;699;701;705;708;710;712;714;716;717;718;723;724;725;727;728;730;736;738;740;741;742;743;744;745;748;751;752;753;754;755;757;758;761;762;763;764;766;767;768;769;770;772;776;778;779;780;781;786;787;788;789;790;791;792;797;800;802;803;804;807;814;818;819;820;823;824;827;828;833;835;837;839;841;843;845;846;849;850;851;852;854;855;859;862;864;866;867;871;875;876;879;880;881;882;883;886;891;892;893;894;895;896;897;898;899;900;901;902;904;905;906;908;909;911;913;915;916;918;920;925;932;933;936;937;938;939;940;942;943;945;946;948;951;952;954;955;957;961;963;964;967;973;974;975;977;978;979;980;986;989;992;995;996;997;998
680;4;5;13;15;16;21;22;26;27;33;34;35;36;42;44;46;49;50;51;52;55;57;59;60;61;62;63;66;69;70;72;73;75;77;79;80;81;83;84;85;87;88;89;92;98;99;102;103;106;108;109;113;114;115;116;117;118;122;129;130;132;133;135;137;138;140;142;143;145;147;148;155;156;158;160;161;163;164;165;166;167;169;172;175;176;179;180;181;183;186;188;191;192;196;197;198;199;200;203;205;207;212;213;223;224;225;229;231;233;236;238;240;241;243;245;246;250;252;254;255;256;257;259;261;263;264;265;267;268;270;272;275;278;279;280;284;287;293;294;299;301;303;306;309;311;312;313;315;320;321;322;326;327;330;331;332;333;334;335;336;338;339;341;342;343;344;345;346;348;350;353;354;356;357;361;365;366;370;371;375;376;377;385;386;388;389;390;392;395;396;399;402;407;409;410;411;413;423;424;425;427;428;429;432;437;439;440;442;443;447;449;450;454;456;459;461;462;463;467;468;472;475;478;480;481;485;491;494;497;498;500;501;503;504;506;507;509;512;515;516;518;519;520;521;522;523;524;525;526;527;528;531;536;537;539;540;541;546;547;548;549;550;553;562;566;568;569;571;573;575;578;579;584;590;593;596;597;599;601;603;605;610;613;614;615;619;621;623;624;627;628;629;630;631;632;634;636;637;639;640;642;645;649;651;653;654;657;661;662;664;665;667;670;671;673;674;675;677;678;679;681;682;683;684;685;687;688;694;695;696;697;698;701;703;705;707;710;711;712;714;715;716;717;718;720;721;729;735;737;738;740;745;754;756;760;762;764;765;766;769;772;773;774;778;781;783;784;785;786;787;788;793;794;796;798;799;800;801;803;805;806;807;808;810;813;816;817;820;821;823;827;833;835;838;840;843;844;846;847;848;850;852;855;856;857;859;861;862;863;864;865;866;867;868;870;871;875;876;878;881;882;883;884;885;886;888;889;892;895;898;900;901;903;904;905;908;911;913;915;916;917;921;925;927;928;930;934;935;936;940;944;945;946;947;949;950;951;952;954;956;958;959;961;963;966;969;971;972;974;976;978;981;984;986;987;990;991;992;993;994;996;998;1000
681;1;2;4;7;8;9;10;14;15;18;20;21;23;24;25;28;29;30;31;32;33;37;39;40;42;43;47;50;54;55;59;61;62;66;67;68;69;70;71;73;74;76;79;80;81;82;84;85;87;88;89;91;93;95;96;99;101;102;103;104;106;110;111;113;114;116;117;118;119;123;124;125;126;128;129;131;135;136;137;139;140;142;143;145;146;149;151;152;153;155;158;161;165;166;169;172;173;174;175;177;178;181;182;183;186;188;189;192;196;199;200;205;207;208;209;210;214;216;218;221;222;225;226;227;228;230;233;234;237;238;239;240;241;242;243;244;245;246;247;248;249;250;251;252;253;254;263;265;267;270;276;278;280;281;282;284;285;287;288;291;293;295;296;298;300;301;302;311;313;314;316;320;322;323;325;326;327;328;330;338;339;341;344;345;346;348;349;350;351;353;356;358;359;360;362;363;365;369;370;372;373;374;375;376;377;380;381;383;384;387;393;395;396;399;401;402;405;406;407;410;411;413;416;418;419;421;424;425;428;436;437;441;442;445;447;451;452;453;454;455;459;461;462;463;464;467;468;469;470;471;474;477;479;480;481;483;486;490;495;498;504;505;507;508;509;510;511;517;518;525;528;529;530;532;534;537;538;539;541;543;545;546;547;548;550;551;554;556;557;561;562;563;566;567;569;571;573;574;576;577;579;583;585;586;587;591;592;593;600;601;603;604;605;607;609;611;612;620;622;623;625;626;627;628;630;631;634;640;641;645;646;649;650;651;652;653;654;656;657;658;660;663;665;668;670;671;673;675;676;677;679;680;683;684;686;689;692;693;694;695;696;697;699;701;703;704;706;708;709;710;712;713;716;717;718;719;720;721;722;724;726;728;730;732;734;735;736;741;742;744;753;754;755;756;758;759;763;764;765;767;768;771;775;778;779;780;785;790;791;792;793;794;795;798;799;800;802;804;808;814;815;816;817;818;820;822;824;825;827;828;829;831;833;836;839;841;842;843;845;849;850;851;852;854;857;859;862;863;865;867;868;870;871;872;876;877;879;880;881;882;883;886;889;894;896;898;901;902;904;906;910;913;914;916;917;918;922;925;926;927;929;931;932;933;934;935;936;937;944;946;947;951;952;954;956;957;958;959;960;966;967;968;973;974;975;979;985;986;988;991;992;993;996;997
682;1;3;4;7;8;9;10;11;12;13;18;19;21;22;23;29;32;37;38;40;42;43;46;47;49;52;53;54;58;65;67;68;70;72;74;78;80;81;83;84;85;88;89;93;94;97;100;104;106;107;111;114;116;124;125;126;129;130;131;132;134;136;139;142;143;145;147;149;150;151;152;153;154;155;157;158;160;161;162;163;165;167;172;174;175;177;179;180;181;182;183;187;189;191;192;193;194;195;199;200;202;205;208;211;212;215;218;220;221;224;225;227;230;232;233;234;237;238;240;241;242;248;249;250;251;254;255;257;259;260;261;262;264;266;267;268;269;272;273;275;276;278;279;281;282;283;285;286;289;290;291;292;295;296;299;301;306;307;308;309;312;313;315;317;320;321;324;326;327;329;331;332;335;336;338;339;344;348;349;350;351;352;353;357;358;359;360;362;363;365;366;370;372;374;375;376;377;379;380;382;384;385;386;388;390;391;392;395;398;399;404;406;413;416;417;422;423;426;428;429;430;432;435;436;437;439;443;447;449;452;454;455;456;457;460;464;465;467;468;473;477;480;482;487;488;491;492;493;494;495;499;505;509;510;511;514;517;518;521;523;526;530;531;533;534;535;539;541;542;544;548;549;553;555;556;562;564;567;570;571;572;574;576;578;579;580;583;584;586;587;588;591;595;597;599;601;602;606;607;608;609;610;613;618;619;621;623;625;626;627;632;635;637;638;639;643;647;652;653;655;657;660;661;664;665;668;669;671;674;676;677;678;680;683;686;687;690;691;692;697;698;702;703;704;705;706;707;713;714;716;719;721;722;724;725;726;729;730;732;734;736;738;739;740;743;748;749;751;754;755;758;759;763;765;766;770;771;772;773;776;778;779;780;781;782;786;787;789;791;792;793;794;796;797;798;799;800;803;805;808;812;813;816;818;819;820;821;823;824;826;828;831;832;834;836;838;840;841;844;845;847;848;850;851;852;853;854;857;858;860;861;863;864;868;869;871;874;876;880;882;885;888;890;892;893;894;900;902;903;904;905;906;907;908;911;914;917;918;919;920;922;923;925;926;927;930;934;937;940;941;942;944;945;947;949;950;954;955;956;957;959;960;963;965;966;972;977;978;979;981;983;984;988;993;994;1000
683;1;2;3;4;7;10;13;14;15;16;17;18;21;23;27;28;30;31;32;33;36;37;43;46;47;50;55;56;58;59;63;64;65;67;68;69;70;73;74;78;79;80;83;84;85;87;89;91;92;97;98;99;101;103;107;108;110;111;113;114;115;116;117;118;120;121;122;128;133;135;137;138;140;141;142;143;144;147;150;151;152;157;159;160;161;165;166;167;171;172;174;175;176;177;178;179;180;181;182;183;184;186;189;190;191;192;193;194;196;201;202;204;205;207;208;210;211;213;215;217;220;221;223;225;228;229;230;231;233;235;236;239;242;245;246;250;251;253;257;258;260;264;265;267;270;272;273;274;276;277;279;280;282;284;285;286;287;288;289;290;295;296;297;298;300;301;302;303;304;306;308;310;317;321;322;324;328;329;332;334;335;336;339;341;345;346;347;348;352;353;354;355;356;358;359;360;362;364;365;367;368;369;370;371;375;376;377;378;380;384;388;389;390;395;397;398;399;402;403;404;405;408;411;412;413;414;417;418;419;420;421;424;425;426;427;428;432;433;435;436;437;438;439;440;441;442;444;449;451;452;454;460;461;464;465;466;469;472;473;476;477;481;482;483;484;486;489;490;491;492;493;495;496;498;503;504;505;506;507;509;511;512;513;514;515;516;521;522;528;529;530;532;533;535;539;540;541;543;548;549;550;553;554;560;561;562;564;566;568;571;575;576;578;580;585;587;589;591;592;594;596;598;599;600;602;604;605;607;608;610;612;613;615;616;621;623;624;625;626;627;630;631;635;636;637;638;640;641;644;646;649;652;653;654;656;658;659;660;662;663;665;666;669;670;673;675;679;680;681;682;684;685;686;688;689;690;691;693;694;696;698;700;702;703;705;707;710;711;713;714;716;717;727;728;733;737;738;740;741;742;743;744;747;749;750;751;754;755;757;758;763;769;770;773;775;777;780;782;783;787;790;791;794;797;798;801;802;803;804;805;806;807;808;812;814;816;818;822;823;824;825;832;834;838;840;846;849;850;851;853;854;856;858;859;867;868;869;871;872;873;875;876;877;878;879;880;881;884;886;887;888;890;891;893;894;896;897;898;903;912;915;916;919;921;923;924;926;938;941;942;945;949;950;951;952;956;957;958;960;961;962;965;967;968;969;970;973;978;979;981;982;984;986;988;990;993;994;995;996;999;1000
684;1;3;4;5;6;8;9;10;14;19;20;22;23;30;31;33;35;37;41;45;46;47;49;51;52;53;55;56;61;64;67;70;71;72;73;74;75;77;78;79;88;91;94;99;101;102;106;107;110;112;113;116;117;119;120;121;122;123;124;128;132;135;140;141;142;143;147;150;151;152;155;157;158;159;160;161;164;165;167;168;170;171;175;177;178;180;182;183;185;186;187;189;192;193;196;198;199;200;202;204;205;206;207;215;216;217;218;219;220;221;222;224;226;227;229;230;231;232;234;238;241;244;248;249;251;252;255;257;261;264;266;268;269;270;275;276;280;282;285;286;299;302;303;305;310;311;312;314;317;318;319;320;321;323;324;326;329;330;331;333;334;336;337;339;340;343;346;347;348;355;358;368;371;372;375;378;380;382;383;385;386;388;389;390;394;395;397;400;401;402;407;410;415;416;417;419;420;421;422;425;426;428;429;430;432;433;434;435;437;438;440;441;444;447;449;450;455;463;464;465;466;469;471;472;473;474;476;477;480;481;482;483;485;487;488;489;491;492;493;494;495;497;498;499;500;502;505;506;507;508;509;515;517;519;520;521;523;525;527;532;533;535;536;538;539;540;542;543;545;547;548;549;551;552;558;559;560;562;563;566;567;568;569;572;575;585;586;587;589;591;597;599;600;602;604;605;606;608;610;612;613;614;615;617;618;619;621;627;628;631;633;634;635;639;641;642;648;649;651;652;653;657;659;660;661;663;666;667;668;669;674;675;679;680;681;683;686;689;690;691;693;695;697;698;700;702;706;708;709;711;714;715;718;722;723;725;726;732;735;737;740;741;746;748;750;754;756;757;758;760;761;763;764;765;766;767;768;769;770;771;774;775;776;777;778;780;781;782;787;788;790;791;793;794;795;797;799;801;802;804;805;813;816;817;824;827;830;832;835;837;839;844;846;848;849;850;851;853;854;859;860;861;862;866;867;868;870;871;873;877;879;880;881;890;891;894;896;897;901;902;903;907;909;910;911;912;914;916;917;918;921;924;925;926;928;930;931;933;934;939;942;946;949;951;952;955;956;957;958;959;960;961;962;963;965;966;968;970;971;972;974;975;977;978;979;981;982;985;986;987;990;991;994;997;998
685;3;6;10;11;12;13;14;15;17;18;19;22;23;25;32;34;36;38;39;40;41;42;43;45;46;47;51;53;56;57;62;63;64;66;70;71;72;77;79;82;83;84;85;87;88;92;93;94;99;101;102;107;109;110;112;114;115;118;120;123;124;126;130;131;132;135;137;139;140;144;149;150;151;154;155;157;161;162;163;165;166;167;169;170;172;173;175;177;178;179;180;182;184;186;188;191;192;196;197;198;201;206;207;209;211;213;214;215;216;217;218;219;222;226;228;229;231;232;233;239;240;241;244;245;246;248;249;251;254;256;258;259;264;266;267;273;274;275;276;279;281;283;286;287;289;291;292;294;295;296;297;298;300;301;303;304;307;309;310;311;312;313;317;318;319;320;323;325;326;327;328;329;331;332;334;336;339;340;345;347;352;353;354;356;360;361;362;363;365;366;367;368;372;376;377;379;381;382;387;388;389;390;392;393;394;396;397;398;400;402;404;405;406;409;411;412;413;415;416;417;419;420;422;424;426;427;428;429;436;438;439;442;444;446;447;450;451;452;454;456;457;458;459;460;462;463;464;467;469;470;471;472;473;475;477;480;481;485;486;489;490;492;493;494;496;497;499;501;508;512;513;518;519;521;526;528;529;530;531;532;535;537;538;539;540;542;545;551;553;554;557;558;559;564;565;567;570;573;574;575;579;580;581;582;583;585;589;591;593;594;595;596;597;598;599;600;602;604;611;612;613;614;625;627;630;631;638;639;642;643;644;648;649;654;656;664;665;666;671;673;674;675;676;678;679;680;683;686;687;689;690;691;693;695;696;697;698;699;703;704;707;709;710;711;713;719;721;722;724;729;731;732;733;734;735;736;737;738;740;742;743;744;747;749;751;752;755;756;757;760;761;763;764;765;766;767;770;773;774;777;778;780;781;783;788;789;792;793;794;797;798;800;802;804;808;809;810;816;818;821;824;825;826;827;836;838;839;840;842;844;845;847;848;850;851;857;859;862;863;864;865;869;870;872;876;877;879;880;881;882;883;884;890;891;892;893;894;895;897;904;906;908;912;913;916;918;919;923;925;927;928;931;933;936;942;943;946;947;948;952;955;957;958;959;960;961;962;965;966;967;970;972;974;975;976;978;979;980;982;984;988;989;990;993;995;997
686;1;5;6;9;11;12;15;18;23;24;25;26;28;29;32;37;40;41;42;44;48;49;55;56;60;61;62;64;68;69;70;71;73;75;76;77;78;79;84;85;86;94;95;96;101;103;106;113;116;117;118;122;123;124;132;133;137;138;141;143;145;146;148;150;151;153;158;163;166;168;170;172;173;174;175;178;180;182;183;184;185;186;187;190;193;197;201;202;203;204;205;209;210;214;217;218;220;223;227;228;229;230;231;234;236;238;241;242;244;245;246;247;248;249;250;252;256;260;262;264;265;266;267;269;270;271;273;278;281;285;287;288;289;290;292;293;296;298;299;300;305;306;307;308;309;310;312;313;315;317;321;323;324;325;326;328;329;330;334;336;340;342;347;350;351;352;354;358;359;360;361;362;363;364;367;370;375;376;380;383;385;387;388;389;390;392;393;395;397;400;401;402;406;407;408;409;410;411;416;417;419;420;421;423;424;425;427;429;432;433;434;437;438;443;444;446;447;449;454;455;456;458;460;462;464;465;469;470;472;473;474;478;479;480;481;482;486;492;494;496;497;502;503;506;507;508;509;516;517;518;521;522;523;528;531;534;536;537;540;541;542;544;545;546;549;550;551;553;554;556;558;560;561;564;565;566;568;569;571;577;578;579;580;582;584;585;589;590;594;595;596;599;600;602;603;605;606;607;608;610;616;619;621;622;625;628;633;635;636;637;640;641;645;646;647;648;649;651;653;654;655;656;657;659;660;661;662;663;664;665;667;670;672;675;676;678;679;681;682;683;684;685;687;689;690;691;692;693;694;697;700;701;702;703;706;710;711;715;716;717;720;721;722;723;726;728;730;732;733;734;739;746;747;748;749;751;752;753;755;757;759;761;763;773;774;777;781;784;785;791;793;795;796;797;798;802;806;809;810;811;817;818;819;820;821;825;826;828;829;832;833;834;835;842;844;845;846;847;854;855;857;858;859;861;862;863;865;866;868;869;870;871;875;876;878;881;883;887;890;895;905;906;907;908;912;914;920;922;923;924;925;927;928;931;935;943;944;947;948;949;950;951;954;955;956;957;958;963;965;966;969;970;972;973;974;978;980;984;986;987;988;989;992;995;997;998;999;1000
687;1;3;5;6;7;9;13;14;17;18;22;24;25;26;28;31;32;35;40;41;43;44;46;49;51;53;54;56;57;59;62;63;64;66;67;68;69;70;72;74;75;76;77;78;82;84;85;87;89;94;95;97;98;99;100;102;104;105;106;107;109;112;118;120;123;124;125;126;129;130;132;133;134;135;136;139;140;143;144;146;147;148;149;151;159;160;161;163;164;167;170;171;173;177;178;180;182;184;185;187;189;191;192;194;195;198;199;200;203;206;211;214;216;217;218;219;220;221;223;230;232;235;236;237;241;243;244;246;247;250;253;259;261;262;265;266;267;269;270;272;274;275;277;278;279;282;283;285;287;288;289;290;294;295;296;298;302;303;304;307;311;312;316;317;319;323;324;326;327;328;329;330;331;333;335;339;340;343;344;345;347;348;351;352;354;355;357;358;360;361;364;365;367;368;371;372;375;377;381;382;385;386;390;391;392;393;394;396;397;399;401;403;405;411;414;415;417;419;420;421;424;428;429;430;431;432;433;436;437;439;441;442;445;447;448;449;451;452;454;460;461;462;463;464;468;469;474;481;482;483;485;487;490;492;493;497;499;500;501;503;506;507;508;514;520;521;523;527;528;537;538;542;543;544;546;548;549;550;551;553;555;556;558;559;561;563;564;565;566;569;570;571;572;573;574;575;576;577;578;579;585;586;590;593;594;597;598;601;602;603;609;610;612;613;615;616;617;618;619;620;621;622;624;626;627;628;629;630;632;633;639;641;643;645;646;648;650;653;656;660;661;662;665;669;671;673;674;675;677;678;680;682;685;686;689;690;691;692;695;697;698;704;706;708;709;710;712;716;717;722;726;727;731;734;735;738;739;740;741;745;746;749;758;759;760;762;763;767;769;774;777;780;781;784;785;786;787;788;790;791;792;794;795;796;797;799;800;802;803;804;805;806;807;808;810;811;812;813;816;817;824;826;828;830;833;834;835;836;839;840;845;846;847;850;851;853;854;856;857;858;859;860;861;865;866;867;868;869;871;872;874;880;881;883;884;886;887;889;890;891;894;895;897;898;899;900;903;904;905;909;914;917;918;921;922;924;925;926;930;931;932;934;939;941;942;943;944;946;949;951;952;956;957;962;963;965;966;967;971;972;975;979;980;981;983;987;988;991;993;994;995;996;999;1000
688;1;5;6;7;9;10;19;20;23;24;25;26;27;28;29;35;36;39;41;47;48;50;53;55;56;57;60;62;64;65;66;68;69;70;71;72;73;75;78;79;80;81;82;83;84;85;86;87;89;90;92;93;94;96;97;100;104;105;106;107;108;109;112;113;114;115;118;119;123;125;129;130;131;132;134;136;138;140;142;145;151;153;154;155;157;159;160;162;166;170;171;172;174;178;180;181;183;184;187;189;196;198;202;203;208;212;213;217;219;220;224;226;228;230;232;234;235;236;242;243;247;248;249;250;251;252;253;254;255;256;257;259;260;263;264;265;269;270;271;272;273;275;276;277;280;281;283;284;293;295;296;297;299;300;303;305;306;307;313;314;317;318;319;320;326;329;330;331;333;334;335;339;342;345;347;348;351;353;356;358;359;362;364;367;368;369;375;376;377;378;379;380;383;384;386;390;394;395;396;399;400;401;404;406;407;408;409;410;414;415;418;420;421;423;424;425;428;429;431;434;436;439;440;441;442;443;445;446;447;448;449;450;452;462;465;466;468;469;470;472;473;476;477;478;481;485;487;490;492;495;496;497;498;500;504;507;508;509;512;513;514;515;519;520;522;528;529;531;533;534;535;536;540;541;545;547;548;550;551;553;554;555;556;557;558;559;561;565;566;567;568;570;571;573;579;580;583;585;586;590;591;592;596;597;599;601;604;606;607;609;610;617;618;621;623;624;627;629;631;632;633;634;639;640;641;642;644;646;647;651;654;655;657;658;659;660;661;662;663;664;665;668;669;671;675;678;679;680;683;690;692;694;695;701;702;703;704;707;711;712;714;715;720;725;726;730;731;732;734;735;736;737;739;743;744;747;749;750;751;753;754;757;758;759;760;761;764;768;769;770;771;775;776;778;779;780;782;786;788;789;791;792;798;799;800;801;805;808;809;810;811;814;815;820;826;827;828;830;831;833;834;835;837;838;841;842;844;845;846;847;849;851;852;856;858;859;860;862;870;871;872;874;875;878;881;882;884;885;886;888;889;890;892;893;898;900;902;905;909;910;911;912;914;915;917;918;920;921;922;924;925;930;931;932;933;934;937;938;941;942;944;947;954;956;958;960;961;963;964;966;969;974;975;976;977;979;980;981;982;983;984;986;989;991;992;993;994;995;996;997;999
689;3;5;7;9;11;13;14;15;16;17;19;23;28;29;34;37;39;42;45;49;50;53;60;63;64;66;68;72;73;76;77;83;84;85;87;88;91;92;95;98;100;101;103;105;108;109;113;115;116;119;120;121;126;128;129;130;131;134;135;139;140;142;143;144;145;146;148;152;153;156;159;160;163;165;166;169;170;171;173;174;176;178;180;181;183;184;185;187;189;191;194;200;201;202;203;204;205;206;207;208;210;211;212;214;215;218;221;222;223;226;228;230;231;232;233;234;235;237;241;242;243;247;250;251;253;254;255;256;259;260;265;266;267;268;269;270;272;274;277;278;280;282;284;285;287;289;292;293;295;296;298;300;303;304;305;306;308;310;311;312;315;316;318;319;321;322;323;326;327;331;332;333;336;338;339;341;342;343;344;345;348;349;351;352;353;354;355;356;357;358;362;363;364;369;370;371;372;375;379;381;382;383;384;385;387;388;389;391;392;393;394;396;397;398;400;401;402;403;406;407;408;410;411;413;416;418;419;421;424;425;427;429;430;431;432;439;440;441;442;443;446;448;449;453;454;455;457;460;461;463;465;468;469;470;472;473;478;479;480;481;482;484;486;488;489;491;492;495;496;502;503;504;505;508;513;514;517;519;525;527;528;530;531;534;537;538;540;541;542;543;545;546;547;550;552;556;557;559;560;564;565;566;568;569;572;574;575;577;578;580;581;582;583;586;590;592;593;595;596;599;600;601;603;605;606;612;616;618;619;620;621;622;624;625;626;627;630;632;633;634;635;643;644;650;653;654;656;657;658;664;675;676;678;679;681;683;684;685;686;687;690;691;692;693;694;695;696;697;700;703;710;711;712;713;716;718;719;720;722;723;725;728;729;730;731;733;734;737;738;740;743;744;745;748;755;756;758;759;761;762;763;764;765;768;770;772;775;777;778;781;783;784;786;789;792;793;799;801;802;803;805;808;809;811;814;816;817;820;821;823;825;826;832;834;836;838;839;840;841;842;843;845;846;848;851;855;856;857;858;860;866;867;868;869;870;872;873;878;879;881;882;883;885;886;889;891;893;896;898;901;903;905;907;908;909;912;916;917;918;919;920;921;923;924;925;926;928;929;931;934;935;936;938;940;942;945;946;948;951;952;954;958;962;965;967;970;971;972;973;974;975;976;979;981;982;983;985;986;987;988;990;991;993;996;998;1000
690;3;7;10;11;12;13;16;23;27;28;30;32;33;34;35;36;37;38;40;42;43;44;46;47;51;52;53;55;56;58;61;62;66;67;68;69;71;72;73;75;76;77;79;80;81;82;83;84;88;90;93;94;96;97;100;102;103;105;108;110;114;115;117;121;127;129;135;137;139;140;145;150;151;152;153;155;156;159;162;164;165;166;169;170;171;173;174;175;176;177;178;181;182;183;184;185;187;190;196;198;199;200;201;203;204;205;213;214;218;220;222;223;224;225;226;227;229;231;232;233;234;237;238;239;240;241;242;243;244;246;248;251;253;256;257;258;259;260;261;262;263;264;265;268;274;276;280;282;283;289;290;291;294;295;303;304;307;309;311;312;313;319;320;321;322;323;324;326;328;329;333;336;338;339;341;342;343;345;346;347;350;352;353;354;356;357;361;363;366;367;369;372;373;374;379;380;381;383;385;386;387;388;389;390;391;393;394;396;401;402;408;409;413;416;418;422;425;436;438;440;443;444;445;447;448;453;454;458;460;461;462;463;465;466;467;469;473;474;475;477;478;479;481;483;489;490;491;492;495;496;497;498;500;501;507;509;511;512;514;516;518;520;521;522;525;526;528;530;532;533;534;535;536;537;544;546;547;549;551;552;554;556;558;559;560;564;565;566;567;568;569;570;573;575;576;577;579;580;583;584;586;587;588;591;592;593;599;600;602;607;610;611;616;617;618;622;627;628;630;631;632;637;639;643;647;650;651;653;655;657;660;662;663;664;665;669;671;674;675;676;677;678;679;682;683;684;685;686;687;688;689;691;692;693;696;697;698;701;702;703;704;706;707;709;711;712;717;718;720;725;728;729;731;733;734;735;738;739;740;741;743;744;749;752;753;756;757;759;760;766;768;770;771;773;778;780;781;782;785;788;792;793;794;795;796;797;800;802;803;805;806;807;809;810;814;815;821;826;827;829;831;833;836;840;841;844;846;847;848;849;851;854;855;856;861;862;866;867;868;871;873;874;878;879;880;881;883;886;894;896;898;900;902;904;906;907;908;909;914;916;917;918;923;926;928;931;932;933;934;935;937;938;940;941;942;945;946;947;948;949;950;953;956;959;961;964;965;966;967;970;975;976;978;979;981;982;984;985;986;987;988;989;990;992;993;997;998
691;3;4;9;12;17;18;20;22;23;24;26;28;29;30;33;37;40;41;42;45;46;48;52;55;56;59;60;61;65;67;68;69;71;73;75;76;78;79;80;81;82;83;90;93;94;95;96;97;99;103;112;113;114;115;118;120;121;122;124;125;126;127;130;131;132;137;140;142;144;149;150;151;163;165;168;171;173;178;181;182;189;190;191;198;199;200;201;202;203;205;208;209;210;213;215;216;217;219;221;222;224;229;232;234;235;236;239;241;242;246;247;248;250;252;253;254;259;263;264;267;268;270;271;272;273;276;277;278;279;281;284;286;287;288;289;290;291;292;293;294;295;298;299;300;302;303;304;305;307;309;316;318;319;322;323;324;325;328;329;331;332;333;337;338;343;344;345;349;350;351;352;353;356;359;362;368;370;371;372;374;376;378;379;382;384;385;386;387;390;392;397;398;399;400;402;403;404;407;409;410;414;416;417;418;419;420;422;424;425;426;434;435;437;438;439;441;445;449;450;451;452;456;457;458;459;461;467;468;469;471;476;480;488;491;492;495;499;500;501;503;505;507;508;509;510;513;520;521;522;524;525;528;530;532;535;536;537;538;540;542;543;548;549;555;556;561;562;563;566;570;571;575;576;577;578;584;586;589;590;591;593;597;599;600;602;607;612;614;617;622;623;624;627;630;634;635;636;637;638;639;640;641;645;646;648;649;651;652;656;657;659;660;662;665;666;669;670;679;682;683;684;685;686;687;689;690;692;696;698;699;704;706;707;708;709;710;712;713;717;719;724;725;726;727;731;736;737;739;743;744;745;748;750;752;753;754;760;761;762;763;764;769;771;772;775;776;777;779;780;782;784;787;790;791;794;796;801;803;804;805;806;807;808;809;810;811;814;816;817;818;822;825;827;828;829;830;831;833;834;837;840;841;842;844;846;848;849;850;853;854;856;857;861;862;867;869;870;871;873;876;877;879;880;881;884;886;888;889;892;893;896;898;900;901;902;904;907;908;909;912;917;919;921;924;927;928;929;930;931;932;933;934;935;939;940;943;944;951;952;953;955;958;960;961;963;964;965;966;967;968;972;975;977;978;979;981;982;983;986;987;989;990;991;992;995;998;1000
692;3;8;9;10;11;14;15;16;19;20;24;25;27;30;31;33;35;36;39;41;42;43;44;47;49;54;57;58;60;62;63;65;66;74;75;76;77;78;79;80;82;84;85;86;88;89;91;92;93;94;98;101;102;103;105;107;109;112;113;115;116;117;118;124;126;127;128;129;132;133;136;137;140;142;143;144;145;147;148;149;151;152;153;154;156;157;164;165;168;169;170;173;175;177;178;180;181;182;184;185;186;189;192;194;196;198;200;206;211;212;213;216;217;219;220;222;225;226;227;228;230;231;232;234;235;238;239;240;241;243;244;245;249;251;252;253;256;260;262;263;264;273;274;276;278;280;281;284;289;291;292;297;298;299;301;302;303;304;306;308;311;313;314;315;316;318;319;321;325;326;328;330;331;333;334;337;342;343;344;346;347;352;354;356;357;359;360;362;363;365;366;368;370;371;372;373;375;377;378;379;380;383;384;386;387;388;390;396;397;399;400;403;404;405;410;412;413;416;420;421;422;425;426;427;433;435;436;437;439;441;443;446;447;449;452;454;455;456;460;463;465;470;471;474;475;476;478;482;485;487;488;489;490;491;493;494;496;498;500;501;502;503;505;506;507;511;513;514;515;517;518;520;523;524;525;527;528;531;534;536;539;542;547;549;551;552;553;554;556;559;560;561;564;567;568;569;573;575;578;581;582;583;584;585;586;588;589;592;593;595;596;598;599;600;602;603;605;606;607;608;612;613;614;615;618;626;628;629;631;632;633;635;636;641;642;644;645;647;648;649;650;652;655;656;658;659;660;661;666;668;670;671;673;675;678;679;681;682;686;687;688;689;690;691;693;695;706;709;710;713;716;718;719;720;721;722;723;729;730;738;740;743;744;745;747;749;751;755;757;758;759;761;765;766;767;771;773;776;777;778;779;780;782;784;785;786;788;789;790;791;794;795;796;800;802;803;804;806;810;814;815;816;819;820;822;823;824;827;831;833;835;838;839;846;851;852;853;855;858;859;861;863;865;867;868;869;871;874;882;886;887;890;894;895;896;897;899;900;901;902;905;906;907;908;909;911;912;913;914;915;916;918;919;920;921;922;924;925;926;930;931;933;934;936;937;938;940;942;943;950;953;954;957;959;960;962;963;966;968;970;972;978;979;980;982;985;986;987;988;989;990;992;993;995;996;997;1000
693;1;3;5;7;10;12;15;19;20;23;25;26;27;31;33;36;38;39;40;46;49;50;52;53;54;55;57;58;60;61;63;67;69;70;71;72;75;76;78;79;83;84;85;87;93;94;95;96;97;100;104;106;109;111;112;113;114;115;121;126;129;130;131;133;134;136;138;139;141;144;145;146;147;150;158;160;161;162;165;167;169;171;172;173;174;175;176;180;181;182;183;184;186;188;189;191;194;196;197;200;202;204;206;208;209;211;212;213;215;218;219;222;225;226;228;233;234;236;237;240;242;245;246;247;248;249;251;255;256;257;260;262;263;266;268;269;270;274;277;279;281;283;284;285;286;293;295;298;301;303;304;305;306;307;308;309;310;311;312;314;318;319;323;327;328;329;331;334;335;336;337;345;348;349;351;352;353;355;359;360;361;363;367;368;369;370;372;375;378;379;383;384;385;386;387;388;393;398;399;400;401;404;405;406;407;413;414;415;421;423;424;425;427;429;430;431;433;438;439;441;447;448;449;450;451;454;455;458;459;460;463;465;467;468;469;471;473;475;476;479;480;487;488;490;491;492;493;498;501;503;505;507;508;509;513;514;516;517;518;521;524;529;533;535;538;539;540;541;544;545;546;547;554;555;556;557;558;560;564;565;566;568;571;573;574;575;576;577;578;581;582;583;587;588;589;590;594;596;597;601;604;605;612;614;615;617;621;626;628;630;631;634;635;636;638;642;648;649;651;652;653;656;659;661;662;663;665;667;668;669;670;671;673;674;677;681;683;684;685;686;689;690;692;694;698;699;704;708;709;710;713;714;717;718;722;725;728;729;730;731;733;734;735;736;738;740;745;746;747;748;749;750;752;753;754;757;758;759;761;762;763;764;769;770;773;774;775;776;780;784;789;790;791;793;794;795;796;805;807;811;812;815;817;818;819;820;821;823;826;828;829;833;835;836;838;839;841;842;844;845;846;848;849;854;855;862;863;864;867;870;871;872;875;876;885;886;888;889;891;893;894;895;896;899;900;903;904;907;908;910;911;913;915;916;917;918;922;923;927;930;933;934;935;936;938;939;941;943;947;948;953;954;955;956;957;960;964;966;967;968;969;971;973;975;976;977;978;979;981;982;984;987;988;989;993;996;997;999
694;1;3;7;11;12;14;16;18;19;22;23;24;26;27;30;31;32;33;34;37;39;40;42;43;47;49;53;54;61;64;65;67;68;70;71;72;73;74;78;79;80;81;83;84;86;87;88;89;90;91;92;93;94;95;96;100;102;103;105;108;116;120;123;124;130;137;139;140;142;144;146;147;150;152;153;155;157;159;160;162;163;164;165;167;168;169;171;172;173;174;177;178;180;181;183;186;189;191;192;193;194;196;197;198;201;202;205;206;207;211;213;215;216;222;224;226;227;228;229;230;231;233;236;237;238;242;243;247;248;249;250;251;253;255;256;257;260;261;262;264;266;267;268;271;273;274;276;277;279;280;281;282;284;286;287;289;290;291;292;293;295;296;297;300;301;302;305;306;308;311;313;318;321;322;323;328;329;334;336;338;340;341;343;345;346;347;348;350;351;352;358;359;362;363;364;366;371;372;373;375;377;380;381;382;383;386;387;388;389;393;395;398;399;401;406;408;413;415;418;420;421;424;425;428;429;430;431;432;433;435;436;437;440;441;443;445;446;447;452;454;456;458;460;461;463;467;468;469;470;472;473;477;478;481;482;484;487;490;492;495;496;499;503;506;507;508;511;514;515;516;517;518;521;523;524;525;529;530;531;532;535;536;537;538;540;542;545;547;548;549;550;551;554;557;558;559;560;561;562;563;566;568;570;571;574;578;579;581;582;583;586;587;590;592;594;597;598;599;602;605;606;607;608;609;610;611;613;615;619;620;623;624;626;628;629;633;634;635;636;637;640;642;643;645;647;650;654;655;658;659;660;661;663;664;665;668;669;670;671;674;675;676;677;678;679;680;681;683;686;688;689;693;695;698;700;701;702;706;707;708;709;711;714;715;717;719;720;721;722;723;727;729;731;733;734;736;737;740;744;746;747;749;750;756;760;762;770;777;778;779;781;782;783;786;790;792;794;795;796;801;803;810;811;814;816;817;818;820;821;825;826;828;829;831;833;834;837;840;841;842;846;847;848;850;851;854;856;858;859;860;861;864;868;869;870;872;874;878;880;884;885;888;889;891;892;894;895;896;897;899;900;902;903;904;906;908;909;910;911;913;919;920;921;922;923;924;926;929;932;933;934;936;937;939;940;942;943;944;947;948;949;950;951;960;963;965;966;967;968;969;971;975;978;979;981;982;984;987;988;989;990;991;992;996;997;998;1000
695;1;2;4;7;10;11;12;16;20;22;25;27;30;33;35;36;37;38;41;42;44;45;49;51;53;54;55;56;58;60;63;64;66;69;70;71;72;75;76;81;86;88;91;92;93;94;96;99;100;104;105;107;109;110;112;113;114;119;120;121;124;125;126;132;133;134;139;140;142;144;147;150;151;155;156;158;160;165;166;168;169;170;173;174;179;181;182;183;184;188;189;190;193;194;199;200;202;206;209;211;212;213;215;217;218;219;220;221;222;226;228;231;232;234;237;241;242;243;244;249;252;254;255;256;259;260;261;265;266;268;269;272;274;275;276;277;279;280;281;291;292;296;297;298;299;304;305;306;307;312;314;315;318;320;322;324;325;327;333;334;336;337;344;347;350;351;353;354;356;360;363;365;368;369;370;377;379;380;381;383;384;385;388;389;391;393;394;398;400;402;405;408;416;417;419;420;421;423;424;427;431;432;437;439;441;444;445;446;451;452;455;456;457;458;461;463;465;466;472;473;474;476;477;479;482;484;487;490;491;494;496;497;501;502;505;507;509;511;513;516;518;519;522;524;525;526;527;529;530;532;534;535;537;540;542;543;544;545;546;547;548;552;553;556;560;561;565;566;570;571;574;576;579;580;582;585;587;588;589;590;593;595;597;598;601;602;604;605;606;607;608;609;610;611;613;616;617;619;621;624;627;630;632;635;639;641;642;643;645;646;649;650;651;653;655;657;661;663;665;666;667;668;670;672;674;675;676;678;679;680;681;684;685;687;688;689;692;694;696;697;700;701;707;711;713;714;715;716;719;721;725;731;734;735;737;738;742;744;745;746;747;752;754;758;760;761;763;764;765;769;771;774;775;777;778;779;781;785;787;788;790;794;798;800;808;809;811;818;821;822;824;827;828;830;835;836;839;840;841;843;844;848;850;851;852;853;854;855;856;859;860;861;862;863;865;868;870;874;880;881;882;883;884;886;887;888;890;891;896;899;901;902;903;904;906;907;910;912;913;916;918;920;924;925;928;929;931;932;933;934;935;938;940;941;943;944;946;949;950;956;957;960;964;966;967;968;969;971;973;974;975;977;978;982;984;985;986;987;989;994;995;997;998;999
696;5;6;8;12;16;18;22;23;25;26;32;33;35;40;41;44;48;49;51;54;55;56;58;59;60;62;63;68;70;71;76;80;81;84;86;87;88;89;92;95;98;99;102;103;104;109;111;113;115;116;118;121;125;128;132;134;136;139;140;145;147;148;152;153;155;156;158;160;161;164;167;170;171;174;175;177;179;187;189;190;194;202;203;205;207;209;210;215;217;219;220;222;225;231;232;234;235;237;239;241;244;245;246;247;248;249;250;251;252;253;255;256;258;260;262;263;264;265;266;267;268;273;274;275;277;278;279;281;282;285;287;288;289;291;293;295;299;301;302;303;304;305;306;307;308;309;310;313;317;319;322;324;325;326;327;328;329;330;331;332;333;336;337;339;340;342;350;351;352;353;355;356;357;358;361;363;364;369;373;374;378;379;381;390;392;394;400;404;405;408;409;410;411;413;414;418;419;425;426;427;428;432;434;435;439;441;443;445;448;449;454;457;460;462;463;465;466;467;471;477;479;480;481;483;484;487;489;490;491;493;494;497;498;499;500;501;503;504;505;506;507;508;509;512;514;515;516;517;518;519;520;521;523;524;525;528;529;530;536;539;540;543;547;549;550;551;552;557;558;560;561;563;566;572;573;576;577;578;581;583;584;585;586;589;591;592;593;595;596;597;601;604;605;609;610;614;615;616;618;620;623;624;625;626;630;632;634;636;637;639;640;642;648;649;654;658;661;664;667;668;669;671;672;674;677;680;681;683;685;689;690;691;695;702;704;705;708;711;716;720;721;725;726;730;731;733;735;740;741;743;746;747;750;754;756;757;759;760;761;765;766;769;771;772;775;781;783;784;785;789;791;796;797;799;801;803;804;805;806;811;815;816;817;818;820;825;828;829;834;836;842;844;846;848;849;850;853;856;857;859;862;863;866;869;871;876;877;881;882;884;885;888;891;892;894;895;896;897;898;899;902;907;908;909;910;911;916;918;919;921;924;925;928;929;930;931;933;934;935;937;938;941;944;945;946;947;949;950;955;957;958;959;961;962;964;967;968;970;973;975;976;979;980;981;982;984;986;988;992;993;995;998;999;1000
697;3;4;7;13;14;16;17;18;21;23;24;25;29;32;36;37;38;39;40;42;45;46;50;52;53;54;56;57;58;61;62;63;64;65;67;68;71;73;81;82;85;86;91;97;98;101;102;104;105;111;112;114;118;120;121;122;126;130;132;133;134;138;140;142;145;146;147;148;150;151;155;156;158;160;161;163;166;169;174;175;177;183;186;187;189;197;198;199;201;203;208;211;214;215;217;218;220;221;223;226;228;230;234;238;242;244;246;249;250;252;253;254;257;260;262;264;266;267;269;270;272;273;274;282;284;286;288;290;292;293;294;297;298;299;300;301;304;307;310;312;314;316;318;321;322;323;332;333;334;335;337;338;339;340;341;342;343;347;348;349;351;352;355;358;359;362;363;364;365;366;368;370;372;373;374;375;376;378;379;380;384;386;388;393;395;396;398;404;406;413;415;416;417;422;424;425;426;427;428;434;435;436;438;441;442;445;446;448;449;451;455;456;457;458;459;460;461;462;465;467;470;471;473;474;476;479;481;484;489;490;491;492;493;494;495;498;501;503;504;506;507;508;510;511;518;522;523;528;529;531;535;540;545;547;548;549;555;559;560;562;563;564;565;567;568;569;573;575;576;578;580;581;582;583;585;587;589;592;595;597;598;600;602;603;607;609;610;611;613;614;615;616;620;623;624;627;633;635;639;640;641;642;644;645;648;651;652;654;656;657;658;662;664;666;667;670;671;672;673;675;676;677;678;679;680;681;682;684;685;686;687;689;690;695;698;702;703;707;710;713;714;720;721;722;728;730;733;734;735;736;738;739;743;744;746;748;749;751;752;753;754;755;757;758;760;761;762;766;767;769;771;772;773;778;779;780;783;785;786;790;792;793;794;795;796;797;798;800;802;805;806;807;814;815;816;819;821;822;823;824;825;826;827;828;834;835;836;837;838;840;843;845;846;850;854;855;856;858;860;862;863;865;867;869;870;872;873;877;878;879;880;882;883;887;889;890;892;893;894;897;900;901;904;907;909;910;911;912;913;919;920;922;923;924;927;929;930;931;932;934;937;939;940;942;945;947;948;949;950;952;955;956;957;961;962;964;966;969;971;972;973;974;976;978;980;981;982;990;991;992;994;997;1000
698;1;5;11;12;13;14;15;16;17;18;19;21;22;23;24;26;30;31;34;36;37;39;41;42;48;52;53;54;55;56;57;58;62;64;69;70;72;73;75;77;78;79;80;81;83;85;86;88;89;90;91;93;97;98;100;101;102;106;112;113;115;116;117;119;120;124;126;128;129;131;133;135;137;138;140;143;144;145;150;154;156;157;159;160;161;162;166;167;168;169;170;176;177;178;181;182;185;187;188;195;196;197;199;201;202;203;204;205;207;210;214;215;216;218;221;222;223;224;225;226;230;232;233;234;236;238;239;240;241;242;244;246;249;250;251;252;253;261;263;264;266;267;268;271;272;274;275;277;278;279;280;281;282;283;285;287;288;289;290;293;296;297;299;301;303;304;306;307;308;310;312;313;315;316;320;321;323;326;328;329;331;332;334;336;337;338;339;340;341;345;348;350;352;356;357;358;359;362;364;365;369;371;374;377;378;379;381;383;385;388;389;391;392;396;398;399;401;402;405;406;410;411;412;413;416;418;419;421;423;424;428;429;431;432;434;436;438;439;442;443;449;451;453;456;459;460;461;464;466;469;470;475;477;482;486;490;493;498;499;502;504;505;507;513;515;518;519;520;521;522;526;528;529;532;533;534;536;538;544;547;548;549;555;556;557;559;562;564;565;567;568;569;571;573;574;575;577;579;580;581;584;585;587;589;590;591;592;593;597;599;602;604;606;607;610;613;616;620;621;622;624;625;627;628;630;632;633;634;635;637;638;639;640;642;643;647;650;653;656;657;658;659;664;665;666;670;671;673;674;676;679;680;682;683;684;685;687;690;691;693;694;697;700;701;707;708;715;717;719;724;725;727;730;731;732;733;734;736;740;741;745;746;747;750;751;753;755;759;761;762;764;765;766;767;769;772;774;776;777;778;784;787;788;789;791;792;795;796;799;800;801;805;808;809;812;816;817;818;819;820;821;822;823;827;828;830;832;840;841;842;844;846;848;850;852;853;854;855;856;858;859;860;861;862;863;867;868;871;872;873;874;877;879;880;882;883;884;885;886;887;888;890;891;892;893;894;895;896;901;902;903;907;908;912;913;915;916;917;918;919;921;922;924;931;933;935;937;939;940;941;942;943;947;949;950;954;956;958;959;961;963;965;968;969;970;971;974;975;976;977;987;988;989;990;992;993;994;997;999;1000
699;1;3;6;7;8;9;13;14;15;17;20;24;25;27;28;29;33;38;39;41;42;43;44;45;47;48;49;50;51;52;53;54;57;59;61;63;64;65;66;68;71;75;76;77;79;82;83;84;85;86;88;93;95;96;97;98;101;102;103;104;106;108;110;111;115;116;118;120;121;124;128;129;132;133;138;142;144;145;148;149;150;151;152;153;155;156;157;158;159;164;167;170;171;175;180;181;184;186;187;190;192;193;194;195;197;200;203;205;210;212;213;214;216;217;221;222;226;227;230;231;233;234;236;239;243;246;247;248;249;250;251;252;253;254;256;258;259;260;264;265;267;269;271;272;274;275;277;278;279;280;282;286;288;291;298;300;302;303;305;309;310;313;315;316;319;322;323;324;326;328;329;332;334;336;339;342;346;347;350;351;352;353;354;356;359;361;362;363;369;372;376;377;378;379;381;384;387;388;389;393;395;397;399;400;403;404;405;409;410;412;413;414;415;417;418;420;424;428;430;432;436;437;439;441;443;445;446;447;448;450;451;454;455;458;461;463;466;467;470;471;472;475;478;479;481;486;487;494;495;498;502;505;506;508;509;512;513;515;516;520;521;522;523;524;525;526;529;530;534;535;538;539;540;542;543;545;548;553;555;561;563;565;566;569;570;571;574;576;577;578;581;582;587;589;591;593;595;597;598;599;600;602;603;604;605;608;609;610;611;612;620;621;625;627;629;633;636;638;641;642;645;649;650;651;653;654;657;659;660;664;666;667;668;671;673;674;678;679;681;685;691;693;700;701;702;704;705;706;708;709;711;712;713;718;720;721;724;730;736;738;740;742;743;745;747;748;749;752;755;756;757;759;760;761;762;763;765;768;769;772;774;775;777;781;782;783;785;786;787;788;791;792;794;795;800;801;802;803;805;806;807;809;810;813;816;818;819;820;823;824;825;826;827;828;830;833;838;839;843;847;849;850;854;856;857;858;859;860;862;865;867;868;870;871;872;874;877;878;883;885;886;887;888;889;890;891;899;900;902;904;905;910;914;917;919;923;924;928;929;931;932;935;936;937;939;941;944;945;949;950;955;956;958;961;962;963;964;965;966;967;968;969;971;976;978;980;981;982;983;984;988;990;993;994;996;997
700;1;2;4;8;10;11;12;14;15;20;22;23;27;29;31;32;34;35;40;43;44;45;47;48;50;51;52;53;55;59;60;61;62;65;67;74;76;77;89;91;92;95;96;98;102;103;104;108;112;113;114;116;117;118;119;120;123;126;129;132;134;135;137;141;143;145;147;149;151;153;157;158;159;160;161;163;164;166;169;171;179;180;182;183;184;185;187;188;189;190;197;198;199;200;201;202;203;204;205;206;209;210;211;213;214;215;216;218;219;220;221;222;223;224;226;229;230;231;236;239;242;246;247;248;250;251;254;256;257;258;261;266;267;268;270;271;273;274;275;276;280;282;284;285;286;287;289;292;293;294;295;296;298;299;300;302;306;307;308;309;310;313;315;320;321;322;324;325;326;327;328;331;333;334;337;339;343;346;349;351;354;355;358;359;360;361;364;365;367;368;370;371;373;374;375;377;380;382;383;384;392;393;395;396;398;399;400;401;402;405;407;408;411;412;413;414;415;416;418;419;421;423;424;427;428;429;430;432;437;440;441;444;446;448;451;454;456;464;466;468;469;472;475;478;480;481;482;486;487;495;497;501;503;508;509;510;512;514;515;516;517;519;523;526;527;528;530;531;532;533;535;537;539;540;541;543;545;549;552;553;554;555;556;557;558;559;561;562;564;565;566;568;572;573;575;576;577;579;580;582;588;589;590;591;592;595;598;600;602;603;606;609;611;614;619;622;623;626;627;628;629;637;639;640;641;643;645;646;648;652;654;655;656;658;660;661;662;663;664;667;669;674;675;676;678;683;684;686;689;694;695;698;699;702;704;705;706;708;709;710;711;712;714;715;718;719;720;722;725;730;733;734;735;736;737;738;741;742;745;749;750;751;752;754;757;758;760;763;767;770;776;777;778;779;785;786;787;789;790;791;792;797;800;803;804;805;807;809;811;812;814;817;819;826;827;828;829;830;831;832;834;835;836;837;840;842;843;845;847;851;853;854;856;860;863;864;865;866;868;869;871;872;875;882;883;886;889;891;893;897;898;901;902;905;911;912;915;916;917;918;921;922;923;926;927;928;934;935;939;943;944;947;949;950;951;955;959;960;961;963;964;965;971;973;974;976;979;981;983;984;990;994;995;997;998
701;2;4;6;11;12;13;18;19;20;21;22;23;29;32;33;34;36;39;41;43;45;46;47;48;49;51;52;57;59;60;61;63;70;71;73;74;77;78;84;85;87;90;91;93;95;97;100;101;104;114;115;116;119;120;122;124;125;127;128;130;134;135;137;138;139;140;141;142;143;145;149;150;151;153;157;158;160;161;162;163;165;171;172;174;176;177;178;179;181;182;183;187;189;192;193;195;197;198;201;203;205;206;208;209;210;211;212;213;215;217;221;222;223;224;229;230;231;235;240;241;242;247;251;252;253;256;257;260;262;263;264;265;267;268;273;275;276;284;286;288;291;295;296;301;303;304;305;310;311;313;315;316;319;321;322;324;327;332;333;334;336;338;341;342;343;344;346;347;349;350;352;353;356;357;358;359;360;364;365;369;371;372;373;376;377;383;384;385;387;388;389;391;392;396;398;399;402;404;407;408;409;410;411;412;413;416;417;421;422;427;428;431;433;434;436;437;438;439;440;443;444;445;448;449;450;451;452;453;454;456;460;461;463;465;467;470;472;474;475;476;478;487;489;490;494;495;496;499;500;504;506;507;508;509;511;512;513;515;516;517;519;522;525;527;528;531;534;536;537;538;539;541;542;543;547;549;550;553;556;557;558;559;561;566;568;569;570;571;572;573;574;576;577;581;583;584;585;587;592;593;596;598;600;607;608;609;611;614;617;619;620;621;622;624;626;627;628;629;630;631;634;635;636;637;639;640;645;646;647;648;650;651;652;654;659;660;662;669;670;671;672;674;675;678;679;680;681;686;688;690;694;695;698;699;702;703;707;708;711;712;713;714;716;717;721;722;723;724;727;728;729;730;736;738;739;742;744;747;749;750;751;752;754;755;758;759;762;763;765;768;769;771;773;779;780;782;785;786;789;790;791;795;796;798;799;800;802;804;805;808;811;812;813;814;816;818;821;825;827;829;830;832;837;838;839;841;844;847;848;850;853;854;855;856;857;859;862;863;864;866;868;871;872;873;874;876;878;879;881;883;887;888;892;895;898;899;900;904;906;907;909;910;911;917;918;919;921;922;925;926;928;929;930;931;932;936;938;939;940;943;944;946;949;950;951;953;954;955;956;957;958;959;960;963;967;971;972;976;978;982;985;986;988;989;991;997;998
702;1;2;4;7;10;13;14;16;17;18;20;21;22;24;27;28;29;30;31;34;35;38;40;42;44;49;52;54;55;59;60;61;62;63;64;65;68;72;73;74;75;76;77;78;79;80;82;83;85;88;91;97;99;101;102;103;108;110;114;116;122;123;125;128;130;132;137;139;145;146;148;151;153;154;156;157;161;162;164;166;167;168;169;171;172;176;178;181;183;184;185;186;188;189;192;193;194;195;196;197;198;199;203;207;209;210;211;213;215;218;219;220;221;222;223;224;227;228;229;233;234;235;236;237;239;240;241;245;246;248;250;252;256;258;259;260;262;263;264;265;267;270;271;272;276;277;279;280;284;285;289;295;296;297;298;299;300;301;302;305;306;310;312;314;322;324;325;333;334;335;336;337;340;341;342;343;344;346;349;358;359;362;363;366;368;369;370;371;373;376;377;378;379;381;383;384;385;386;387;390;391;394;395;396;399;401;408;409;413;415;419;422;423;425;429;430;432;433;436;438;439;444;446;449;451;456;457;458;459;464;467;468;469;472;473;474;475;478;479;480;483;484;487;488;489;490;491;492;493;494;502;504;507;512;513;514;516;518;520;524;525;526;528;530;536;537;538;541;542;543;544;545;546;548;550;551;552;553;555;556;557;558;560;563;565;568;572;573;582;584;585;589;590;591;593;594;600;601;603;604;606;607;608;609;610;612;616;617;618;619;620;622;623;626;627;628;629;630;634;635;640;641;642;645;647;648;649;651;652;653;658;659;663;666;669;670;671;675;676;677;682;683;684;686;688;690;694;696;697;699;700;701;703;707;709;710;711;713;716;719;720;721;723;726;728;729;731;732;733;735;736;737;740;741;742;743;748;752;753;755;757;762;763;764;766;768;769;775;776;777;778;780;784;785;788;790;793;794;797;800;802;803;804;807;809;811;813;814;815;817;819;821;823;824;825;826;828;830;831;832;833;834;838;840;841;843;845;848;850;852;853;854;857;859;861;862;865;873;874;878;881;882;887;888;889;891;892;893;897;900;903;904;906;907;909;912;914;916;922;925;926;927;931;933;934;937;940;941;943;944;949;950;951;952;955;956;957;958;959;960;961;962;963;967;970;973;974;975;978;979;984;986;988;989;990;992;998;999;1000
703;2;7;9;10;11;14;16;18;20;22;23;24;25;31;32;34;36;37;38;45;46;47;48;50;52;53;55;58;61;62;63;64;65;66;67;68;70;71;72;75;76;78;79;86;88;91;94;97;98;99;101;104;107;108;111;112;114;116;117;118;119;120;126;129;131;132;136;138;139;140;141;142;144;146;150;152;153;154;156;159;163;165;168;169;172;173;174;175;176;183;185;187;188;194;195;197;198;199;205;206;207;211;214;215;219;220;221;222;223;224;225;227;229;230;231;233;237;240;242;244;248;253;254;255;256;257;261;266;268;269;270;272;274;275;279;280;281;284;285;287;288;289;291;293;298;299;300;301;302;305;306;309;312;317;321;322;323;326;332;333;334;337;339;344;351;356;357;358;360;361;362;363;364;366;370;372;374;375;376;380;381;382;383;385;386;387;388;389;390;391;392;395;400;403;404;407;411;416;417;418;419;420;421;422;424;427;431;434;440;443;444;445;446;447;451;454;457;458;459;460;461;467;468;476;480;482;483;484;489;493;498;499;501;502;503;504;505;508;511;514;515;522;523;525;527;528;531;532;534;537;540;541;542;543;546;548;552;553;554;557;558;559;561;562;564;574;577;581;582;583;584;585;588;589;591;592;594;595;597;599;600;603;605;607;610;611;612;615;616;618;626;627;628;629;633;634;635;639;641;642;643;645;649;651;653;654;661;662;663;664;665;667;668;670;671;675;680;681;682;683;685;686;688;689;690;697;701;702;704;708;710;711;712;714;715;718;719;721;722;723;726;730;731;733;736;737;741;748;751;753;755;757;758;759;760;761;762;763;764;765;766;768;769;771;772;777;781;784;785;789;791;792;793;795;797;798;799;801;803;804;805;806;809;810;811;812;813;818;820;822;824;825;829;832;833;834;835;836;837;838;840;842;843;844;848;850;854;857;860;861;863;866;867;870;873;876;877;881;885;886;890;893;894;895;896;899;900;901;902;905;906;908;909;912;914;915;916;917;919;922;925;928;930;931;932;933;934;936;937;939;940;941;942;943;944;945;946;951;954;955;957;958;960;961;963;968;970;971;979;981;982;983;984;986;987;989;991;992;993;994;995;997;998;1000
704;5;7;8;10;12;13;14;15;22;23;24;25;27;29;32;33;34;37;38;39;46;47;49;50;51;52;53;58;63;65;69;70;71;73;74;78;80;82;86;87;88;90;92;93;95;96;102;106;110;111;112;113;114;116;117;121;122;124;125;126;130;131;134;135;136;137;140;144;145;148;152;153;154;156;157;161;165;167;168;170;172;178;179;180;181;182;184;186;194;195;197;198;199;200;201;202;204;208;209;210;211;213;214;215;224;225;226;227;232;233;234;236;240;241;242;245;247;248;249;251;255;256;257;258;259;260;261;265;266;268;269;271;272;274;276;277;278;284;285;286;287;288;289;290;294;295;299;300;301;302;305;308;309;310;311;313;319;321;324;328;329;330;335;338;339;342;343;344;346;348;350;352;353;354;355;356;357;358;360;362;364;365;368;369;372;373;375;378;379;380;381;383;384;385;387;390;393;395;397;398;401;404;406;407;408;410;413;416;418;420;422;424;425;429;431;432;433;434;436;437;438;440;442;443;446;447;449;450;451;452;453;454;456;459;461;462;465;466;467;468;469;470;472;474;475;477;479;482;484;488;491;492;494;498;499;505;506;507;508;509;510;512;513;514;516;517;518;520;521;525;526;530;532;533;537;539;540;543;544;546;547;548;551;556;557;560;561;562;563;566;567;573;575;577;579;581;583;584;585;587;588;592;593;601;602;607;613;614;615;618;619;626;627;629;630;632;633;636;637;638;639;645;646;647;650;654;655;658;661;667;668;672;674;681;682;685;687;688;690;691;693;696;699;700;703;705;707;708;709;714;715;716;717;719;720;721;726;727;729;730;731;733;735;737;743;744;748;750;753;754;757;760;762;764;765;767;768;769;771;777;780;781;783;787;788;790;791;792;793;795;796;798;804;805;807;808;809;810;812;815;817;819;821;822;823;825;826;829;833;836;841;843;844;845;848;850;851;853;856;857;859;861;863;864;870;871;873;874;875;878;880;881;882;890;894;896;897;899;901;904;906;910;911;913;915;917;918;921;922;924;926;927;929;932;933;935;936;937;939;943;945;946;947;948;953;954;957;965;966;967;969;971;972;974;975;976;977;979;980;983;984;985;987;991;993;994;995;996;998
705;7;10;11;14;15;16;19;20;21;22;26;27;28;30;31;34;35;37;38;39;40;41;44;45;46;54;55;56;60;61;62;65;66;67;69;72;75;77;83;96;98;100;101;105;106;110;114;120;121;122;123;124;127;128;132;133;135;136;137;139;141;142;143;144;145;146;148;149;151;153;154;155;159;160;161;162;163;164;168;170;172;173;174;175;179;181;183;185;187;188;189;190;191;192;193;194;197;198;199;200;201;202;207;208;209;211;214;215;217;218;221;223;224;226;227;228;230;234;235;238;241;244;249;250;253;257;259;263;265;266;269;270;271;274;276;278;281;282;284;285;287;289;290;291;293;294;295;297;301;302;303;304;307;309;310;312;314;318;320;321;323;325;327;331;333;334;335;336;337;339;342;343;344;345;348;349;350;354;357;358;361;368;369;370;371;372;373;374;375;376;378;379;380;383;384;385;386;388;389;392;394;395;396;398;399;400;401;402;403;407;408;410;411;414;417;420;423;424;425;426;431;433;440;441;442;444;446;447;448;450;455;456;458;459;460;461;463;465;467;468;473;474;475;476;479;481;484;485;487;488;489;491;492;494;495;497;500;501;502;504;507;508;511;513;516;517;519;520;523;524;525;528;529;533;534;537;540;542;545;547;549;550;552;553;554;558;559;561;562;564;571;572;573;574;575;577;578;579;581;583;584;586;587;590;592;595;597;600;603;604;605;610;611;615;618;619;629;630;631;632;633;634;637;638;639;640;641;642;644;645;646;649;650;652;654;655;662;665;666;668;670;672;674;675;677;679;680;682;683;696;699;700;704;706;707;709;711;712;716;717;718;719;720;723;724;725;728;730;732;735;736;737;738;739;742;745;746;751;754;755;760;763;764;765;767;769;774;776;777;778;779;781;782;783;785;786;790;793;795;796;797;799;800;801;804;805;806;807;808;811;814;815;816;817;820;821;822;825;826;828;830;831;833;834;835;838;839;842;843;846;847;852;853;856;857;858;860;861;862;863;864;865;866;867;868;870;871;873;874;875;876;877;879;880;882;883;886;887;888;889;892;894;896;897;898;899;901;902;903;911;913;916;917;918;919;921;922;923;926;927;931;932;933;934;935;936;937;939;940;941;944;946;948;950;951;956;957;960;961;964;967;968;972;973;976;978;979;980;982;985;986;987;988;989;991;992;993;994;999;1000
706;1;2;3;5;7;8;12;14;17;18;20;21;25;26;30;31;32;33;34;36;39;42;43;44;46;49;50;51;57;59;63;64;69;72;73;77;79;80;81;83;84;85;86;87;89;90;91;92;93;94;96;97;99;100;101;103;108;109;110;112;113;117;118;119;120;124;125;126;127;129;132;135;138;139;140;141;142;145;147;149;152;153;155;157;161;162;163;165;167;168;173;175;178;181;189;192;194;197;202;204;206;213;215;216;220;221;223;224;225;226;228;229;230;231;232;234;236;239;240;241;242;246;248;251;252;256;258;259;262;266;268;269;272;273;274;275;277;278;285;287;289;291;293;295;298;299;301;304;305;306;307;310;312;314;315;316;318;320;323;324;325;327;331;335;336;338;340;341;343;345;346;350;358;359;366;367;368;369;370;371;372;374;375;378;381;383;391;393;396;397;398;401;404;405;406;407;408;409;411;413;414;416;418;420;422;424;426;427;428;429;432;433;434;437;440;442;443;445;448;456;458;460;461;463;466;468;470;475;476;481;482;483;484;486;487;488;489;490;492;497;498;500;502;512;515;519;521;522;523;524;526;527;528;532;536;538;539;540;543;545;548;553;554;555;558;559;561;562;563;566;567;572;575;576;578;579;580;581;582;584;585;586;587;588;589;590;592;593;594;595;599;602;603;606;607;608;611;612;615;618;619;622;623;624;626;636;637;639;640;642;644;645;647;649;650;651;652;661;664;665;666;667;668;669;671;674;681;682;684;686;687;690;691;692;694;699;700;705;707;708;712;713;715;717;718;720;723;724;726;727;728;732;733;734;735;737;738;741;742;745;746;747;752;753;754;755;756;757;758;759;762;763;766;767;768;770;773;775;776;777;778;779;781;782;784;786;787;788;789;791;793;794;795;796;797;799;802;803;805;806;807;808;810;811;818;819;820;824;826;828;829;830;833;837;838;840;842;845;846;849;851;852;853;854;855;857;861;862;863;864;865;866;868;869;871;872;874;877;878;879;882;883;886;887;888;889;897;899;900;901;902;904;908;909;912;913;914;918;919;920;921;924;925;928;929;930;934;937;940;942;943;946;947;949;950;951;952;954;955;956;960;961;963;964;965;966;968;969;973;974;975;977;981;982;984;985;986;987;989;990;992;995;999
707;1;2;3;6;7;13;14;15;18;19;20;21;24;26;27;28;29;32;33;36;42;45;46;47;48;49;52;53;55;57;60;61;62;64;67;69;73;74;75;81;83;84;88;94;95;96;100;102;103;105;106;107;108;113;116;117;118;119;120;121;122;123;125;126;128;129;130;133;138;139;148;150;151;153;154;159;160;163;164;165;166;167;168;169;170;174;175;178;183;184;187;190;191;192;193;195;196;199;200;202;203;204;207;208;209;210;211;214;215;217;218;220;222;225;226;228;229;231;233;235;237;238;241;245;247;251;252;254;255;258;259;261;263;265;267;268;269;270;271;272;275;276;279;282;286;288;292;295;296;297;299;302;303;304;306;310;312;313;316;317;318;321;322;323;324;326;328;330;331;333;334;335;337;338;340;341;342;343;344;346;347;353;356;359;361;362;363;364;367;368;371;372;375;376;377;379;380;384;385;387;389;390;392;395;397;400;401;403;404;405;411;412;416;418;423;426;427;429;432;435;436;440;441;442;444;445;446;447;448;450;451;453;454;457;460;461;462;463;464;465;468;469;471;474;476;478;480;481;483;487;489;490;494;497;498;501;503;504;507;509;512;515;516;518;519;522;523;525;530;531;535;539;543;545;547;549;551;553;555;557;558;559;564;566;569;570;572;575;577;578;582;585;586;587;592;594;595;596;600;602;603;604;606;609;613;616;617;618;619;623;624;625;627;628;631;637;638;641;642;644;645;646;651;652;654;656;659;662;667;668;669;670;671;673;674;675;676;678;680;682;683;685;688;690;691;694;695;697;698;701;702;704;705;706;709;710;711;714;715;718;723;724;727;731;734;735;736;737;743;745;746;748;753;754;756;758;759;766;769;770;774;775;776;777;778;779;780;781;783;785;789;790;791;792;793;802;803;805;806;808;809;811;812;813;816;818;821;823;826;827;831;833;835;836;839;840;841;843;845;847;852;853;854;855;858;859;861;863;864;865;868;869;872;877;878;879;882;889;897;901;903;904;905;906;907;913;915;918;919;921;922;923;925;926;930;931;935;937;938;942;944;945;953;954;955;958;960;962;965;968;969;971;974;975;977;978;979;980;983;986;987;989;990;991;992;993;994;999;1000
708;6;7;8;12;13;20;21;22;23;24;26;27;29;30;31;36;38;41;42;43;45;46;47;48;49;50;51;53;54;55;56;57;63;64;65;68;69;70;73;74;79;81;83;84;85;86;87;89;92;94;97;99;104;107;108;109;111;112;113;115;116;117;119;120;121;122;123;126;128;131;132;135;144;145;146;147;149;150;151;152;154;156;158;160;163;164;165;168;169;170;171;175;176;178;179;182;185;186;191;193;195;196;197;199;200;201;203;204;213;214;217;219;222;224;227;229;230;231;234;235;237;239;243;245;249;250;253;254;256;258;259;260;261;264;268;270;271;273;275;276;277;279;282;283;285;288;289;290;292;293;296;298;299;301;303;304;306;307;308;309;310;313;314;316;317;318;319;320;321;325;326;327;328;329;330;331;332;333;335;336;337;339;340;341;344;345;347;350;351;354;357;360;361;362;363;364;369;370;371;372;374;379;380;381;383;384;385;387;388;389;390;391;395;402;403;407;408;410;416;418;422;424;428;431;433;436;438;440;441;442;444;445;447;449;450;451;452;453;457;458;459;460;461;463;469;470;471;474;475;477;482;486;487;489;492;493;494;496;497;498;499;501;503;504;506;507;509;510;513;518;523;524;527;531;533;535;537;541;542;543;546;548;551;552;553;558;560;563;564;566;567;570;572;573;576;579;580;581;582;583;584;586;587;588;589;590;591;594;596;597;598;600;603;604;605;609;610;612;614;616;618;619;622;624;626;627;629;631;632;635;636;640;642;643;644;646;649;650;651;652;654;655;657;658;662;668;670;671;676;678;679;681;684;687;691;693;694;696;698;699;700;701;703;704;706;709;711;712;713;716;718;719;721;724;725;726;727;728;729;731;732;735;736;737;738;740;743;744;745;746;749;750;752;753;754;755;756;758;760;761;764;768;774;776;779;780;781;782;783;785;786;787;790;791;794;795;796;798;800;803;804;806;807;814;815;816;822;825;826;829;830;831;832;833;834;836;837;838;840;843;846;848;852;854;855;856;857;858;859;860;862;863;865;867;868;870;871;872;873;880;882;884;886;887;891;895;896;900;902;903;905;907;909;910;912;913;914;915;924;926;927;932;933;934;936;939;940;944;948;950;952;954;955;958;959;962;963;964;965;966;967;968;971;973;974;976;977;980;982;983;984;986;988;990;992;994;995;996;999;1000
709;1;3;5;6;8;10;11;14;16;17;18;27;31;35;36;37;41;45;46;47;49;51;52;53;54;57;59;63;67;70;71;72;74;76;77;79;82;86;87;88;90;100;102;104;108;111;113;117;118;119;120;121;126;127;129;131;133;134;136;142;143;145;147;154;155;156;157;159;161;162;163;164;166;167;169;173;175;178;180;181;182;192;193;195;199;202;203;205;211;212;213;217;220;221;225;229;230;232;235;237;242;245;247;249;250;251;253;255;257;259;260;261;263;266;268;273;283;285;286;287;289;291;292;295;296;297;298;300;305;306;308;312;317;322;325;326;327;331;332;335;337;338;342;343;345;347;348;350;352;353;354;355;357;358;363;364;365;367;368;369;374;375;376;378;379;380;381;383;385;389;390;394;395;396;397;398;402;404;405;407;409;412;414;415;417;420;421;422;425;428;431;433;434;436;439;441;442;443;447;450;453;455;456;457;459;461;462;465;466;469;470;471;472;473;476;477;478;479;481;482;485;488;489;490;491;494;496;498;499;501;502;504;507;512;517;518;519;528;529;530;531;532;533;534;536;537;538;541;543;544;545;548;551;552;555;557;558;559;561;562;563;565;572;574;577;581;583;584;585;588;589;590;593;594;595;600;602;603;604;605;608;610;611;617;618;620;622;623;626;627;629;630;632;633;635;638;639;642;644;647;649;651;653;656;658;661;666;667;668;669;670;672;673;675;677;681;684;685;687;690;691;692;693;694;699;700;702;704;705;707;708;710;711;712;714;715;717;721;723;725;726;727;730;732;734;735;739;743;744;745;746;750;751;753;754;755;759;760;762;763;764;770;771;772;773;774;775;776;777;781;782;783;784;785;787;789;791;792;793;795;796;797;798;799;803;804;807;810;813;815;816;817;818;820;825;826;830;832;837;838;839;840;842;843;844;846;849;850;853;854;855;856;857;858;859;860;861;862;863;869;871;873;875;876;877;878;880;883;884;887;890;893;896;899;900;906;907;908;909;910;912;913;915;917;918;919;920;921;924;926;927;928;930;933;934;935;936;937;938;939;941;946;947;951;952;953;955;956;957;964;966;967;968;974;975;976;980;982;984;990;991;993;994;996;998;999
710;3;7;11;12;14;15;16;17;18;19;20;21;22;23;24;26;27;28;29;32;36;38;39;40;42;44;45;46;48;50;52;53;54;56;57;58;59;60;61;62;64;65;68;71;73;74;79;80;82;83;85;87;88;91;92;93;94;98;103;106;109;110;111;113;114;117;119;120;122;123;124;125;126;128;130;132;133;134;136;139;140;141;142;143;144;146;149;150;151;153;155;157;159;160;161;162;165;166;169;170;171;172;174;178;179;180;182;183;184;187;190;192;194;197;200;203;205;208;210;215;216;217;218;219;220;221;222;225;230;231;232;234;235;238;239;240;245;246;247;248;249;254;255;256;259;260;261;262;265;267;270;272;273;274;275;276;277;278;279;280;282;284;287;288;289;293;294;295;296;299;300;303;304;306;307;308;312;313;314;315;318;319;320;323;324;325;326;330;332;333;335;336;337;338;340;341;344;347;349;351;355;356;358;359;362;363;364;365;367;370;371;373;374;378;382;383;384;387;388;389;390;391;392;393;394;395;403;404;406;407;408;409;412;413;414;415;416;417;418;419;420;422;423;425;429;430;431;432;433;436;441;444;448;450;452;455;457;458;460;461;462;466;467;468;470;473;474;475;478;479;481;484;485;488;489;490;491;493;494;496;498;499;500;501;502;504;505;507;509;511;512;513;519;521;523;524;525;530;531;534;536;537;538;544;548;550;556;557;558;559;563;564;566;567;568;570;571;572;574;576;577;578;579;581;582;583;588;589;590;592;598;602;603;612;613;614;616;618;619;620;624;626;629;630;631;632;633;636;638;639;641;643;646;647;648;649;653;655;659;660;661;662;663;666;667;668;670;675;676;677;679;680;681;683;685;686;687;689;691;692;693;697;700;702;703;707;709;711;713;714;716;718;719;720;721;728;729;731;733;738;741;745;746;754;755;756;757;758;760;762;766;767;769;772;776;777;778;779;782;784;785;787;793;794;795;796;798;799;802;803;805;807;809;811;812;813;815;816;818;820;821;824;827;828;831;832;835;837;838;839;840;841;843;844;845;848;850;853;854;864;865;866;868;875;878;879;880;881;882;884;887;888;889;891;892;893;894;896;897;898;904;905;908;909;911;912;914;915;916;919;920;921;923;924;926;928;929;930;933;936;937;938;941;942;943;944;945;947;948;950;953;956;957;958;959;962;963;964;967;968;970;971;972;974;975;981;983;991;992;993;994;996;997;999
711;1;3;4;5;7;8;9;11;12;14;15;19;20;24;25;29;30;32;33;34;36;37;42;43;44;46;47;48;50;54;56;58;59;60;61;64;66;67;68;69;70;72;74;77;79;85;86;90;92;94;96;97;99;100;101;102;103;105;106;111;114;118;120;121;123;124;125;127;128;129;131;132;133;136;138;139;144;148;149;151;152;153;154;155;156;157;159;160;161;162;164;168;170;171;173;177;179;180;181;187;190;194;196;197;198;199;201;203;204;205;207;208;209;210;211;212;213;215;216;217;218;221;222;223;227;228;229;230;233;235;236;237;239;242;244;245;246;248;249;250;252;255;256;257;259;260;262;265;266;268;269;271;273;274;275;276;277;279;280;282;284;286;289;291;292;293;294;296;297;298;299;300;301;302;304;305;307;312;317;321;322;323;325;327;328;330;331;333;334;337;338;345;346;349;350;354;355;356;357;358;360;361;362;363;364;370;373;375;377;379;381;383;386;387;390;391;392;394;395;399;400;401;403;405;406;408;409;410;412;413;415;416;421;422;423;424;425;428;429;430;431;434;442;444;447;448;450;453;455;461;464;465;466;467;469;471;472;473;475;480;481;486;488;490;491;492;493;494;495;496;497;499;500;501;504;505;507;509;514;515;516;517;527;529;533;534;535;536;538;539;541;542;544;546;548;549;550;552;554;556;557;558;563;567;568;569;572;573;574;575;576;579;581;582;584;586;590;591;592;594;596;597;601;603;605;607;608;610;613;615;616;617;618;622;625;626;628;631;634;636;639;640;642;645;651;653;655;656;657;659;661;662;664;667;669;670;672;673;674;675;676;677;678;680;683;684;685;686;688;689;690;694;695;696;699;700;701;702;703;705;707;708;709;710;713;714;719;721;723;724;725;728;729;730;734;735;738;739;740;743;747;750;751;752;753;755;757;758;763;764;765;766;767;768;769;771;779;781;782;783;784;785;786;787;788;798;800;801;803;804;805;806;809;811;812;814;819;823;825;826;827;829;830;831;832;834;835;836;838;839;840;841;843;845;846;848;852;855;856;859;860;861;865;866;867;868;871;873;878;882;888;889;893;894;895;897;899;902;903;905;906;907;908;912;913;914;915;916;917;918;920;921;922;923;924;927;928;929;931;935;936;937;939;941;943;944;945;947;951;953;955;959;962;963;964;966;973;978;979;980;982;985;986;987;988;989;992;993;998;1000
712;3;6;8;13;16;18;19;20;21;23;24;32;33;35;41;42;45;47;48;50;51;52;53;54;55;56;57;58;62;63;64;65;67;70;73;80;84;86;89;91;93;94;95;98;100;102;103;104;105;106;108;111;112;116;117;120;124;127;128;130;133;134;135;136;139;140;141;142;144;145;150;151;153;156;157;159;160;161;162;163;164;167;168;169;171;173;174;178;179;180;184;185;186;187;188;191;192;193;194;196;198;200;202;203;205;208;211;212;214;215;217;218;219;220;226;230;232;234;238;240;242;244;245;246;247;249;250;254;255;257;258;260;261;262;264;266;269;270;271;274;276;277;278;279;282;284;285;286;288;289;290;291;292;293;294;295;296;299;302;303;307;309;312;315;316;317;322;323;324;325;329;333;335;336;337;339;341;342;343;344;347;348;349;350;351;352;353;354;355;356;357;360;361;367;369;370;372;373;374;377;378;379;382;384;387;392;393;395;399;400;407;408;412;414;415;418;419;420;422;423;424;425;429;430;431;432;437;439;440;445;446;447;448;449;453;454;455;456;457;459;460;461;464;468;469;471;472;473;475;476;477;478;479;481;482;483;485;486;488;491;493;494;496;499;500;502;503;505;508;510;513;516;517;519;520;522;523;526;528;529;531;532;538;539;543;544;545;547;548;549;551;552;553;554;556;561;565;567;569;571;572;575;577;579;583;585;586;587;589;591;592;593;595;597;599;600;603;606;607;608;609;610;612;613;614;617;619;620;623;625;630;631;634;639;640;641;646;648;650;651;654;655;657;658;659;661;662;663;666;667;669;670;671;673;677;679;680;681;687;688;689;690;691;699;700;701;703;705;706;708;709;717;718;720;724;725;728;729;730;733;736;737;738;739;740;742;743;746;747;749;752;753;755;756;757;758;759;760;763;765;769;772;773;774;778;780;781;782;783;784;785;787;788;791;792;794;795;796;798;802;803;804;806;807;808;809;812;814;815;818;824;825;826;829;832;833;834;835;836;840;841;842;844;845;846;848;855;860;861;866;867;869;870;872;875;876;877;878;880;881;883;884;885;886;888;890;892;893;895;897;903;904;905;906;909;910;911;913;915;916;918;920;921;927;928;929;936;937;939;942;947;950;952;955;957;958;959;960;963;964;966;968;970;972;974;978;980;983;987;989;991;993;994;997;998;999;1000
713;2;7;9;10;11;12;14;15;16;20;22;24;25;27;28;30;31;33;34;35;38;42;46;47;48;50;51;53;55;57;60;62;63;64;65;66;67;70;71;72;73;76;77;79;80;82;84;86;87;98;99;101;103;104;106;107;111;112;116;121;122;123;124;126;128;130;135;137;143;147;150;153;155;156;157;158;159;162;164;165;167;168;169;173;174;176;177;182;185;186;187;188;189;192;194;196;199;200;201;202;206;207;208;211;215;216;219;221;222;223;224;228;229;230;241;242;247;249;251;254;257;259;260;261;262;264;267;268;272;273;274;275;276;281;282;284;289;290;291;292;293;294;297;298;300;302;304;309;311;312;313;317;318;319;321;322;324;327;331;332;333;334;335;336;337;338;340;341;342;343;344;345;348;349;350;354;355;358;360;367;368;371;373;374;376;377;378;380;383;386;387;388;391;393;397;403;405;406;408;410;411;413;417;419;420;423;426;427;428;429;430;432;437;439;440;441;443;445;447;448;450;451;456;458;463;464;465;466;468;470;472;473;474;478;481;483;485;487;489;490;495;496;498;500;502;506;508;509;512;513;519;521;525;526;527;528;529;530;531;533;538;539;540;548;549;553;556;558;563;564;565;566;567;568;570;572;574;580;581;585;591;593;595;597;598;602;603;607;608;610;611;612;613;614;615;621;626;627;630;634;637;639;640;641;643;644;645;646;647;648;649;652;656;659;661;666;667;672;674;676;678;681;682;683;685;689;691;692;693;695;697;699;701;702;706;708;710;711;714;715;717;719;720;723;724;729;730;731;734;735;736;738;739;740;741;742;746;747;748;749;751;752;753;755;756;759;761;765;766;768;769;772;773;776;778;781;785;786;787;788;789;791;793;794;795;796;798;801;802;804;805;806;807;808;809;812;815;816;818;821;822;823;824;827;828;829;830;832;833;834;838;840;843;844;845;847;848;852;853;854;855;857;861;862;863;864;865;867;868;871;873;874;875;878;879;881;882;890;894;895;898;899;901;902;905;906;907;908;909;912;914;916;917;918;919;920;923;924;929;930;935;936;939;941;942;943;944;945;946;947;948;950;951;953;956;961;963;966;968;970;971;974;980;981;983;984;987;988;989;990;993;994;996;998;999
714;1;2;3;5;7;8;9;10;12;14;16;17;22;24;26;33;34;35;36;38;40;42;43;44;45;46;49;51;54;55;56;59;60;62;63;64;66;68;69;71;73;74;75;76;77;78;81;88;91;93;94;97;98;99;100;103;113;114;116;119;122;123;127;128;130;133;134;135;136;137;138;140;141;143;144;146;147;149;151;152;157;158;160;161;162;164;165;166;167;169;170;171;172;174;175;176;178;179;180;181;184;186;187;189;190;193;194;195;198;202;205;206;207;208;209;213;216;219;220;222;223;226;229;231;232;234;237;239;242;243;244;245;247;252;253;255;259;260;263;265;273;274;275;276;277;285;286;288;290;291;292;294;295;297;298;300;304;308;309;311;313;315;316;320;321;322;323;327;328;329;334;335;336;337;338;339;343;347;348;349;350;351;354;356;359;360;361;364;365;366;367;371;372;375;376;378;379;383;386;390;395;396;398;399;400;403;409;412;413;415;417;422;424;426;429;435;438;439;441;442;444;445;449;452;453;457;458;459;460;461;462;467;468;469;470;471;478;479;485;492;493;494;497;498;499;500;501;503;505;507;509;510;511;514;517;519;521;524;526;527;528;531;532;533;534;535;537;538;539;542;543;544;545;546;547;549;551;552;559;561;566;567;571;573;574;575;578;579;581;584;586;587;588;589;590;596;599;600;606;607;615;617;618;619;620;622;624;625;626;627;628;634;635;638;642;643;645;646;648;649;650;651;654;655;659;660;661;663;664;665;666;669;670;679;680;682;683;684;688;693;694;695;697;700;701;703;704;707;709;710;711;713;715;717;718;719;720;722;724;725;727;729;730;732;735;736;737;743;744;745;746;747;749;750;752;753;755;758;760;762;763;764;766;768;773;775;776;777;778;779;782;784;785;786;794;795;800;801;804;807;808;811;815;816;819;820;823;825;826;827;831;833;838;842;843;844;846;847;848;852;853;855;856;861;862;863;869;876;877;882;884;887;889;891;893;894;895;896;899;900;901;902;903;904;908;910;913;914;918;920;921;924;925;926;927;928;930;934;935;938;939;940;941;942;943;944;945;946;947;949;952;954;956;958;960;961;962;963;964;965;966;967;968;973;975;977;980;981;982;984;985;989;990;991;994;995;998;999;1000
715;1;2;4;5;7;8;10;11;14;19;20;21;22;23;24;26;29;30;31;32;35;37;39;40;44;45;46;48;51;54;60;61;62;63;66;68;70;71;72;73;75;76;79;80;82;84;85;87;88;92;93;94;95;97;100;104;107;112;113;114;116;117;119;122;127;130;131;133;135;136;138;140;141;146;148;151;152;153;154;155;156;159;169;176;177;180;183;184;185;186;191;192;195;196;197;198;204;205;207;209;210;212;213;216;218;219;220;222;223;224;225;227;230;233;234;235;239;241;242;244;245;246;247;248;250;251;252;253;254;255;257;258;259;260;263;266;268;270;271;272;273;274;276;277;278;279;283;287;288;290;291;293;296;299;300;303;305;307;308;310;311;313;314;316;317;318;319;324;326;327;330;332;334;335;336;337;339;340;342;343;344;345;348;351;352;353;354;355;358;361;362;363;365;367;368;370;371;376;379;380;383;384;385;390;391;393;396;397;398;399;400;402;403;404;405;408;409;413;417;419;420;421;423;425;426;427;431;432;434;437;439;441;442;447;448;449;450;453;454;455;458;460;462;465;467;468;469;471;472;474;475;479;480;484;489;492;495;496;498;500;501;502;504;505;507;510;511;512;516;517;518;519;521;524;526;528;530;531;535;537;543;546;548;549;550;551;552;554;555;556;559;560;562;566;570;571;572;573;575;576;579;582;586;588;589;592;594;595;596;600;601;602;603;605;606;609;611;617;618;619;620;621;625;627;633;637;639;640;643;645;646;649;650;651;653;654;657;658;659;660;662;667;669;671;672;676;677;678;680;684;686;688;694;695;698;700;703;704;706;707;709;713;714;717;721;722;724;725;726;727;728;733;735;736;744;747;749;754;758;760;765;768;770;771;772;774;776;777;779;787;790;793;795;799;802;805;808;809;810;811;812;815;816;817;819;821;825;826;829;832;834;835;840;841;843;847;850;853;854;858;862;863;867;868;870;872;874;876;877;879;880;881;885;886;890;892;894;896;898;900;902;904;907;908;909;910;911;912;918;921;922;925;926;927;929;930;934;935;939;944;945;946;947;948;952;953;954;955;956;961;964;967;968;969;970;971;972;973;976;979;980;981;982;983;984;986;989;990;992;997;998;1000
716;1;2;3;4;8;11;12;13;14;17;21;24;25;26;30;31;32;33;36;37;39;43;44;45;46;48;49;51;58;59;61;62;64;65;66;67;68;69;71;72;73;74;75;77;79;81;82;85;87;88;90;91;92;97;99;100;101;103;104;105;106;107;108;109;110;112;115;116;120;121;122;124;127;129;130;131;134;138;140;141;143;146;149;151;155;156;157;158;160;162;163;164;165;167;169;170;172;178;184;185;186;188;190;191;192;193;195;201;205;206;209;210;211;213;214;217;221;223;224;226;227;228;230;232;234;235;238;239;240;241;242;243;247;250;253;255;258;260;265;270;271;274;276;281;284;286;288;289;290;291;293;294;295;299;300;301;302;303;305;306;309;312;313;314;316;317;318;321;322;325;327;328;329;336;337;338;344;346;351;352;355;356;358;359;360;362;364;365;366;367;368;371;372;375;376;378;379;385;386;387;390;391;394;396;397;400;401;402;404;405;406;411;412;413;415;416;417;418;420;422;423;424;430;431;432;434;438;444;448;449;452;453;456;460;461;463;465;466;468;470;471;472;473;474;475;477;478;483;484;487;488;489;490;494;495;497;498;499;501;504;507;509;515;516;519;520;522;523;524;525;526;531;532;533;535;536;537;539;540;542;544;546;547;549;551;552;553;554;555;557;558;562;563;564;565;566;568;570;572;573;574;579;582;583;585;586;590;591;599;603;604;605;607;608;609;612;614;616;619;620;622;623;625;626;627;631;632;634;635;637;639;641;642;643;644;645;647;648;649;652;654;657;659;665;666;668;669;671;677;679;680;681;682;683;686;687;689;692;695;696;701;702;704;705;708;710;717;718;719;721;723;726;727;728;731;732;734;737;741;745;747;748;751;752;753;755;761;762;764;765;768;769;771;772;776;779;785;791;795;796;799;805;810;811;817;818;820;821;822;827;828;831;834;835;836;837;838;839;841;843;844;845;846;847;850;854;855;856;857;860;862;865;867;869;873;876;878;880;881;884;885;886;887;890;891;894;895;897;899;902;903;909;915;920;922;923;924;925;928;929;930;931;932;936;937;939;940;942;944;945;946;947;948;954;959;962;963;964;966;968;969;971;974;975;978;979;980;983;984;985;986;987;989;990;991;992;994;998;999
717;3;4;8;11;13;14;15;18;19;22;23;24;25;27;32;37;39;40;41;44;46;48;49;54;55;62;64;69;75;77;81;83;85;86;88;92;94;100;102;104;105;107;109;110;111;114;115;116;117;118;119;122;123;124;126;127;129;130;131;132;133;137;138;142;145;146;148;149;151;152;153;157;158;160;161;162;163;164;169;172;173;174;178;180;182;183;185;187;189;196;197;198;200;203;207;211;213;215;216;221;225;227;228;229;232;233;234;238;241;243;244;247;249;250;251;252;254;257;258;259;261;262;263;264;265;267;269;271;272;274;276;277;278;281;285;287;293;298;299;303;307;310;312;313;314;316;317;318;319;321;322;325;327;330;331;333;338;341;342;343;344;345;354;356;358;359;360;361;363;364;366;367;368;369;371;372;373;376;378;379;380;381;383;384;390;391;393;394;395;397;400;401;402;403;404;406;407;408;409;412;414;415;418;423;424;426;429;430;431;432;434;438;439;441;442;443;445;447;449;450;453;455;458;462;464;465;467;469;470;475;477;479;481;484;486;487;488;489;490;493;494;495;496;497;499;500;505;506;508;512;515;516;517;519;520;521;522;524;525;526;527;532;534;535;536;539;540;541;544;545;548;549;551;553;554;558;560;563;564;567;568;570;571;573;574;575;578;579;580;581;582;583;584;585;586;589;590;592;593;594;595;603;607;611;614;615;616;618;620;622;623;624;627;628;632;634;635;636;637;640;642;643;646;648;649;651;652;653;654;657;658;659;660;661;662;664;666;667;668;669;670;673;674;675;679;680;681;683;686;687;690;691;693;694;698;701;704;705;706;709;712;713;714;715;716;721;722;724;727;729;730;733;734;735;736;737;739;741;746;747;750;751;752;753;754;756;757;758;759;763;765;766;768;769;774;775;777;780;782;784;788;789;791;792;793;794;796;797;798;801;803;806;810;811;812;813;814;817;819;820;824;828;833;836;838;839;840;841;848;850;853;854;856;857;858;860;861;865;866;868;869;872;877;879;881;882;883;884;885;886;887;892;893;895;897;898;899;900;902;903;904;905;906;907;908;910;911;917;919;921;922;924;925;928;929;931;935;939;942;944;945;950;952;953;954;957;961;963;969;972;973;975;976;977;981;982;983;984;985;987;990;993;994;995;997;998;999;1000
718;2;4;10;11;15;16;17;18;19;20;21;22;23;24;26;27;28;31;35;36;40;43;47;49;50;51;52;58;59;61;67;69;71;72;73;74;77;78;80;84;88;89;91;93;94;101;103;105;108;110;111;114;116;117;119;121;129;131;134;135;137;138;140;141;143;145;146;151;152;153;154;155;156;157;158;159;162;163;166;168;169;173;177;178;179;184;188;190;191;193;194;195;196;198;199;200;201;203;206;210;211;213;214;215;216;217;221;222;223;224;226;231;232;233;236;237;238;239;244;246;248;249;252;253;254;255;256;258;259;260;263;264;265;266;268;273;276;278;282;283;285;286;287;292;293;294;296;298;301;303;304;305;308;312;317;318;320;330;332;333;334;336;337;341;344;350;352;353;354;356;357;363;366;367;368;372;373;374;376;379;380;381;382;383;386;387;388;389;390;391;392;394;398;401;403;405;407;410;411;413;414;415;427;428;429;432;439;447;449;453;454;455;456;458;459;460;463;464;474;476;478;480;482;483;484;486;487;488;489;491;493;494;499;500;502;507;508;513;514;518;519;520;521;523;527;528;529;532;533;534;535;536;541;542;544;546;547;552;553;555;556;557;559;560;561;562;563;564;567;568;569;570;571;572;577;578;580;582;586;587;588;590;591;593;594;595;596;598;599;603;604;606;607;608;612;613;614;617;619;620;621;622;624;626;627;628;630;632;633;634;635;637;639;642;643;645;646;647;650;653;654;656;657;661;662;663;665;672;673;674;676;679;680;681;684;689;690;692;693;699;700;703;705;706;707;708;710;712;714;716;720;721;722;724;727;729;730;731;734;735;737;738;740;741;742;743;744;746;753;754;757;760;762;764;765;767;768;769;770;771;772;773;775;780;782;784;786;788;789;790;797;798;799;801;802;804;805;807;808;811;813;817;819;820;821;824;825;826;827;832;837;838;841;843;844;845;846;848;849;850;851;852;856;859;860;862;866;867;869;871;872;874;876;879;880;883;884;885;886;887;890;891;893;894;895;899;900;901;903;904;906;907;908;909;910;913;915;917;918;919;920;921;923;925;930;932;934;936;937;939;941;942;943;944;945;946;947;949;952;953;955;956;958;964;965;967;968;969;971;973;978;980;981;984;986;990;995;998;999
719;3;4;5;6;7;8;9;11;12;17;18;19;24;25;26;30;31;33;37;38;39;40;43;44;45;46;48;49;50;53;54;55;57;58;59;61;63;64;66;67;69;70;73;74;77;84;85;88;90;92;94;95;96;97;98;99;100;103;104;106;114;116;117;118;119;121;122;123;125;126;127;129;134;136;137;138;139;140;141;143;146;147;150;151;154;155;156;158;160;161;163;164;165;166;168;169;174;182;184;188;190;194;197;198;199;201;203;204;206;209;210;212;214;215;217;219;220;223;224;226;230;231;232;235;237;238;240;241;243;244;245;246;247;248;250;252;255;256;258;262;263;267;268;269;272;273;275;276;279;280;282;283;284;285;291;292;294;295;296;297;300;302;303;310;311;313;315;317;319;321;324;325;326;327;329;331;332;336;339;340;344;348;350;352;355;357;358;360;362;364;367;368;369;371;373;376;377;378;382;383;384;387;388;389;390;392;395;396;398;400;401;403;407;409;411;413;414;417;419;425;426;428;430;432;434;436;437;439;441;445;446;448;450;457;460;462;463;466;470;471;473;474;477;478;479;484;488;490;492;494;495;497;499;500;502;504;506;507;508;510;511;514;515;516;518;519;521;522;524;525;527;528;530;532;534;535;537;539;540;542;544;545;549;550;552;553;556;557;559;562;563;564;565;566;567;569;572;577;578;579;582;583;584;586;587;588;589;590;591;592;593;594;595;596;597;598;601;604;608;610;611;612;615;623;624;625;626;628;630;632;633;635;637;640;641;644;645;647;648;651;653;658;663;664;666;671;673;675;678;681;682;685;689;691;692;694;695;698;700;702;703;704;705;708;710;711;713;714;716;723;725;726;728;729;730;733;735;736;738;739;740;741;742;746;747;750;758;759;761;762;767;771;773;775;776;782;787;789;791;795;796;797;798;799;801;804;805;806;813;816;818;819;820;824;825;828;831;832;837;838;846;847;848;851;853;854;855;856;857;859;861;862;863;864;866;871;874;875;876;879;880;885;888;890;891;893;895;897;900;901;903;905;910;911;914;915;917;919;920;921;922;924;925;927;928;929;930;933;934;938;941;942;943;946;947;948;949;951;953;955;956;957;958;960;961;962;964;967;969;971;972;973;977;978;980;981;988;990;995;996
720;2;5;9;10;12;14;15;16;19;20;23;25;26;27;29;30;34;35;37;39;43;44;48;49;52;54;55;56;58;59;63;64;67;70;72;74;75;78;79;80;83;86;89;91;94;95;103;106;107;109;110;111;113;114;117;118;120;122;123;124;128;129;130;131;132;133;134;135;137;141;143;144;146;149;154;156;157;161;162;164;167;168;169;170;171;172;175;176;180;181;184;186;187;188;195;197;199;204;206;207;209;210;213;216;217;220;221;227;228;229;234;236;237;240;243;246;247;248;249;253;255;256;257;258;259;260;262;266;269;270;271;274;278;280;282;283;288;289;290;292;295;296;300;301;302;303;305;306;308;309;310;311;313;315;317;318;319;320;321;323;325;326;333;338;342;343;344;352;356;357;358;359;363;366;367;368;373;376;377;378;379;380;381;382;383;385;386;388;390;392;395;396;399;403;404;407;408;409;415;425;426;428;429;430;431;432;433;434;435;436;440;442;444;449;450;451;454;455;458;459;460;463;464;465;466;467;470;471;473;474;476;477;482;486;487;488;489;490;495;496;497;499;500;501;502;503;506;507;508;509;510;511;512;515;518;519;520;521;523;525;526;528;532;534;535;537;540;542;545;546;548;549;552;553;555;556;557;558;560;563;564;566;567;568;569;571;572;574;575;576;577;578;579;581;584;585;586;587;588;589;591;593;594;596;597;605;607;609;612;613;615;618;619;620;621;622;624;625;626;627;630;631;635;636;640;641;645;650;651;653;656;657;658;662;663;664;665;666;667;671;673;674;680;681;686;688;689;690;692;694;696;697;699;700;702;704;705;706;710;712;713;714;718;722;729;731;732;734;736;738;742;743;746;749;751;752;753;761;762;765;766;767;769;770;772;774;775;776;777;778;782;783;786;788;789;790;794;797;801;802;805;806;808;811;813;814;816;818;821;823;825;826;828;830;831;832;833;834;839;840;843;845;847;849;851;852;853;854;856;861;862;863;865;866;867;872;874;876;878;885;886;887;889;892;893;895;897;899;900;901;903;905;908;910;911;913;917;918;919;920;923;925;926;927;930;932;935;937;938;939;941;942;943;944;946;951;952;955;956;958;959;960;961;963;965;967;968;969;970;971;973;974;975;977;979;982;983;986;987;989;990;991;996;998;999;1000
721;2;4;5;6;7;8;9;10;15;17;20;21;22;25;27;29;31;34;35;42;43;44;49;52;54;56;58;62;63;67;68;71;72;73;75;76;78;81;83;86;87;88;94;95;96;100;101;104;106;107;108;113;117;118;119;120;122;123;131;132;134;135;136;140;142;144;146;147;148;150;151;156;157;159;160;161;165;167;169;170;171;173;176;181;183;187;188;189;191;194;195;196;199;201;204;205;206;207;208;210;212;216;217;221;222;223;226;232;233;234;235;237;238;239;240;243;245;246;249;251;252;253;255;258;259;262;263;266;267;269;274;278;281;282;285;286;290;291;292;293;294;296;297;299;301;305;306;310;311;314;316;317;319;321;322;323;324;327;328;329;330;335;336;340;341;343;344;345;346;348;349;350;351;353;356;358;359;361;362;363;366;370;373;377;378;379;380;381;382;383;386;388;389;391;392;394;395;396;398;399;400;401;404;406;408;410;411;414;415;416;420;421;422;423;424;426;428;429;430;434;435;436;437;438;439;440;441;444;446;447;448;449;453;454;458;459;462;463;465;466;473;480;485;486;490;491;492;493;496;501;502;503;504;505;506;507;509;510;512;516;517;518;520;521;524;528;529;530;533;537;538;541;542;543;545;546;547;549;551;553;557;558;563;564;565;569;570;572;573;574;576;577;579;580;581;582;584;585;586;588;589;590;591;592;594;595;596;599;600;601;602;603;604;606;608;612;613;614;615;619;623;626;627;630;631;634;635;637;639;640;642;644;645;648;651;656;657;659;660;663;664;665;668;672;673;674;680;681;682;685;686;692;694;695;696;697;699;701;702;703;704;708;709;710;711;715;716;717;718;724;728;733;734;735;739;743;745;746;748;749;750;752;753;754;755;756;760;761;762;763;764;765;766;767;770;771;772;775;778;779;780;781;782;783;785;788;791;793;794;795;796;798;799;802;803;804;809;810;813;814;815;816;817;819;821;823;824;825;827;830;831;832;834;839;841;842;844;846;847;851;852;853;855;858;859;861;863;866;867;868;871;874;875;882;884;886;887;891;894;895;897;902;903;904;908;909;910;911;912;913;915;916;918;919;920;922;923;927;929;930;934;935;939;940;941;943;944;947;948;949;951;952;953;955;958;962;965;967;968;973;975;976;978;980;981;987;988;989;990;992;993;995;997;998;999
722;4;5;6;9;10;11;13;14;15;16;17;23;24;26;28;30;31;33;34;35;36;37;38;40;41;43;45;47;48;51;52;55;57;58;61;64;65;67;69;70;72;74;76;78;80;82;83;91;92;94;98;99;100;102;106;108;111;113;115;116;117;122;123;125;127;128;129;130;131;134;136;138;139;142;144;146;150;151;152;154;158;162;164;166;167;168;171;174;176;180;184;185;187;190;191;194;195;201;205;206;207;208;209;210;212;213;214;218;219;220;224;225;232;233;236;237;238;239;240;243;245;246;248;249;250;252;253;254;259;260;261;263;264;265;268;269;271;272;276;280;283;284;285;287;290;292;293;294;295;296;297;298;299;302;304;307;308;309;310;314;315;316;329;332;334;335;336;340;344;345;346;348;350;351;353;358;359;360;362;363;365;368;370;371;374;375;376;377;380;381;385;388;391;392;394;395;396;397;400;401;404;407;408;409;410;411;413;414;415;416;419;423;424;429;430;432;433;436;438;445;446;447;449;450;453;455;456;458;459;460;461;462;463;466;467;469;470;471;472;474;475;478;481;484;486;487;488;492;493;494;495;497;498;503;504;505;509;510;514;515;517;518;521;522;525;526;529;530;531;533;534;538;539;541;542;545;548;549;551;553;554;563;564;567;568;569;575;578;580;583;584;592;595;597;598;599;602;604;605;606;607;609;611;612;614;618;623;627;629;631;634;635;639;643;644;645;647;649;654;656;663;667;672;676;681;682;684;685;686;687;689;692;693;694;697;700;701;703;714;715;717;718;720;724;727;729;730;732;734;735;736;740;742;743;746;751;752;755;758;760;761;762;763;764;765;766;767;770;772;775;776;777;778;780;781;783;784;785;786;789;793;795;797;802;806;807;814;818;819;825;826;830;831;832;833;835;837;839;840;841;846;847;848;849;854;855;857;859;863;865;872;880;884;885;886;889;890;891;894;895;896;898;900;901;902;903;904;907;908;909;911;912;914;915;916;917;918;919;920;921;923;924;925;928;930;931;933;935;936;938;939;940;942;944;947;950;951;952;954;955;956;958;960;963;964;965;967;970;971;973;974;975;978;980;981;982;983;985;988;991;992;994;995;997
723;1;3;4;6;8;10;14;16;17;18;22;24;25;27;28;31;37;38;39;40;41;42;44;45;48;51;58;59;66;70;74;75;76;77;79;80;81;83;84;91;93;95;100;101;103;104;105;106;107;110;112;114;120;121;122;124;125;129;130;136;137;140;142;148;149;156;157;159;160;162;165;167;169;171;174;175;176;177;181;182;183;184;185;186;188;189;190;191;192;196;197;198;199;201;202;205;206;207;208;211;212;214;215;217;218;219;222;225;226;229;234;236;238;240;241;245;247;251;253;255;256;257;258;259;262;264;265;267;269;274;276;280;281;283;284;285;286;290;295;296;297;298;299;300;304;307;308;309;311;312;314;319;323;324;325;326;330;331;333;334;335;341;342;348;349;350;352;353;354;355;357;360;363;366;367;368;370;371;372;374;376;377;378;379;381;383;384;398;401;402;403;404;405;408;409;410;412;415;418;419;420;421;423;426;432;434;435;436;438;440;445;446;448;449;453;455;456;460;461;462;463;465;466;468;469;477;479;482;484;486;490;495;498;499;500;504;507;508;510;512;515;516;517;519;521;522;524;525;528;531;532;534;535;536;541;544;545;546;549;551;554;555;557;558;559;560;561;563;566;569;571;574;575;577;580;581;582;585;588;590;591;592;593;595;598;599;600;601;605;607;608;609;610;611;614;615;617;619;620;622;623;624;625;630;631;636;638;642;645;646;647;648;650;651;652;660;662;663;665;667;671;672;677;678;679;684;686;689;692;694;701;702;703;705;706;707;709;711;713;716;719;724;725;728;731;732;736;737;738;739;740;741;745;746;749;751;753;759;760;762;763;764;765;766;769;770;773;774;776;781;782;783;784;785;786;787;788;791;793;798;799;803;804;805;808;809;810;815;817;818;820;824;825;826;828;830;834;836;837;840;843;844;845;847;849;851;853;854;856;859;864;865;872;879;881;882;883;885;886;887;888;893;895;897;898;899;900;905;910;912;913;917;918;919;921;922;924;925;926;929;931;932;935;936;937;938;939;942;944;947;950;955;959;960;962;967;969;971;974;976;977;982;983;987;988;990;991;992;993;994;998;999;1000
724;3;4;7;10;11;12;15;16;18;21;23;26;30;31;32;33;35;40;42;43;45;51;52;53;54;58;60;61;62;63;64;65;71;72;77;78;81;84;85;89;91;95;96;98;99;100;104;109;111;114;115;116;117;118;123;125;128;129;131;133;134;136;138;141;147;148;151;154;156;157;160;161;164;166;168;170;171;174;176;180;181;182;184;188;189;193;197;199;200;201;203;206;208;213;214;215;216;217;218;219;220;221;223;224;225;227;228;229;230;232;233;234;235;236;237;238;239;242;245;246;250;252;253;256;260;262;267;271;274;275;276;281;283;285;286;288;292;293;295;299;300;301;302;303;307;308;309;310;315;316;318;321;322;324;325;327;329;330;331;334;337;340;341;344;346;348;351;352;353;354;355;356;358;360;364;365;366;367;368;369;370;371;379;380;382;383;385;387;389;392;395;396;397;398;401;402;403;406;408;409;410;413;414;417;419;420;421;423;428;430;432;433;436;438;439;443;444;445;446;447;448;455;460;461;462;464;468;469;471;476;477;481;483;485;486;488;489;490;491;499;500;502;504;506;508;512;513;514;515;518;524;525;529;530;531;535;537;538;539;546;549;550;551;553;554;555;556;557;558;559;560;561;562;563;565;567;568;569;573;574;575;577;584;585;586;587;588;589;590;591;594;597;598;599;600;601;603;604;605;607;608;609;611;612;615;616;617;618;620;622;623;624;627;631;632;633;634;635;638;642;645;651;652;653;654;656;658;659;662;663;664;669;670;674;675;676;677;679;681;682;685;691;698;699;701;705;706;707;708;711;712;713;714;715;717;718;721;722;723;726;728;736;737;741;742;744;747;748;751;752;753;754;756;757;758;760;765;768;771;772;773;774;778;780;784;785;788;790;793;794;795;796;798;802;803;804;805;808;815;818;819;820;821;823;824;828;829;831;832;833;836;838;839;844;845;846;849;850;853;855;856;857;859;860;861;864;865;866;868;870;873;874;875;886;887;891;892;894;895;898;900;901;903;907;908;915;917;918;922;923;925;926;927;928;931;932;933;935;936;938;939;943;945;947;950;953;954;957;958;960;963;965;969;971;978;980;981;983;984;986;988;989;990;992;993;994;996;997;998;999
725;1;2;3;5;9;11;13;19;20;25;27;28;29;35;39;41;43;47;48;50;52;53;54;56;57;59;61;62;65;66;68;69;72;73;75;80;83;85;87;89;90;92;93;94;95;96;98;100;101;102;103;105;106;108;109;113;115;116;117;118;119;124;126;127;128;130;132;135;137;142;143;146;148;149;150;152;153;154;161;167;168;172;174;175;178;182;183;184;185;186;189;190;191;193;194;197;204;206;207;210;214;217;218;220;221;223;224;225;227;229;232;234;236;238;241;242;245;246;250;251;254;255;258;259;262;263;265;269;274;276;277;278;279;282;284;288;289;290;292;293;296;297;299;300;303;304;305;306;308;309;310;314;315;318;320;321;322;323;325;328;330;332;333;338;339;341;342;347;349;351;352;353;354;356;359;360;361;362;364;366;367;368;370;372;373;374;377;382;384;386;387;388;389;391;392;393;394;395;399;400;403;405;407;408;411;412;413;417;418;419;420;422;425;426;430;432;433;438;439;440;444;446;449;451;452;456;459;460;463;466;467;468;472;474;476;477;479;480;481;482;483;484;494;495;496;502;506;508;509;510;512;516;517;519;520;521;523;524;528;529;530;531;532;533;536;541;542;545;548;552;553;555;557;558;559;562;563;566;569;572;573;574;575;576;580;583;586;588;592;593;594;596;600;602;603;604;606;608;610;611;612;616;617;621;623;624;626;627;628;630;631;632;633;634;635;636;640;642;644;645;646;649;650;652;655;656;657;660;661;662;663;665;668;669;672;673;679;682;684;688;689;690;691;693;695;696;698;700;705;708;709;711;712;714;715;719;723;729;730;731;734;735;736;737;738;739;740;742;743;745;747;749;753;756;760;762;763;765;766;768;769;772;774;776;777;779;781;782;784;785;787;790;791;794;795;797;799;800;801;803;805;808;809;814;815;817;818;821;822;824;826;830;833;836;837;840;843;844;846;847;848;849;850;851;853;854;856;862;863;864;865;866;867;868;870;871;872;873;874;875;879;880;881;882;884;885;886;887;889;896;897;901;903;904;906;907;908;909;911;913;914;915;917;919;920;921;923;924;925;926;927;933;934;935;936;938;940;941;943;945;946;951;953;954;961;962;963;965;966;968;972;973;977;978;979;982;983;985;988;989;990;991;995;996;998;999;1000
726;1;2;3;7;8;14;15;16;17;20;21;22;23;25;26;33;34;38;41;42;43;46;47;48;50;51;55;56;57;58;60;61;62;63;64;65;69;71;73;74;76;77;78;80;81;83;85;86;87;92;95;96;97;98;102;103;105;106;108;110;111;113;115;116;117;118;123;124;127;129;133;137;138;139;141;143;144;145;146;147;149;152;154;155;156;160;161;162;164;166;167;169;170;171;172;174;178;184;186;195;197;199;201;202;203;205;206;207;209;210;213;214;215;216;217;221;223;224;225;227;229;232;233;234;239;241;242;243;245;246;247;248;250;251;252;255;256;259;260;261;263;264;268;270;271;274;275;280;282;283;285;286;287;288;290;291;292;293;294;296;299;301;302;303;307;309;310;315;318;319;320;322;324;327;329;330;334;337;340;342;343;345;346;349;354;366;367;368;369;370;372;373;374;375;378;380;381;384;385;387;388;389;390;393;394;396;397;399;402;403;405;407;408;412;413;417;419;424;426;428;429;430;431;432;433;435;437;442;449;450;452;454;455;456;457;465;470;471;474;478;479;482;483;486;487;488;489;490;491;492;493;495;500;501;503;504;505;508;509;510;511;516;517;519;521;522;524;525;526;532;533;536;538;542;543;544;545;546;551;552;554;556;557;558;559;561;562;565;567;568;569;572;573;574;578;580;590;591;593;594;596;599;601;604;605;607;611;612;615;617;618;619;620;622;623;624;625;626;627;628;631;632;634;638;640;641;643;645;648;649;651;652;653;654;657;658;659;660;661;662;663;665;667;668;669;671;672;673;674;677;678;681;682;684;686;687;688;691;696;702;703;704;706;708;709;715;716;719;724;728;731;732;733;734;735;737;739;740;745;746;747;748;749;751;753;757;758;759;763;764;765;767;768;769;771;772;773;776;777;778;779;781;788;789;790;791;792;793;797;799;800;802;803;804;805;806;808;811;813;815;816;817;818;819;820;821;823;825;826;828;831;835;836;840;842;843;844;845;847;849;850;859;861;870;871;872;873;875;878;880;881;883;890;891;894;895;898;900;901;903;904;906;909;915;920;922;923;924;926;928;929;930;931;935;936;940;941;944;945;946;947;948;951;952;953;955;957;958;961;964;967;970;974;975;976;979;980;983;985;986;987;990;993;995;998;999;1000
727;3;5;6;8;10;12;16;17;21;23;26;28;29;32;34;41;43;44;47;48;49;50;52;53;57;58;59;62;63;68;71;72;74;78;87;88;89;93;94;95;96;98;99;100;103;104;106;108;109;113;114;115;116;117;119;121;122;124;125;126;127;129;130;132;137;139;140;142;143;144;145;149;150;151;152;153;154;155;160;162;163;164;165;166;167;168;169;170;171;174;175;176;177;178;181;182;183;185;188;189;190;192;193;198;200;201;204;207;208;210;211;214;215;216;217;219;225;228;230;232;233;234;235;237;241;242;244;247;251;252;253;255;257;260;262;263;264;267;268;269;270;275;278;283;284;285;286;287;289;291;292;294;295;298;301;306;307;308;310;312;313;314;315;316;317;318;321;323;324;325;326;327;329;332;334;339;340;342;343;345;346;350;354;358;365;366;367;369;370;372;374;375;376;378;380;382;383;387;388;389;390;391;392;393;395;396;399;400;403;406;407;408;410;411;413;414;415;419;420;421;422;423;425;427;429;432;433;435;436;438;441;444;445;446;448;449;450;454;455;456;457;458;460;461;462;464;466;468;470;471;472;473;475;477;479;480;481;482;483;485;489;491;494;497;498;501;503;504;505;510;513;517;518;519;520;521;524;526;527;531;532;533;536;537;540;541;542;543;544;550;551;552;553;556;557;559;560;561;562;563;565;568;572;573;575;576;577;580;581;582;584;585;586;587;588;590;592;593;594;598;599;600;601;602;607;608;610;614;617;620;621;624;625;626;628;630;631;632;633;636;638;641;642;644;645;647;649;651;655;657;658;660;664;665;667;668;669;671;673;674;676;679;683;687;691;694;698;701;704;706;707;708;709;714;715;716;717;718;722;731;732;733;735;736;740;742;743;746;747;748;749;750;751;753;754;755;759;760;761;763;764;765;766;767;768;769;771;774;775;776;778;779;782;783;784;788;789;792;794;795;797;799;800;802;808;813;814;817;818;819;822;825;826;828;834;837;838;839;845;846;847;848;850;851;852;853;855;856;857;858;863;864;865;867;870;871;875;876;877;879;880;882;884;886;889;891;896;899;900;904;905;906;907;908;909;911;912;913;916;917;922;923;924;925;928;929;932;934;935;936;937;939;940;941;942;944;946;948;952;953;955;956;959;960;961;962;965;967;972;973;978;979;980;981;983;986;988;989;990;993;995;1000
728;2;3;5;6;8;10;12;14;16;17;20;23;26;27;28;30;33;35;36;41;48;49;52;54;55;61;66;67;68;70;73;74;82;83;84;85;88;95;101;104;105;106;107;108;109;111;115;116;117;125;126;128;129;131;133;135;137;138;140;142;145;146;148;149;151;154;156;157;159;164;168;170;171;174;175;176;177;178;182;183;185;186;190;192;193;195;196;197;198;200;201;202;204;205;208;209;211;212;213;214;215;216;217;220;221;222;223;224;226;229;230;231;233;234;237;240;241;245;246;247;248;251;252;253;254;255;256;259;261;264;268;270;271;272;273;276;277;278;279;281;285;287;289;290;293;296;297;299;300;302;303;306;307;308;310;312;313;314;317;319;321;323;330;332;335;337;339;340;342;344;346;347;348;349;353;356;359;362;364;365;366;367;368;369;370;371;373;374;375;376;379;380;382;383;386;387;394;395;396;397;401;403;406;409;410;412;417;420;423;424;426;428;430;431;432;436;437;438;440;442;443;444;445;446;448;449;451;452;453;457;458;462;463;465;466;467;468;473;475;476;477;478;479;480;481;482;487;488;489;490;491;495;498;500;501;508;511;512;513;521;525;527;529;531;532;533;536;537;539;540;545;546;548;549;551;554;556;557;558;560;563;565;569;570;572;574;577;578;579;583;587;589;590;591;593;594;596;599;602;603;607;609;617;618;619;622;623;624;626;629;630;631;637;638;640;641;643;647;648;651;654;655;659;663;667;668;672;673;674;676;677;678;679;681;683;686;689;690;693;697;701;702;705;706;708;710;711;712;715;716;719;721;723;724;726;730;732;734;736;739;745;747;748;750;751;758;759;761;762;769;770;772;773;775;776;777;780;782;783;784;785;786;787;788;789;791;792;793;795;797;798;800;802;804;806;808;810;811;812;813;815;816;818;819;820;824;826;827;830;833;837;838;840;841;842;843;844;845;846;847;848;850;857;858;861;862;865;867;869;870;872;873;874;875;877;878;879;880;883;884;885;886;887;890;895;896;900;901;902;903;904;906;907;908;910;912;915;916;917;919;922;926;927;928;929;930;931;935;937;938;940;945;950;952;954;957;958;959;962;963;964;965;969;973;975;978;979;982;985;986;987;989;991;998
729;1;2;3;6;7;8;9;12;13;17;19;20;21;25;26;27;28;31;32;33;36;38;40;41;42;43;44;46;50;52;59;62;63;64;65;66;67;68;71;74;75;76;77;88;92;93;95;98;99;100;102;104;105;106;107;109;111;113;114;115;116;119;120;124;125;131;133;134;136;139;141;145;147;149;150;152;153;154;155;158;159;161;162;163;166;167;168;169;170;171;173;174;176;180;182;186;187;190;191;197;199;206;207;208;212;214;217;218;219;221;223;224;225;226;234;235;237;240;243;247;248;250;251;252;253;255;256;257;258;262;264;265;266;267;269;270;271;272;273;274;277;279;280;283;284;286;288;291;292;293;294;295;297;299;300;302;307;309;310;311;313;316;317;320;321;322;324;327;329;333;334;337;341;342;344;345;346;349;350;351;352;354;356;359;360;361;362;367;368;369;370;371;373;374;375;378;380;381;382;384;385;388;389;392;394;395;396;397;399;400;402;404;405;408;409;410;411;415;416;421;422;423;424;430;431;433;438;439;444;446;447;448;456;459;460;463;464;468;475;476;479;481;484;485;486;487;489;490;491;494;495;496;501;507;508;509;512;513;515;516;518;520;522;523;524;529;534;536;538;541;542;544;545;549;550;552;553;557;558;562;564;565;567;569;571;572;580;584;585;586;588;592;594;595;596;597;599;600;602;604;609;610;611;613;615;616;619;625;626;628;635;641;645;646;647;650;652;656;657;658;659;661;662;664;665;667;668;669;672;673;676;677;678;680;682;685;689;690;692;693;694;701;702;704;708;710;711;712;713;714;717;718;719;720;722;725;730;731;734;736;738;742;744;747;748;750;753;758;759;760;761;765;766;769;773;774;775;778;782;784;785;787;788;795;798;801;802;803;805;806;809;810;813;816;817;818;819;821;822;824;826;827;830;831;832;833;842;846;847;849;850;852;854;855;857;858;861;862;864;866;869;873;874;878;879;880;881;886;887;888;890;893;894;895;898;900;903;906;907;909;911;913;922;923;924;925;929;931;936;938;940;942;943;945;946;947;949;954;955;956;959;961;964;965;967;968;971;974;975;977;978;980;981;984;986;987;994;995;996;997;998;1000
730;1;2;4;6;8;10;11;13;14;16;23;25;26;28;31;32;34;35;37;38;39;40;41;42;43;48;53;56;58;59;60;61;64;65;67;73;77;79;80;81;83;86;87;89;93;94;95;96;98;102;104;105;106;107;109;113;114;117;118;119;122;124;125;126;131;132;133;135;138;139;141;142;144;146;149;153;154;155;157;158;160;161;163;166;176;179;182;183;184;185;186;188;189;193;194;196;197;201;202;203;207;209;213;214;215;216;218;219;220;222;224;225;226;227;228;229;230;232;233;234;237;239;241;244;254;256;260;261;265;270;275;277;278;281;284;286;290;291;292;296;302;308;309;310;311;312;316;319;320;325;327;329;330;331;332;334;338;339;340;346;347;348;349;350;351;353;356;358;359;361;363;364;365;368;370;371;373;377;379;380;382;385;386;387;388;389;390;391;392;393;394;395;399;400;401;403;404;405;407;410;411;412;414;416;417;418;419;420;421;422;423;425;429;432;433;434;435;436;438;440;441;442;444;445;446;447;448;449;452;453;456;465;470;472;473;476;477;481;483;484;486;490;494;495;496;498;501;502;508;509;510;512;514;517;518;519;520;523;528;530;532;533;534;535;536;537;538;539;540;541;543;544;547;554;558;560;562;563;566;567;568;573;575;577;578;580;583;584;586;587;588;589;591;592;593;597;598;599;601;603;607;608;609;613;614;620;626;627;630;631;634;635;638;640;643;644;645;646;648;651;652;653;654;656;657;664;665;666;667;669;671;672;674;676;677;678;679;681;682;686;688;689;692;693;696;697;698;699;700;701;703;704;705;709;711;712;713;714;717;718;719;722;725;728;729;734;736;738;740;741;742;745;746;748;749;750;752;753;755;756;763;769;770;772;773;776;777;779;780;781;782;784;785;786;787;788;790;791;794;795;798;805;810;814;816;817;818;819;820;821;822;823;824;826;827;828;834;835;836;840;843;845;846;847;848;849;850;851;853;854;855;856;860;861;863;865;867;870;874;875;876;877;880;881;883;885;886;888;890;892;895;896;898;902;903;905;908;910;911;914;916;920;921;923;925;927;928;929;930;931;932;935;936;937;939;942;945;946;948;949;951;952;954;955;956;957;961;962;963;964;966;967;968;974;977;978;980;981;982;984;988;990;991;994;995;996;997;998
731;2;3;4;5;7;11;12;13;15;17;19;20;22;23;24;26;29;30;31;32;34;36;38;40;44;47;50;51;52;53;55;56;60;61;65;68;70;73;76;77;78;80;83;85;86;87;90;96;98;104;105;106;109;110;112;114;115;117;119;121;122;123;124;125;126;129;130;131;132;134;135;138;140;141;143;144;145;148;150;151;152;155;157;166;167;168;169;171;172;175;176;178;181;182;183;186;190;191;193;194;195;197;199;201;202;203;204;208;209;213;214;215;217;219;221;222;226;227;229;230;235;236;239;241;243;247;248;249;250;251;252;256;258;259;260;262;263;265;266;268;271;272;273;274;277;278;283;284;286;287;289;292;293;294;295;297;298;300;301;304;305;307;308;311;316;321;326;327;329;330;331;333;334;335;336;337;339;340;341;344;346;348;350;356;357;370;371;375;377;378;381;385;387;388;389;391;392;393;400;402;404;405;410;411;412;415;418;420;421;422;423;426;427;429;431;435;436;437;438;439;440;441;443;446;447;448;449;451;454;455;456;457;459;461;462;463;464;465;466;467;468;471;475;476;481;483;486;487;490;491;492;494;497;498;499;501;502;503;505;508;513;517;518;519;524;526;527;528;529;531;533;534;536;539;540;541;544;545;548;549;551;552;553;554;557;560;561;564;566;568;569;571;575;576;578;580;587;588;589;590;592;600;601;602;603;606;607;609;610;611;612;613;614;615;617;618;619;623;625;626;627;629;631;632;637;638;640;641;643;644;645;652;653;654;655;658;660;662;664;665;667;669;671;673;685;687;688;689;690;691;693;694;695;696;698;702;703;704;707;708;710;713;716;718;720;723;725;726;727;729;732;733;735;737;738;742;744;745;746;750;751;754;755;757;758;761;762;763;764;768;770;774;775;776;777;779;780;781;784;785;786;788;789;791;793;795;797;798;799;800;802;805;807;811;812;816;817;819;823;824;832;834;835;837;838;840;842;847;850;852;854;855;856;857;858;859;862;865;866;867;869;871;872;873;874;878;880;884;886;887;890;891;893;896;897;899;900;901;902;904;905;910;915;916;917;918;920;924;925;928;929;930;936;937;939;942;945;946;948;949;951;955;956;958;961;962;963;964;966;971;972;973;974;975;976;977;978;979;981;982;983;984;989;990;993;997;998
732;7;9;10;12;13;14;15;18;19;20;22;23;25;27;29;31;33;38;39;40;42;43;48;55;58;59;60;63;64;65;66;69;74;75;77;78;80;81;82;84;87;88;92;93;94;95;98;99;107;108;109;115;117;119;120;123;124;126;128;130;131;132;133;134;135;136;139;140;146;149;150;153;154;159;160;162;165;168;169;172;177;178;179;180;181;182;184;187;188;192;195;196;200;202;208;209;211;212;214;215;217;220;224;226;227;228;229;230;237;238;239;242;243;244;246;248;250;251;253;257;259;260;265;266;267;270;277;279;282;284;287;288;290;291;292;293;294;296;297;299;300;305;306;307;308;309;311;312;316;317;318;319;320;321;323;330;333;334;335;342;346;348;350;351;354;355;356;359;360;361;363;364;365;370;372;376;377;381;385;386;389;391;392;393;395;396;397;399;400;401;402;403;405;408;410;412;417;419;422;428;429;430;432;433;442;444;447;448;452;454;456;460;461;462;464;466;473;474;486;488;489;492;493;495;496;497;499;501;506;507;508;511;512;513;514;516;517;519;520;521;522;523;524;525;526;529;533;535;540;541;542;543;544;546;547;548;549;550;551;553;555;557;558;559;560;561;563;566;567;570;572;574;575;579;580;585;586;588;593;594;595;596;597;601;602;603;604;607;609;611;612;613;616;617;618;619;620;621;622;623;625;629;630;631;632;634;636;637;640;643;646;650;652;654;655;660;662;666;668;670;671;673;681;682;684;685;686;688;698;702;705;706;708;709;714;716;720;722;723;726;727;728;731;733;734;738;740;741;743;744;745;747;748;749;750;754;755;757;762;764;766;767;771;773;774;776;778;781;782;783;784;786;788;791;794;796;799;804;810;812;815;817;818;820;821;822;824;830;831;835;838;839;841;842;843;847;852;859;861;863;864;866;868;874;876;879;880;882;887;888;894;895;896;897;898;900;903;905;906;908;909;910;912;913;914;915;918;920;923;926;927;929;930;933;939;942;943;945;950;954;955;957;958;960;962;963;965;966;968;974;975;976;979;980;981;983;988;989;990;992;993;995;997
733;1;2;3;4;7;8;10;11;15;16;17;19;20;21;22;23;25;26;32;33;34;36;41;42;43;44;51;52;53;57;59;61;62;65;68;71;72;73;75;78;80;81;83;86;88;90;92;94;95;96;103;105;106;108;109;110;111;112;114;116;118;122;126;127;131;132;135;140;141;142;143;145;147;148;149;150;156;158;161;162;163;164;165;167;169;172;173;177;178;179;180;181;184;185;186;187;189;192;193;196;197;198;200;202;208;210;211;214;215;216;219;220;221;223;224;226;229;230;232;235;237;239;240;243;246;248;249;254;255;259;260;261;264;265;269;271;273;275;282;284;287;288;289;293;294;295;296;297;301;302;303;305;307;308;310;311;313;314;319;320;321;322;323;324;325;327;328;330;333;334;342;344;350;351;352;354;355;356;358;359;360;361;362;363;364;365;366;367;368;369;374;376;377;378;380;383;385;387;389;390;392;393;394;396;397;398;399;400;401;403;404;405;406;410;414;415;417;424;425;426;427;428;429;432;434;435;436;439;440;441;442;443;445;447;450;451;452;454;455;459;460;462;463;464;465;471;472;473;475;476;480;481;482;483;484;485;486;489;492;494;497;498;499;500;502;504;505;507;508;510;514;516;517;522;523;529;533;535;537;541;544;545;546;547;548;549;552;553;554;556;557;558;560;561;566;568;569;570;572;573;574;576;577;578;579;580;581;582;583;585;586;588;589;590;592;593;595;596;599;600;608;610;611;612;615;616;617;618;619;621;623;624;627;628;630;633;641;642;644;645;647;648;651;652;656;658;664;665;668;669;670;671;672;673;674;675;683;685;686;689;690;693;694;696;697;698;700;702;703;704;706;710;712;715;717;719;721;726;727;731;732;735;739;741;744;745;748;749;750;752;753;755;760;761;762;763;764;774;776;779;780;781;782;783;786;793;794;795;796;797;801;802;804;805;806;807;809;812;813;814;823;824;831;833;834;835;836;837;839;840;842;843;845;846;847;849;851;853;855;856;857;858;859;864;865;868;869;872;873;874;875;878;881;883;888;891;893;894;899;900;903;905;906;907;908;913;914;915;920;923;925;927;928;929;930;931;933;935;939;940;941;942;944;949;950;951;954;957;959;960;962;964;967;972;973;974;976;977;978;980;982;983;984;986;989;1000
734;1;5;7;8;9;10;11;15;16;17;18;19;20;22;23;26;28;31;34;35;36;38;39;40;43;44;45;47;53;57;59;61;67;69;70;71;74;76;80;84;85;86;87;88;89;90;92;94;96;97;98;100;101;102;103;105;109;110;111;112;113;116;118;120;121;122;123;126;127;129;130;131;133;135;136;137;140;141;142;143;146;147;149;152;153;158;159;160;162;168;169;170;171;175;180;181;182;183;184;186;190;191;194;198;200;201;202;203;204;208;209;211;213;216;217;218;220;226;231;234;236;238;240;242;244;246;248;250;253;254;257;260;263;268;271;272;274;275;276;277;279;281;282;286;288;292;294;295;296;297;299;300;302;304;305;307;309;313;315;316;323;327;330;332;333;335;337;338;341;342;344;346;347;351;352;355;356;357;358;359;362;363;364;365;369;370;371;374;375;376;377;380;382;384;385;386;388;389;390;391;400;406;408;409;410;411;414;415;416;417;419;420;423;424;425;426;427;428;429;432;433;434;435;441;442;446;449;452;456;464;468;470;471;472;473;474;476;477;481;482;483;485;486;487;491;492;493;495;497;501;502;504;506;507;509;511;512;513;514;515;517;520;521;522;525;533;534;535;537;541;544;545;547;550;551;552;554;555;556;558;559;563;566;567;568;569;570;572;573;575;576;577;578;582;583;584;585;586;588;589;591;593;594;596;597;598;599;600;601;602;612;618;620;621;622;624;626;628;629;633;634;635;637;640;641;645;646;647;649;651;652;656;657;658;659;662;664;665;667;668;669;672;673;676;677;678;681;682;685;686;687;688;689;690;693;694;695;697;698;700;706;707;709;711;713;716;717;718;720;721;722;725;726;728;729;730;732;735;736;737;738;739;740;741;742;744;747;748;752;753;756;758;761;766;767;771;773;774;776;778;779;780;781;785;788;791;792;793;796;797;799;804;805;808;809;811;813;814;816;819;822;823;824;825;827;832;834;837;838;839;841;842;845;846;847;849;850;852;853;854;855;857;863;864;866;871;874;879;883;884;886;889;890;893;900;901;902;904;905;906;907;908;912;913;915;918;919;922;925;926;929;930;931;934;935;941;944;952;954;955;956;963;967;968;970;971;973;974;977;981;985;986;993;996;998;999;1000
735;1;2;3;4;5;7;8;9;10;11;12;14;16;17;20;25;26;28;29;30;31;36;43;48;49;52;55;56;58;59;60;67;70;72;73;79;82;84;89;91;92;93;94;99;101;102;103;104;107;108;109;110;113;114;115;118;119;120;121;122;127;130;132;133;134;135;138;140;143;144;147;148;152;153;154;155;156;157;166;167;168;170;175;186;190;192;196;198;203;204;205;206;207;209;211;212;215;218;220;222;223;224;226;227;228;230;231;232;235;236;238;240;242;244;247;249;251;256;257;258;259;260;264;267;269;270;273;274;275;279;280;281;285;287;289;290;291;292;293;295;300;301;302;303;304;307;308;310;311;313;314;315;318;319;321;323;325;329;331;333;334;335;336;337;339;340;341;343;346;351;353;354;361;362;363;364;365;366;367;370;372;375;377;379;380;381;382;385;388;389;394;397;398;401;402;407;408;409;410;412;413;418;419;422;423;427;428;430;431;432;434;435;438;439;448;449;451;453;456;457;458;461;462;463;464;466;467;470;471;473;474;475;477;480;481;482;484;485;486;488;489;490;492;493;495;496;497;498;499;500;503;504;506;513;515;517;518;519;521;523;527;529;532;533;539;543;545;551;553;554;555;558;560;562;564;569;570;571;572;575;576;579;582;586;589;590;592;594;595;597;598;603;604;605;609;610;611;614;618;619;620;621;622;624;625;628;631;632;634;635;636;638;640;642;643;644;646;648;649;650;654;655;658;663;665;671;672;675;676;677;680;681;684;685;687;688;690;693;695;696;697;700;702;704;705;706;707;708;709;711;713;714;715;717;718;719;721;722;725;726;727;731;733;734;736;738;739;741;744;745;749;754;755;757;759;761;763;768;769;770;774;776;777;778;779;785;787;789;790;792;793;796;797;798;799;802;804;805;807;808;809;810;811;813;815;816;817;818;819;822;824;826;827;828;830;835;837;838;839;840;847;848;850;851;853;854;857;860;863;865;866;869;871;872;873;874;875;876;877;878;879;880;882;888;889;893;895;896;899;900;904;907;909;910;912;924;926;927;928;934;937;938;941;944;946;947;949;950;954;955;957;958;961;965;967;971;973;976;977;978;979;980;981;982;985;987;989;990;991;993;998;1000
736;1;2;7;8;9;10;13;15;17;18;20;21;24;26;27;32;34;35;36;38;40;41;42;44;45;46;47;50;52;54;55;58;60;62;66;67;70;71;74;77;83;84;86;87;90;91;93;94;95;97;98;100;101;103;106;107;109;111;114;117;118;119;120;123;124;130;131;135;136;139;140;141;142;144;146;147;150;151;154;155;158;159;161;163;164;166;168;174;175;176;179;182;183;184;185;192;193;194;197;198;200;201;203;205;206;207;208;211;213;214;215;217;220;224;227;228;230;231;232;233;235;237;240;242;244;246;250;252;254;259;260;264;265;267;268;271;272;273;274;275;277;278;280;281;284;285;286;287;288;290;291;292;293;296;297;299;302;303;304;305;306;307;308;309;311;312;314;315;316;317;318;319;321;323;326;328;329;331;332;333;334;335;336;340;342;343;344;350;351;352;353;354;355;356;358;362;363;365;366;369;371;372;373;374;382;384;386;387;392;393;395;398;400;401;402;403;404;405;406;408;411;415;416;420;422;423;424;425;427;428;429;430;431;435;437;440;445;449;450;454;456;457;459;462;463;464;468;470;471;472;474;477;478;480;487;490;493;496;497;498;500;502;504;505;506;507;508;509;511;513;514;516;517;519;523;524;525;530;531;535;537;542;543;545;548;550;553;554;556;559;560;561;562;567;569;571;573;575;576;577;578;579;582;584;586;587;588;589;591;594;595;598;602;603;604;605;606;608;609;610;620;622;623;624;628;630;632;637;639;640;643;644;647;651;655;656;661;662;666;667;669;671;672;674;679;681;682;685;688;691;693;694;697;698;699;700;701;702;703;705;707;708;712;713;714;715;717;719;720;722;723;724;725;727;728;729;730;734;735;738;741;745;746;748;749;752;753;754;755;757;760;761;762;763;764;765;767;769;773;774;776;780;781;785;786;787;788;790;792;795;796;797;798;800;801;802;807;808;809;811;812;813;814;815;816;817;819;820;823;824;830;834;835;838;841;843;846;847;848;851;853;856;857;861;863;864;865;866;868;869;870;872;873;875;876;877;878;879;881;882;884;885;887;888;890;891;894;896;897;900;901;902;903;907;908;909;912;913;914;915;920;921;922;924;925;926;928;933;936;937;938;939;942;943;944;945;946;947;952;955;956;958;961;963;964;965;968;970;972;973;975;979;981;983;986;989;992;993;994;995
737;2;4;5;9;10;12;14;19;20;23;24;32;33;35;40;41;42;44;46;47;48;49;50;51;53;54;55;56;57;58;60;62;63;65;66;67;68;69;70;71;73;74;76;77;78;84;85;90;91;92;93;95;96;98;101;102;103;104;105;106;109;112;113;114;117;118;119;120;121;123;125;126;127;128;129;130;132;133;134;136;138;141;142;145;148;149;151;152;153;154;155;157;158;159;160;161;162;163;166;167;172;174;175;178;179;180;181;184;185;186;187;188;189;191;192;193;196;197;199;202;204;206;207;208;209;210;211;214;215;218;219;221;224;225;231;232;234;245;248;249;250;251;253;254;255;257;259;262;264;265;266;267;269;270;272;275;277;278;280;282;284;286;288;290;293;295;296;297;303;305;306;307;314;315;316;317;319;320;321;323;325;328;332;333;334;338;343;344;345;352;354;355;356;361;362;363;369;370;371;374;375;380;382;383;385;387;391;392;394;395;397;398;403;404;410;412;413;418;420;421;422;423;424;425;427;430;432;434;436;437;438;439;443;446;447;451;452;454;456;459;461;463;464;467;468;469;470;471;472;473;477;479;484;486;490;491;493;494;495;497;498;500;501;504;505;507;508;509;510;513;515;517;522;523;524;526;527;529;531;532;534;538;540;541;544;549;551;552;553;554;555;557;565;566;567;568;570;574;575;576;578;579;581;583;586;588;589;593;594;599;601;604;606;610;614;618;619;620;622;625;627;630;632;634;636;637;641;646;648;655;658;659;660;669;671;672;673;675;677;678;680;683;684;685;688;689;691;694;695;700;702;703;704;705;706;707;708;712;714;716;717;718;723;724;725;726;731;734;740;743;744;746;752;753;755;756;757;760;761;763;764;765;767;768;769;770;773;776;778;779;780;781;782;783;788;790;791;793;794;795;796;797;798;799;800;801;802;804;807;810;813;814;817;818;820;821;822;823;826;827;828;837;838;839;840;843;845;848;849;854;857;858;859;860;862;866;867;868;869;870;871;872;874;876;877;879;881;882;884;885;886;889;891;892;893;894;895;896;898;899;902;903;911;914;915;917;918;921;923;924;926;929;932;933;934;937;942;944;945;946;947;948;950;952;953;958;961;962;964;965;966;967;970;972;973;975;976;977;978;984;989;990;991;993;995;996;997;998
738;2;4;7;8;9;14;15;16;17;18;20;25;26;28;32;36;42;49;50;51;52;53;54;55;57;58;60;61;62;63;64;65;66;67;69;72;73;76;77;80;81;83;85;86;87;88;89;94;95;98;99;100;102;105;106;108;109;111;112;113;115;116;119;121;122;123;124;125;126;127;128;129;135;139;140;144;145;146;147;149;150;152;153;154;158;159;160;163;164;165;168;169;174;179;180;182;185;188;191;192;193;194;195;198;203;208;209;210;211;216;219;220;222;223;230;234;239;244;246;247;248;249;252;253;257;258;262;264;265;267;268;269;270;271;272;275;276;279;281;284;286;287;290;292;294;297;300;301;306;308;310;311;313;315;320;321;323;324;325;327;328;330;331;333;335;336;337;339;340;344;345;347;348;349;351;353;357;359;361;362;363;364;365;366;367;370;371;372;373;374;376;378;380;381;382;384;387;389;392;393;395;400;401;404;405;409;411;412;413;415;422;425;430;431;432;433;434;435;437;447;448;449;450;451;452;455;456;461;463;465;466;469;470;471;472;473;474;475;476;477;478;480;481;484;485;487;488;492;493;495;497;500;502;506;511;514;515;516;521;523;528;529;531;534;535;536;537;538;540;541;542;544;545;549;552;553;555;557;561;564;566;569;572;575;576;579;584;585;586;587;596;599;601;602;608;611;612;613;614;616;617;618;620;621;626;627;628;629;630;634;637;638;640;641;645;646;648;649;654;655;657;660;661;665;667;668;669;670;672;673;675;677;678;679;680;682;683;685;687;689;690;692;693;695;697;699;700;701;705;706;708;710;711;712;713;718;719;720;723;725;729;730;731;732;734;735;736;739;742;743;744;747;748;749;750;751;752;754;755;757;763;764;768;769;770;772;773;776;778;779;782;783;784;785;788;795;798;799;802;803;806;807;808;809;811;813;817;818;821;822;828;830;831;834;836;837;840;841;847;849;851;856;858;859;862;863;864;865;867;868;870;871;877;878;879;880;885;890;892;893;895;897;899;900;901;904;905;907;909;911;913;917;922;923;926;927;928;929;930;931;933;935;936;937;939;942;943;944;945;947;949;950;952;953;954;956;957;958;960;963;964;966;968;970;971;973;975;976;977;978;979;980;984;985;991;998
739;8;11;12;13;14;20;21;22;23;25;28;30;31;33;38;39;40;41;49;50;51;53;54;57;58;60;61;62;63;64;65;66;69;70;73;74;75;77;78;81;82;88;95;96;97;99;100;102;103;104;106;108;109;111;113;118;122;124;125;127;129;130;134;136;137;138;139;140;142;144;145;148;149;152;153;155;157;158;159;160;161;163;164;168;169;171;172;173;176;178;180;182;183;186;187;191;195;198;199;202;204;206;210;211;212;213;215;216;218;228;229;230;231;234;235;236;239;240;241;243;244;245;246;247;248;249;251;252;253;255;260;262;268;269;279;281;283;284;285;286;289;290;291;293;294;296;297;298;302;303;304;305;306;307;308;309;310;312;314;317;318;319;321;323;325;329;330;332;335;337;339;340;343;346;348;349;351;355;361;362;364;365;366;367;368;373;374;376;377;379;380;382;383;384;385;386;387;388;391;392;396;397;398;401;402;406;411;414;415;416;417;418;419;420;421;422;423;425;427;428;431;434;438;439;440;441;443;445;447;448;450;451;454;455;456;458;459;461;464;466;467;468;469;474;476;478;479;480;481;486;487;489;490;491;495;496;497;503;508;510;514;515;517;519;520;521;522;524;525;530;537;538;539;541;542;545;547;549;550;554;556;557;558;559;562;566;568;570;572;574;575;576;577;579;582;584;585;586;588;589;591;593;599;600;601;603;605;606;608;610;611;614;618;621;624;625;626;628;630;634;639;640;643;644;649;650;654;656;658;661;665;666;669;672;674;677;678;682;686;687;688;690;691;697;701;705;709;711;712;713;717;719;721;723;725;726;728;733;734;735;738;741;744;745;746;748;750;751;754;758;759;763;764;767;768;769;771;773;775;777;779;780;781;782;783;785;786;788;792;794;796;797;798;799;800;801;805;808;809;810;813;814;816;817;820;823;825;826;827;828;830;833;834;835;836;837;838;842;843;845;846;847;852;853;854;855;856;860;861;862;863;865;870;871;872;873;874;875;877;878;879;880;885;887;889;890;891;892;893;895;896;904;907;909;911;912;915;918;922;924;925;930;931;932;936;937;941;943;945;946;947;948;949;951;954;956;957;958;959;960;963;964;965;968;970;974;975;978;979;983;984;985;986;989;990;991;994;1000
740;1;2;3;6;8;11;12;13;14;16;17;21;23;24;25;30;31;32;33;35;40;41;43;44;47;49;51;52;56;58;60;61;62;63;68;70;71;84;85;86;87;88;89;90;91;92;93;97;99;101;102;104;106;107;108;109;110;111;112;113;115;117;118;119;121;123;125;126;128;130;131;133;134;136;137;141;142;144;147;148;149;150;151;153;157;160;164;165;169;176;178;179;180;181;185;192;193;194;195;198;199;200;201;203;204;208;209;213;217;220;224;225;226;227;229;232;234;235;237;239;241;242;244;247;248;249;250;253;254;256;259;260;264;265;266;268;270;271;272;273;274;276;277;281;290;293;295;296;299;304;306;310;312;314;315;319;320;321;322;328;329;332;337;338;339;343;345;347;348;349;350;352;356;357;359;361;363;364;369;370;371;372;373;374;376;378;380;383;386;387;389;393;394;395;400;403;404;407;408;409;412;415;416;417;419;421;424;425;427;428;429;430;431;432;434;435;437;438;439;442;445;448;449;451;452;454;456;459;460;461;462;464;465;467;469;471;473;474;476;482;483;484;485;487;488;494;497;500;507;508;509;511;512;514;516;517;520;521;523;527;529;533;537;540;541;543;544;545;546;547;548;550;552;553;555;559;560;562;566;568;569;572;573;574;575;576;577;579;581;584;587;588;591;592;593;594;596;597;599;600;601;602;606;608;609;610;611;612;615;616;617;618;623;624;625;627;628;629;632;637;640;641;642;643;645;646;649;650;651;652;654;655;659;664;667;668;670;671;673;675;676;677;679;680;682;683;684;685;687;689;690;692;693;694;696;698;699;702;708;711;712;713;718;719;722;723;725;726;727;730;732;734;737;741;742;743;744;745;746;748;752;753;754;755;756;757;758;761;763;765;769;772;773;774;776;780;783;785;786;788;789;790;791;793;794;795;796;798;799;801;802;805;806;808;810;811;812;814;815;817;818;819;820;822;826;828;829;833;837;838;839;841;842;843;846;847;849;850;851;852;853;854;856;860;863;866;868;871;872;873;874;875;876;878;879;881;882;883;886;888;889;890;891;893;896;900;901;902;903;904;907;908;910;911;913;914;922;926;929;932;933;934;936;939;940;941;942;943;944;950;952;955;957;959;961;962;963;966;968;969;973;977;982;983;987;989;990;992;994;995;996;999
741;2;4;6;7;8;11;20;21;22;23;24;25;27;29;30;34;38;40;42;43;44;48;49;52;55;56;58;63;65;68;70;72;74;75;77;78;80;82;83;85;87;90;92;96;97;99;104;105;106;107;109;110;112;113;116;120;125;126;127;128;129;135;136;137;140;141;142;143;145;147;148;150;153;155;156;159;160;163;166;167;168;174;177;178;181;183;184;186;187;193;196;197;199;200;203;204;209;210;211;214;216;218;220;221;222;223;225;226;227;229;232;233;235;243;244;245;246;248;249;250;252;256;257;258;259;260;261;262;263;264;265;266;267;269;272;274;275;276;277;280;282;283;284;289;291;292;294;295;296;297;298;302;303;306;310;312;313;314;315;316;317;318;319;324;326;327;328;331;335;339;340;341;342;344;348;350;351;352;353;355;356;357;358;359;361;362;363;364;367;368;371;375;379;382;384;390;392;393;394;399;400;402;403;405;409;411;412;413;415;418;420;423;424;426;428;429;431;432;436;437;438;440;441;442;444;445;448;449;450;452;455;456;457;458;462;465;467;468;470;471;473;475;476;478;479;481;482;485;486;488;489;490;491;494;496;498;499;500;501;504;505;506;507;512;514;515;516;518;519;520;526;527;528;529;531;532;536;538;541;544;545;546;547;548;549;550;551;553;555;558;559;561;563;564;565;566;569;570;572;575;576;577;579;580;581;582;584;586;587;589;593;599;600;601;602;605;607;609;612;615;617;619;620;621;623;626;628;630;631;633;634;635;636;638;639;640;642;644;645;650;651;653;655;657;661;663;664;673;676;677;679;681;683;684;687;690;696;698;700;702;703;706;710;713;716;717;718;719;723;724;730;732;733;734;735;736;739;740;742;743;744;752;753;754;756;758;759;760;762;763;764;767;769;770;771;772;776;778;781;783;784;785;786;789;792;794;797;799;800;802;803;804;806;808;811;812;815;816;817;819;821;822;824;825;827;828;831;832;835;836;838;841;844;848;851;852;854;855;857;861;863;865;866;867;868;869;873;877;878;879;881;884;886;888;890;891;893;894;895;896;898;900;901;903;904;910;911;915;916;917;920;921;925;926;927;928;929;932;935;936;937;943;944;945;948;949;952;955;961;962;964;966;967;968;970;975;976;977;978;984;986;987;988;989;990;991;992;996
742;1;3;11;13;15;16;17;18;21;25;28;30;32;33;37;38;42;44;45;47;48;49;53;54;56;57;60;63;66;71;72;74;75;76;78;79;82;83;84;88;89;91;93;97;98;99;102;105;106;107;109;111;112;114;115;117;118;119;120;123;125;127;128;130;133;135;136;137;139;140;141;142;145;147;148;156;158;160;161;163;164;165;166;170;171;172;173;174;177;181;182;185;188;192;193;194;195;196;197;198;199;203;205;206;207;209;210;211;213;215;218;220;221;223;225;226;227;229;230;234;235;236;240;247;248;249;251;255;258;262;268;270;274;276;277;279;280;282;285;286;287;289;290;293;294;295;298;299;304;305;307;308;309;310;313;315;317;318;319;323;324;326;329;330;331;332;334;336;340;341;346;350;351;352;353;357;358;359;364;365;366;367;368;369;370;371;372;374;377;378;380;382;391;392;399;401;408;409;410;412;414;415;419;420;421;423;424;425;426;427;429;435;437;438;439;448;449;450;451;453;454;458;459;460;463;467;468;471;473;478;481;482;485;486;493;494;497;498;499;500;504;509;510;511;512;513;514;516;517;518;522;525;527;528;532;533;534;536;537;539;541;542;544;547;548;549;551;553;555;557;558;559;560;561;563;564;567;570;571;573;574;582;583;584;585;586;587;588;589;594;595;596;598;602;603;606;609;610;613;614;615;617;619;620;621;625;626;627;628;630;631;632;633;638;639;640;641;642;643;644;645;646;647;649;651;652;656;657;659;661;662;663;664;665;668;669;670;671;672;673;674;676;677;679;681;683;685;695;699;700;701;702;705;706;712;713;718;719;720;722;724;725;727;729;730;731;734;738;740;741;743;744;750;754;757;758;760;765;766;767;768;769;771;772;773;775;777;781;782;784;785;786;790;791;793;794;796;798;800;801;803;804;809;810;811;813;816;820;822;824;825;826;828;830;832;834;835;837;839;840;842;844;846;848;852;854;856;862;864;866;868;870;871;872;874;877;878;880;881;882;886;887;888;891;893;894;895;897;900;901;903;905;906;907;910;911;913;917;919;920;921;922;923;924;926;927;928;929;931;932;934;937;940;941;942;944;946;948;949;951;952;954;956;957;958;959;960;961;964;970;971;972;975;979;980;981;985;988;989;991;993;995;996;998;999;1000
743;2;3;4;7;8;9;10;14;15;19;21;22;25;30;32;33;34;36;37;38;40;41;43;44;45;46;47;48;50;51;52;54;56;58;59;62;63;67;68;70;72;73;76;85;86;87;88;91;92;96;97;99;100;101;104;105;106;107;111;112;113;116;117;120;123;128;129;130;131;132;133;134;136;137;141;144;145;151;152;153;155;156;157;160;164;167;177;179;181;183;187;189;192;194;195;197;198;202;205;206;207;210;211;212;214;218;220;223;224;225;229;231;232;233;235;237;238;239;241;242;246;247;251;252;253;255;256;257;258;260;261;263;266;268;272;274;276;277;279;280;281;283;284;287;288;290;293;294;296;297;298;302;304;306;307;310;312;313;315;316;317;321;322;323;324;325;326;330;332;334;336;338;339;341;343;346;349;351;352;353;356;359;360;364;366;369;372;374;376;378;379;381;384;388;391;396;398;401;402;404;406;407;408;410;411;415;418;421;423;424;427;428;432;434;435;436;438;440;445;446;447;449;451;452;454;456;457;458;459;460;462;463;464;471;472;474;477;478;479;480;481;482;483;484;485;487;491;492;494;497;498;499;502;509;514;515;517;519;520;524;526;529;534;535;538;540;542;543;545;547;548;552;554;556;557;558;559;562;563;570;571;572;574;576;577;578;582;584;585;589;590;591;592;593;597;600;601;602;605;606;609;610;612;614;615;616;621;623;627;629;632;633;634;636;637;639;641;646;653;655;656;660;661;663;664;669;670;672;676;677;678;679;682;683;685;688;689;690;691;692;696;697;699;702;704;707;708;709;711;712;714;718;720;721;722;725;727;732;737;738;740;741;742;744;748;749;750;751;752;753;754;756;757;760;762;763;764;766;767;768;769;770;771;772;773;776;779;783;784;785;788;792;794;796;797;798;800;801;803;804;805;806;809;811;816;817;822;823;825;827;828;831;832;836;837;839;840;841;843;848;849;850;853;856;859;861;862;863;865;866;868;869;871;876;878;881;885;893;898;899;902;904;905;906;907;908;909;911;913;916;919;920;922;925;928;929;930;931;934;937;938;939;941;942;943;945;948;949;950;951;953;954;957;959;960;961;963;964;966;967;968;969;971;974;975;976;977;978;979;986;987;988;989;990;991;993;994;995;997
744;2;3;5;6;12;14;16;19;20;24;25;28;30;31;32;33;34;35;37;39;42;44;45;48;50;51;52;55;57;58;59;60;62;64;66;67;77;79;82;83;85;89;90;91;94;96;97;99;100;107;108;109;113;114;115;118;119;120;122;123;125;126;127;129;130;131;132;133;134;138;139;141;142;145;146;147;148;150;151;152;153;154;155;156;157;158;163;164;165;169;170;171;173;175;177;178;181;184;190;192;193;194;199;200;204;205;206;208;211;212;213;216;219;220;221;223;228;235;236;238;239;242;243;244;247;249;252;253;255;257;260;263;264;266;268;270;273;274;276;278;279;282;284;288;289;292;293;294;295;296;300;301;303;306;308;311;312;317;320;323;325;330;332;335;337;338;339;343;349;351;353;354;355;356;357;359;360;365;368;369;372;374;375;376;377;378;379;382;383;384;390;392;393;397;400;402;404;409;410;411;413;414;415;416;418;419;421;423;424;425;426;427;428;429;431;432;435;436;437;438;440;442;443;444;445;447;449;450;453;455;457;458;459;464;465;466;467;468;473;477;478;482;484;485;486;488;489;491;493;494;495;500;503;504;505;511;512;516;517;524;526;528;530;532;536;540;543;545;548;549;553;555;556;557;560;561;562;565;566;569;571;575;576;582;584;585;589;590;591;592;593;602;603;609;612;613;616;619;620;622;624;626;629;631;632;633;636;637;638;639;640;641;644;646;649;652;655;659;660;664;666;667;669;678;679;681;683;685;688;689;690;691;692;694;695;697;701;704;708;709;714;715;718;724;729;731;732;733;734;735;737;738;739;740;741;742;743;747;748;749;752;753;755;756;761;763;764;765;766;767;768;769;770;771;776;779;780;783;784;786;787;790;791;795;797;798;801;802;803;806;810;811;814;815;817;820;822;823;828;829;832;837;838;839;840;841;842;843;844;845;850;851;854;855;856;858;861;863;865;867;868;869;870;871;874;875;877;879;889;890;891;892;893;894;895;896;897;898;899;901;903;904;905;908;910;913;915;916;917;919;920;921;922;925;926;928;931;933;934;935;936;937;939;945;946;947;950;951;953;954;957;958;959;961;963;964;968;969;970;971;975;978;979;980;984;986;988;991
745;1;5;10;11;12;14;15;16;18;19;20;22;24;28;29;30;33;34;36;37;38;39;42;43;44;45;50;51;54;56;58;62;63;65;66;67;68;69;71;74;77;78;79;80;81;83;84;85;86;90;91;94;97;100;103;104;107;109;110;112;113;115;116;122;124;125;128;129;130;132;134;136;139;144;147;150;152;154;156;157;158;159;161;164;165;166;167;168;171;173;174;175;178;181;183;184;186;187;188;195;196;197;199;201;203;206;207;208;209;214;220;221;222;224;225;227;228;229;232;233;235;238;239;244;246;247;248;249;252;254;255;256;257;259;260;261;262;263;267;270;271;272;274;276;279;280;287;288;289;290;291;292;293;295;297;299;302;303;304;306;307;308;309;310;313;314;315;317;318;320;324;326;327;328;329;330;332;333;334;336;337;338;340;341;348;349;351;356;357;358;359;360;366;367;368;370;371;375;378;380;384;385;387;389;391;394;395;397;398;399;402;403;405;408;409;410;411;416;418;422;424;426;428;429;433;438;442;444;448;450;451;454;456;463;469;470;471;473;474;477;481;482;484;486;488;491;493;496;497;499;500;501;502;503;504;506;507;510;514;515;516;518;521;522;525;528;529;531;532;533;536;541;542;544;546;547;551;552;557;558;563;566;568;570;573;576;578;579;583;584;585;586;588;589;590;592;593;597;598;600;601;603;604;605;607;608;610;612;614;615;616;618;623;627;630;631;632;633;636;642;644;646;647;648;651;655;656;658;661;662;663;664;665;667;669;670;671;678;679;680;687;689;691;692;693;695;698;699;700;705;706;707;708;709;710;714;716;721;723;725;726;728;730;731;732;733;735;736;739;740;748;750;751;752;753;754;755;756;761;763;765;772;773;776;777;778;781;783;784;785;787;788;790;792;793;795;797;799;801;802;806;811;816;818;823;824;829;830;831;835;836;840;845;846;847;848;850;851;853;855;857;858;860;862;863;866;867;868;872;880;881;882;887;888;891;894;897;898;899;901;902;903;905;913;915;917;921;922;923;924;925;926;927;928;929;930;932;934;935;936;939;941;944;946;948;949;950;954;956;957;962;963;966;967;968;969;972;973;974;976;977;978;983;991;992;994;995;998
746;1;2;4;5;6;8;9;10;15;17;18;21;22;23;25;26;30;31;32;37;42;43;44;45;46;47;48;50;52;53;55;60;63;65;66;69;70;71;74;79;81;83;85;86;87;91;92;100;101;102;104;107;108;109;110;112;113;118;119;120;122;123;124;125;126;127;130;132;133;134;136;139;141;142;145;149;153;155;158;160;162;164;169;173;175;176;177;178;185;188;189;191;194;201;203;204;205;209;210;215;217;219;224;225;226;228;229;230;232;234;237;240;241;243;244;245;247;249;251;253;256;258;260;268;270;271;272;273;275;278;279;280;283;285;286;288;289;290;291;294;297;299;300;303;304;306;308;309;311;312;314;315;318;320;324;326;327;336;337;341;342;347;348;354;355;356;357;358;359;360;364;365;367;368;369;373;374;382;383;384;387;388;389;394;396;397;398;399;402;403;405;406;407;408;410;411;413;414;415;417;421;422;425;426;427;430;431;432;438;439;440;444;448;449;450;452;454;455;461;463;464;465;466;469;471;472;473;474;479;481;485;487;494;497;501;504;506;507;509;510;511;514;515;518;519;520;521;522;525;529;530;531;533;534;535;540;544;545;546;549;553;557;560;561;562;563;567;569;571;572;574;575;576;578;584;585;586;587;588;589;590;591;595;596;602;604;605;609;612;613;619;620;621;623;625;626;628;629;630;632;633;634;641;642;644;645;646;647;650;651;652;654;655;656;657;661;666;669;670;671;672;675;677;678;684;686;687;693;694;695;696;697;698;705;706;707;708;709;710;712;713;714;717;718;719;720;721;722;723;726;727;730;731;736;737;739;740;750;751;757;760;762;764;767;769;770;771;772;774;780;781;782;783;784;787;788;789;793;794;795;796;798;801;802;803;808;810;811;816;818;820;821;822;823;824;825;827;829;830;832;834;835;836;841;842;843;844;845;847;848;849;850;851;854;856;857;860;861;862;866;867;869;871;873;875;876;877;878;883;886;887;889;890;892;896;899;902;903;906;910;914;915;916;917;918;919;923;924;925;926;928;929;937;942;945;946;954;955;957;958;959;965;966;967;968;969;971;972;974;975;976;978;979;980;981;983;986;988;989;990;992;994;995;996;1000
747;1;4;6;8;9;11;12;14;18;20;23;24;25;27;30;32;34;37;39;41;42;43;46;47;54;55;58;59;61;62;66;67;71;76;78;79;80;83;84;85;88;93;95;98;102;107;109;110;111;115;116;117;118;119;123;129;130;135;136;139;140;141;142;143;145;148;149;151;155;156;157;159;161;162;163;164;165;168;169;171;174;176;178;180;181;188;189;191;192;193;194;196;200;201;202;203;204;206;207;209;211;212;213;219;221;222;224;225;226;227;229;232;234;235;236;237;240;241;243;244;248;250;251;252;254;255;256;259;261;262;263;266;267;268;270;272;274;275;276;278;280;286;288;290;291;295;297;298;302;303;305;309;310;312;314;317;320;321;324;327;329;330;333;335;336;338;341;343;344;345;346;347;349;350;352;353;357;358;359;360;362;363;369;372;376;377;379;380;381;382;383;385;386;388;389;393;395;396;404;405;407;408;409;410;412;413;415;418;419;422;425;426;428;429;432;434;435;437;440;447;449;450;452;454;456;457;459;461;462;466;467;471;472;475;476;477;480;481;482;483;488;492;493;494;496;501;502;504;507;509;510;514;516;517;518;520;521;523;525;526;528;529;530;532;539;542;543;544;545;546;554;562;565;569;570;572;575;577;578;583;588;589;590;591;592;593;594;596;597;599;601;603;607;608;609;610;612;613;614;615;616;619;620;622;629;630;633;634;635;638;645;647;651;652;653;659;660;662;664;667;668;669;671;673;677;678;683;685;686;688;692;693;694;695;696;698;699;701;706;711;712;713;714;715;716;717;719;724;725;726;727;728;729;732;734;738;744;751;754;755;756;757;759;761;763;765;766;769;778;779;786;788;790;792;796;799;800;801;803;805;806;807;809;812;813;814;815;817;818;819;824;826;828;829;835;840;841;843;847;852;856;857;858;859;860;864;867;872;875;876;879;882;883;885;887;890;891;892;893;896;897;900;902;903;904;906;907;908;909;912;919;922;923;931;937;938;941;943;944;950;951;954;955;956;957;958;960;963;965;966;967;970;971;972;974;978;979;980;983;984;985;986;987;988;989;990;997;999
748;1;4;5;6;9;10;13;14;15;17;18;19;21;23;25;26;28;30;31;33;34;36;38;41;44;47;48;49;52;55;56;57;58;59;60;61;64;65;67;70;73;74;75;80;81;82;84;85;86;87;89;90;91;92;95;96;99;100;101;102;103;104;105;106;110;111;117;121;122;124;125;127;129;131;132;133;134;135;136;138;139;140;142;143;144;145;151;152;154;155;159;162;163;167;171;174;175;176;177;180;181;186;192;194;195;196;199;200;201;202;203;204;210;213;214;216;218;219;220;221;222;223;226;228;232;233;235;239;240;242;244;245;247;248;249;250;251;252;253;254;256;258;261;263;265;267;268;270;271;272;278;279;280;281;284;285;286;290;291;292;295;296;300;302;303;306;309;311;315;316;317;319;322;326;327;328;331;333;338;339;340;342;343;344;345;348;349;357;358;360;361;363;364;366;369;370;371;372;373;375;376;378;379;380;381;382;385;391;392;393;394;396;398;405;406;408;409;410;412;414;415;416;418;421;422;423;425;427;429;432;433;434;435;436;438;441;442;444;445;449;450;451;453;455;459;460;462;463;467;468;469;472;474;475;478;479;480;481;484;485;487;488;489;493;494;495;496;497;499;500;501;502;505;508;509;510;511;512;514;518;520;523;526;527;529;530;535;536;537;539;540;541;542;543;550;553;554;555;556;558;560;561;563;565;566;567;568;572;574;575;576;577;578;581;582;583;584;589;590;592;593;595;597;600;605;608;609;610;611;613;615;618;619;621;622;626;630;631;632;633;636;640;645;646;648;649;657;663;664;665;666;669;670;672;674;675;676;677;679;682;684;686;689;691;693;697;699;702;703;704;707;713;716;721;724;726;727;728;729;730;732;733;734;736;738;739;740;743;744;745;752;756;757;758;759;760;762;767;768;769;770;773;777;780;782;783;784;787;788;790;791;798;799;801;802;807;808;812;816;822;823;824;825;826;828;829;831;832;834;836;837;841;842;846;848;849;850;851;852;855;859;860;862;863;864;865;866;867;870;871;874;875;880;881;883;885;889;890;891;895;896;897;898;900;904;906;907;908;909;913;914;915;918;921;922;924;926;927;928;929;931;932;934;935;936;938;941;942;943;944;945;947;951;952;954;955;956;958;959;962;963;965;966;968;971;973;975;976;977;978;985;987;988;989;991;993;995;996;998;999;1000
749;6;8;10;11;12;15;19;20;21;23;26;28;29;30;31;36;41;44;46;47;49;53;55;56;57;59;61;62;64;65;69;70;71;72;73;76;77;78;80;81;83;85;88;90;91;93;95;99;101;102;105;106;107;110;111;113;115;117;118;119;120;122;125;126;127;128;130;131;132;134;135;137;138;140;144;146;147;154;156;158;159;162;163;165;166;167;170;171;172;173;174;175;181;182;183;185;186;193;194;196;198;200;201;202;204;206;207;209;210;214;217;218;220;221;222;224;227;228;229;232;233;234;235;236;237;238;243;245;246;249;250;252;255;257;260;263;265;266;268;271;273;275;277;282;283;285;290;293;295;298;303;304;305;306;309;310;311;312;316;317;320;321;326;327;329;331;332;337;339;341;342;345;348;350;354;355;363;365;368;371;372;373;375;376;379;380;381;387;389;391;392;397;399;400;401;403;404;410;412;414;416;417;418;419;421;422;423;428;432;435;436;437;438;440;441;444;446;447;448;450;451;452;454;456;459;460;462;463;466;467;469;471;473;474;475;476;480;485;487;488;490;491;494;495;496;497;498;500;502;508;509;512;514;515;517;521;523;525;527;529;530;532;533;535;536;538;542;545;546;547;548;549;550;551;554;557;559;561;563;564;565;567;568;569;570;572;573;574;575;578;582;583;584;586;587;588;589;592;593;594;596;597;598;604;609;610;611;612;614;621;622;623;627;628;629;630;631;634;641;642;645;648;650;652;653;657;659;661;666;667;668;669;674;676;677;682;683;685;686;687;688;690;692;693;694;697;699;700;701;708;712;713;714;715;720;721;723;725;726;727;730;732;733;735;736;738;743;744;750;752;753;755;756;760;763;765;771;772;776;778;780;781;784;787;788;791;793;794;796;797;798;800;803;804;805;807;810;812;814;815;817;821;824;825;832;834;835;838;843;844;847;848;849;852;856;859;863;864;865;869;874;875;876;882;884;887;888;890;891;892;894;896;897;903;905;910;913;914;918;919;923;925;927;928;929;933;934;935;937;939;942;945;946;948;949;950;953;956;957;958;960;964;966;967;970;974;975;977;978;979;980;981;983;985;986;993;994;995;999
750;1;2;8;11;12;14;15;16;19;20;21;23;24;25;27;28;29;31;34;35;36;38;42;44;45;46;47;50;53;57;58;63;64;66;67;68;70;73;74;75;78;82;85;87;92;96;98;101;103;106;108;109;110;111;115;117;120;121;124;126;129;131;132;135;137;139;141;142;143;145;147;151;153;156;158;160;161;163;165;166;168;172;173;175;176;177;179;180;182;183;184;191;192;198;201;203;205;206;210;212;214;215;217;218;223;225;227;228;234;236;241;242;244;245;246;249;250;251;252;255;256;257;259;260;261;263;264;266;267;269;270;272;275;276;277;278;281;285;286;287;288;289;290;292;295;297;301;304;306;307;308;312;314;316;317;319;320;323;324;325;327;328;330;331;333;335;336;339;340;341;343;345;346;347;348;350;351;352;358;360;362;363;365;367;368;369;370;371;376;377;379;380;383;386;387;391;392;394;395;396;398;401;402;404;405;406;407;409;411;413;415;418;423;424;427;428;430;435;436;438;439;440;443;444;445;448;450;454;457;459;460;461;463;464;467;470;473;475;476;479;480;484;486;489;490;494;496;500;502;503;504;507;508;509;511;515;516;517;518;527;529;532;534;536;537;538;540;548;552;554;555;558;560;562;563;566;571;577;578;581;583;587;588;591;594;598;599;602;607;608;609;614;616;617;618;619;620;621;625;627;628;629;631;633;634;636;637;638;639;642;646;647;649;650;654;655;657;658;659;661;662;664;665;666;668;672;673;675;677;678;683;684;688;691;693;694;696;698;700;701;704;708;709;711;714;717;719;721;727;728;729;730;731;732;733;738;739;742;743;745;746;749;752;755;756;758;759;760;761;763;764;765;768;769;771;774;775;778;779;782;783;784;786;787;788;789;790;792;796;797;798;799;800;801;803;804;805;806;807;808;810;813;814;815;816;818;823;824;826;827;829;830;831;837;838;839;840;841;842;843;844;845;846;848;849;853;855;856;858;859;860;861;866;869;871;878;879;881;883;885;887;888;891;893;894;895;897;898;900;901;902;904;908;911;913;915;920;924;925;929;930;935;937;938;940;943;944;946;948;950;951;952;953;954;955;957;963;965;969;970;973;974;978;979;980;984;986;990;993;995;997;998;1000
751;7;8;9;13;14;15;16;17;18;20;23;27;29;30;35;36;41;42;46;48;49;53;55;56;58;60;61;63;64;65;66;68;69;71;73;74;75;76;78;83;84;85;88;89;91;92;98;99;100;103;104;105;108;109;111;112;115;119;120;121;122;125;128;129;133;135;136;137;139;140;142;145;150;151;152;153;155;158;160;161;162;168;169;170;173;174;176;179;182;188;189;190;192;193;197;198;199;201;203;204;205;210;211;212;213;216;221;222;225;227;228;229;230;231;232;234;239;241;242;243;245;247;248;251;253;254;255;257;260;261;266;270;272;273;276;277;278;279;280;281;282;286;287;290;291;293;297;298;300;303;305;306;307;308;309;312;316;317;320;325;328;331;332;333;337;338;339;340;341;343;345;346;347;351;354;357;363;366;372;376;377;378;379;384;386;387;389;391;394;395;396;397;401;405;407;409;411;412;413;414;418;419;422;423;424;426;431;432;434;436;437;438;441;442;444;446;448;450;453;455;456;458;459;460;462;463;465;466;469;472;475;476;477;478;480;481;483;484;486;491;493;494;495;496;500;501;502;503;504;508;513;514;517;520;523;524;525;526;533;534;535;537;538;540;545;547;548;551;552;553;554;556;557;559;561;563;566;568;569;570;571;573;576;580;581;586;588;589;591;592;595;600;601;604;605;606;607;609;611;613;615;616;618;620;621;623;626;627;629;630;631;633;634;636;641;642;643;645;646;647;648;649;650;652;653;659;662;663;664;665;666;671;673;674;677;678;679;682;683;685;686;688;692;697;698;700;701;703;705;709;711;713;716;717;720;722;723;724;726;727;728;731;738;739;743;745;746;747;752;753;754;755;761;764;765;766;770;773;775;779;781;784;785;786;787;789;793;797;800;801;807;812;813;814;815;819;821;823;825;826;829;831;832;833;836;838;840;843;846;849;850;851;852;853;855;858;860;861;862;863;864;865;866;869;870;871;872;873;874;875;876;878;879;886;888;889;893;894;896;897;898;899;900;902;903;904;906;907;908;909;910;912;914;915;916;917;921;922;923;926;928;930;931;933;934;937;939;940;942;944;946;949;952;953;954;959;962;963;965;970;972;974;975;976;985;986;990;993;994;995;996;997;998;999
752;1;3;6;8;11;14;15;20;21;23;26;27;28;29;30;32;33;39;42;44;50;53;54;55;56;57;58;60;62;66;68;70;71;72;73;74;76;77;79;82;83;84;85;87;90;91;94;95;99;102;103;104;105;107;108;111;113;115;117;118;119;122;126;127;129;131;133;134;135;137;138;143;149;151;155;157;159;163;165;167;170;171;174;175;178;179;181;183;184;185;186;187;196;198;202;203;204;205;209;210;212;216;218;219;221;222;223;226;228;229;231;233;235;236;238;243;244;245;248;251;253;257;259;265;266;268;269;275;276;278;279;284;286;288;289;290;291;293;295;298;299;300;301;302;307;309;310;314;316;317;318;320;324;325;326;329;331;332;337;339;341;342;343;344;345;347;348;352;354;356;359;362;363;365;369;372;375;377;379;381;382;383;384;386;388;389;390;391;393;394;397;399;403;406;407;411;412;413;414;418;423;424;425;426;427;429;431;432;435;437;438;440;442;445;447;448;452;454;456;457;458;459;461;462;463;464;465;466;468;469;470;473;475;476;477;478;479;482;483;487;489;490;492;493;500;502;508;511;512;513;514;517;518;520;521;522;524;525;526;527;529;532;534;535;543;544;545;546;548;552;553;554;559;561;562;563;572;573;574;575;576;577;579;580;582;583;585;588;589;590;593;594;596;599;603;614;615;617;619;623;624;627;629;630;631;633;634;636;638;641;642;646;648;649;652;655;656;658;659;660;661;664;665;666;671;672;673;674;675;679;685;686;690;691;693;695;697;699;700;701;702;706;708;711;712;713;714;716;717;720;721;722;724;730;733;734;736;737;738;740;741;743;744;745;748;749;750;751;753;757;759;761;762;763;764;772;773;778;782;786;789;790;792;793;795;799;801;802;803;804;805;809;810;812;813;815;816;817;820;822;825;826;828;830;832;833;834;835;836;837;839;841;844;845;846;847;848;853;854;855;856;857;858;860;862;865;868;869;870;871;873;874;877;878;881;883;884;885;886;891;894;897;898;900;901;903;906;907;909;911;912;914;915;916;917;918;919;921;923;925;927;928;931;932;933;935;938;940;942;943;949;954;958;963;966;967;970;971;973;974;975;976;977;978;979;981;984;986;987;988;993;994;997;1000
753;1;6;7;10;11;14;15;17;20;21;23;24;25;28;30;31;32;34;35;38;39;41;43;48;49;50;51;53;54;55;57;59;60;64;65;66;67;76;77;80;81;83;84;86;89;90;91;92;93;95;103;105;108;109;114;116;119;125;127;128;130;131;132;134;135;138;140;144;146;150;151;153;158;160;161;162;168;172;173;177;178;179;181;183;184;186;187;189;191;192;193;195;198;202;204;205;206;208;210;213;216;217;218;221;222;223;230;231;234;235;237;239;240;241;243;244;245;247;248;251;252;258;262;265;267;271;273;274;276;278;279;280;281;282;286;288;289;290;292;293;294;295;296;297;298;299;300;301;304;306;307;310;311;312;314;318;319;320;324;335;339;340;341;342;346;347;349;350;351;353;354;356;359;360;361;363;364;365;366;367;369;370;371;372;376;382;383;384;386;389;390;391;394;396;397;398;399;400;401;402;403;409;411;414;415;419;422;424;429;431;433;435;440;443;444;445;449;450;451;452;453;456;459;461;462;465;466;467;471;473;474;479;483;485;489;490;492;494;495;499;502;504;505;507;508;511;514;515;517;519;521;522;525;526;529;530;532;534;541;542;544;550;551;552;553;558;560;561;562;563;564;565;567;568;570;572;573;574;577;580;581;583;585;587;588;590;598;599;600;601;602;603;606;607;610;612;613;614;615;617;618;619;622;628;629;634;641;646;650;652;653;654;655;657;658;661;662;664;665;667;668;669;671;673;675;678;679;681;686;688;690;691;693;697;698;702;703;704;706;707;708;709;711;712;713;714;716;717;718;720;721;723;724;725;726;727;729;730;733;734;736;737;740;741;743;744;745;749;751;752;756;757;759;761;762;763;765;768;769;770;772;773;774;779;780;781;782;783;789;790;792;795;796;798;802;803;806;807;808;810;811;812;813;814;816;817;818;821;825;826;828;831;832;833;835;839;840;841;843;845;847;848;851;852;853;854;855;857;858;859;861;862;867;868;870;872;878;879;880;881;882;883;884;886;888;891;892;895;896;902;904;905;906;908;911;914;915;916;917;918;919;921;922;923;924;925;927;929;931;933;934;937;941;942;945;946;948;952;953;955;957;958;962;965;966;967;969;970;971;972;974;975;976;977;979;982;983;985;987;998;999;1000
754;1;3;5;6;7;10;11;12;13;16;22;23;24;27;28;31;33;37;43;44;45;47;49;50;52;53;54;55;58;59;60;61;62;63;65;67;68;69;73;74;75;76;77;78;79;81;83;84;89;91;92;93;96;97;98;99;100;101;106;108;109;110;111;112;114;118;121;122;123;124;127;129;130;132;133;135;136;137;138;141;145;146;149;151;153;155;156;157;158;160;163;166;167;170;171;172;173;175;176;177;181;183;184;187;188;189;191;192;193;194;199;201;204;208;209;210;211;212;216;217;219;221;222;223;224;226;229;230;231;238;243;246;249;250;255;256;259;261;262;263;264;265;266;267;269;271;272;277;278;282;283;284;285;286;291;294;296;297;298;301;302;305;306;307;313;314;316;318;324;325;327;328;330;331;333;334;335;337;339;340;341;342;344;345;347;349;352;353;354;355;357;358;360;363;367;372;376;378;379;381;382;384;386;388;390;391;392;393;396;398;399;400;402;403;404;405;407;409;415;417;418;419;421;426;427;431;432;436;438;440;441;443;444;446;447;448;450;451;452;455;458;459;460;461;463;465;468;469;470;475;477;478;482;483;485;488;490;491;494;495;496;498;499;500;502;506;511;512;514;517;518;519;520;521;523;524;525;529;531;532;533;534;535;536;537;538;539;541;542;543;545;548;550;553;555;557;558;561;562;563;567;568;569;570;571;583;586;587;589;590;591;593;594;595;596;598;599;601;603;606;607;614;615;617;618;623;624;626;628;629;630;632;633;636;637;640;641;642;644;645;646;649;651;657;658;659;661;662;663;668;672;673;675;679;680;681;682;683;684;688;691;693;695;696;697;700;701;704;705;706;707;708;709;710;715;717;718;721;724;727;731;732;735;736;738;739;740;741;742;743;745;747;751;755;758;761;764;766;767;769;770;774;777;779;780;783;785;786;788;790;791;792;793;794;795;796;797;798;799;801;802;805;806;807;808;811;812;813;814;815;816;817;821;824;827;828;830;831;832;833;834;835;836;837;838;839;840;842;844;845;848;850;851;852;853;855;856;858;859;864;866;867;870;875;876;882;884;885;887;888;889;890;892;893;894;895;899;900;903;908;915;917;918;919;920;921;928;931;932;933;934;935;945;946;948;952;954;955;957;960;961;964;967;969;970;973;974;975;977;979;984;985;986;987;991;993;994;997;1000
755;1;2;5;6;7;9;14;17;18;19;20;23;24;26;27;32;33;34;35;37;40;41;43;44;45;47;52;53;55;58;60;62;63;64;67;69;74;76;77;78;80;81;82;83;84;85;87;88;90;91;93;95;96;97;104;106;107;108;109;110;112;113;117;118;119;122;126;129;132;135;137;141;144;147;148;151;152;154;155;159;161;162;163;165;168;169;170;173;178;184;185;186;187;188;189;190;193;194;198;199;200;202;203;205;207;208;209;212;213;215;216;217;220;223;224;225;226;233;234;235;236;237;240;241;242;243;244;246;247;249;251;254;255;258;259;260;265;272;273;275;276;277;281;287;288;297;299;300;301;303;305;306;309;310;311;313;314;315;316;317;318;319;320;321;322;323;324;326;328;329;330;335;336;337;339;343;345;347;350;353;354;355;358;359;360;361;365;367;368;369;370;371;374;375;376;377;378;381;382;385;387;390;392;399;401;403;405;406;411;412;413;414;415;417;418;419;424;425;427;429;430;431;432;433;436;438;440;441;442;446;449;450;456;458;460;462;464;465;466;467;468;469;474;475;478;479;480;482;484;487;488;491;498;499;500;504;505;506;511;512;513;516;517;518;520;524;525;528;529;530;532;535;537;540;545;546;548;549;551;552;553;554;561;562;563;566;567;569;570;571;572;573;575;576;578;585;586;588;589;590;594;595;596;600;601;603;606;608;609;612;615;616;619;621;623;624;625;627;628;630;631;632;633;639;641;642;643;644;648;651;652;653;654;656;661;668;669;670;673;674;675;676;679;681;682;683;685;686;689;692;697;698;699;701;702;703;705;706;708;709;710;711;712;713;714;716;721;722;727;730;731;732;733;735;736;737;738;740;744;745;747;749;750;751;754;759;760;762;763;767;768;772;773;779;780;783;786;787;788;790;796;797;798;803;804;805;806;807;810;811;812;814;823;828;829;833;834;835;837;838;841;842;843;847;851;853;854;855;858;860;862;863;867;869;871;872;873;878;879;882;883;886;888;889;890;894;895;898;901;903;904;905;907;908;909;910;912;913;915;917;919;922;923;924;926;927;928;932;936;938;940;941;942;944;948;951;955;957;960;962;967;968;969;970;974;977;979;980;981;986;987;989;990;991;996;997
756;1;4;7;10;11;12;13;14;16;17;19;21;23;25;27;28;30;33;34;36;38;39;42;43;44;46;48;52;58;60;65;66;68;70;73;77;79;80;81;86;87;88;91;93;99;100;102;103;104;105;108;110;112;114;117;119;125;126;127;128;130;139;140;141;142;143;144;149;150;154;157;159;160;162;163;164;168;169;170;173;174;175;180;183;186;188;189;191;194;195;197;198;202;204;206;208;210;212;213;215;217;220;226;228;229;233;234;235;236;238;239;240;241;244;245;248;250;251;252;253;254;256;257;258;260;261;264;265;266;269;270;271;273;278;280;281;282;285;286;289;290;294;295;296;297;298;299;300;301;302;307;310;313;315;316;317;319;320;321;325;327;328;330;331;333;334;335;336;337;339;340;341;342;344;349;351;352;353;357;361;362;363;370;371;372;375;376;385;386;387;394;395;402;403;404;405;406;407;409;410;413;416;417;419;420;421;425;426;427;428;429;432;433;437;438;441;442;443;444;446;448;449;450;452;454;455;458;459;461;464;466;469;470;471;473;474;475;478;479;480;482;483;487;488;489;492;493;494;498;500;501;503;504;505;506;507;510;512;513;515;516;517;518;519;521;522;523;525;526;527;528;533;535;536;539;543;547;549;550;553;556;557;558;559;561;563;564;565;566;568;575;576;579;580;581;584;587;588;589;591;595;596;597;600;603;605;607;608;612;614;616;618;621;623;626;627;629;630;638;639;640;641;643;644;645;647;649;651;653;654;655;657;658;660;661;662;665;666;667;668;670;671;677;678;680;681;684;685;689;690;694;696;699;706;707;708;710;712;713;717;721;724;725;730;734;737;740;741;743;744;745;747;748;749;750;753;758;761;762;763;764;768;775;776;778;779;780;781;784;785;787;788;789;792;794;799;801;803;804;807;808;809;810;811;813;814;815;817;820;821;823;824;825;828;832;833;835;838;839;840;842;845;849;852;853;854;855;857;858;862;865;866;867;869;871;872;873;877;879;882;886;887;895;897;901;904;906;907;910;911;914;915;916;918;919;924;926;928;929;930;932;933;935;936;940;945;947;948;950;951;952;954;955;956;957;958;959;962;964;965;967;970;972;973;976;978;981;984;985;986;988;989;991;993;994;996;998
757;1;3;6;13;15;16;18;19;24;26;27;28;30;32;34;36;42;43;44;50;52;53;55;61;62;63;64;66;69;71;73;76;77;79;82;83;84;88;89;91;97;99;101;104;106;107;109;114;116;118;121;123;124;125;128;131;134;138;140;143;144;145;146;147;149;150;152;155;156;157;159;161;163;167;168;171;172;173;174;176;178;179;180;181;182;184;185;186;187;188;192;198;199;200;201;202;203;205;206;209;210;212;214;215;216;219;221;222;223;224;225;226;227;232;236;239;242;243;244;245;246;248;252;253;256;261;263;264;265;267;269;271;272;273;274;275;276;279;280;283;284;285;287;290;291;292;293;294;296;297;298;300;301;304;305;306;307;308;310;314;317;320;321;323;330;332;339;345;348;349;351;352;354;355;356;358;361;363;365;368;370;372;374;376;377;378;379;381;385;386;387;391;397;398;400;402;403;405;407;409;410;411;413;414;416;417;420;421;425;426;427;428;429;430;432;434;435;440;441;442;443;444;448;450;451;455;457;459;462;463;466;467;468;469;470;471;473;478;479;480;481;483;490;492;494;497;499;500;501;502;505;507;508;511;512;514;515;517;519;520;522;523;525;526;529;531;532;533;534;537;539;540;542;544;545;546;547;550;552;553;554;555;556;559;560;562;563;564;567;568;571;574;578;583;588;592;595;597;598;599;600;601;602;604;605;607;608;611;612;613;615;617;618;621;622;624;625;626;628;629;632;637;639;640;643;646;649;650;653;654;655;656;660;664;667;671;672;673;674;675;677;679;683;684;685;686;688;690;692;693;696;697;699;700;702;703;704;706;710;711;712;717;718;724;726;731;732;735;736;737;738;740;742;743;746;747;748;752;753;761;764;766;767;768;770;773;775;777;779;780;781;782;784;785;788;789;791;794;796;797;799;800;802;803;804;808;809;811;812;813;814;815;816;817;818;820;821;822;824;826;828;829;831;832;833;834;835;836;837;840;841;844;845;849;852;853;854;857;858;859;862;863;864;867;869;870;871;872;873;874;879;880;881;882;883;884;885;887;890;892;894;895;898;902;903;905;906;907;914;916;920;921;923;924;926;929;932;933;935;936;937;938;940;941;942;943;944;945;946;948;949;952;953;954;961;962;966;967;968;969;970;971;975;978;980;982;985;986;987;988;989;990;991;993;994;995;1000
758;1;2;5;6;9;10;12;14;15;17;18;19;20;28;31;32;36;37;38;40;41;43;45;46;47;50;51;55;56;57;60;61;62;63;64;68;69;75;77;80;81;82;83;85;87;91;92;94;97;99;104;107;109;110;113;114;115;118;120;122;124;128;129;130;134;136;138;140;141;144;145;146;148;149;150;153;154;155;156;158;160;165;166;167;168;169;170;173;174;175;177;178;179;180;181;183;184;188;192;193;194;196;197;199;200;205;209;210;213;214;217;218;219;221;223;227;228;230;231;233;234;238;240;241;243;245;247;248;250;255;257;258;259;260;264;265;267;268;274;275;278;280;281;282;287;288;289;290;291;293;295;297;298;299;300;301;302;306;312;314;315;317;319;320;322;328;336;339;342;343;344;346;347;349;350;351;352;353;354;355;356;357;362;363;365;366;367;371;372;375;382;383;385;386;387;389;390;391;392;393;394;395;397;399;400;410;412;416;419;421;422;423;424;426;427;431;432;434;435;436;437;438;439;441;443;444;446;447;449;450;451;452;455;456;457;458;462;467;469;470;472;473;474;475;476;478;480;483;486;487;489;490;491;495;496;498;499;501;503;509;512;514;515;517;519;520;522;527;528;529;530;531;533;534;535;537;538;539;540;541;542;543;547;550;552;553;555;557;559;561;566;568;569;570;571;573;574;576;578;582;584;586;587;588;589;590;591;594;596;598;600;602;604;605;607;612;614;615;616;618;619;620;622;628;630;633;634;637;638;641;642;644;646;650;652;654;657;661;665;670;672;673;678;679;681;682;683;684;687;688;689;692;693;695;697;700;701;703;706;707;708;710;711;712;714;715;717;719;722;724;726;728;729;731;734;739;740;741;742;748;750;754;756;760;761;765;769;770;771;773;776;778;780;781;785;786;787;793;795;797;801;804;805;806;809;810;812;813;815;818;821;822;823;825;826;828;830;831;834;835;840;843;844;846;847;848;849;850;852;853;855;858;859;861;862;867;869;871;872;873;876;877;878;883;884;888;890;892;894;898;899;900;901;902;903;905;907;914;915;916;917;919;923;930;934;937;938;939;940;943;944;946;950;952;953;957;959;961;962;966;967;969;970;971;972;977;978;981;984;985;988;989;990;997;999;1000
759;3;8;9;10;12;13;14;16;17;18;20;21;22;23;24;28;29;31;36;37;39;42;44;45;47;48;50;51;52;54;56;57;63;65;66;68;69;71;72;74;75;81;82;86;90;92;93;94;95;96;97;98;99;106;109;110;113;118;120;121;123;124;126;127;133;134;136;138;139;143;145;149;153;154;155;157;160;161;162;163;164;167;168;173;174;179;180;181;183;186;187;188;192;195;197;198;199;200;201;202;204;207;209;210;213;215;216;217;219;222;226;227;228;230;231;234;236;238;241;244;249;250;251;252;253;255;259;260;261;263;264;269;270;273;274;276;277;278;279;280;282;283;284;285;286;289;290;291;292;293;296;298;299;300;301;302;312;315;318;319;320;324;325;330;332;333;336;339;340;342;344;345;346;347;348;350;351;354;355;357;359;362;364;365;366;372;375;376;378;379;384;388;389;390;391;395;397;403;404;405;407;409;410;414;418;421;423;424;425;428;432;433;434;436;440;441;444;445;448;450;454;455;456;458;460;461;463;464;467;468;469;474;475;476;477;479;480;481;484;487;491;492;495;499;501;502;504;506;509;510;512;513;514;515;517;518;520;521;522;523;525;527;529;541;542;543;547;549;552;554;555;557;562;565;574;575;578;582;586;588;590;591;592;594;596;597;599;601;603;604;606;607;608;614;616;618;619;620;621;622;624;626;627;629;630;632;634;636;638;639;640;642;646;649;650;651;652;653;655;659;660;662;664;665;668;675;677;681;682;686;687;688;689;690;692;693;696;698;699;701;703;706;707;709;712;713;717;719;723;726;727;728;729;735;739;741;747;748;750;752;753;755;762;763;764;765;766;767;768;770;771;775;776;777;778;779;787;791;792;794;795;796;798;799;800;803;804;809;811;812;813;816;818;825;836;841;842;843;845;846;847;848;849;850;852;855;856;860;864;866;871;872;873;875;877;881;882;883;885;886;889;891;892;894;896;898;899;900;902;903;905;906;909;910;913;914;917;920;922;925;926;928;929;931;932;935;937;938;940;942;944;948;950;952;953;957;958;959;960;962;964;968;971;972;973;974;976;978;985;986;987;988;989;991;993;995;997;998;1000
760;2;5;7;8;10;11;13;14;15;18;19;20;21;22;27;28;29;33;34;35;36;37;38;39;40;42;43;44;46;49;54;56;57;58;59;60;61;67;69;70;71;73;75;77;78;80;81;83;85;87;89;90;91;96;100;101;103;106;107;108;109;113;114;115;118;119;124;125;126;128;130;131;133;134;135;136;139;142;145;147;148;150;151;157;160;162;166;167;168;169;172;173;175;176;177;178;179;180;184;187;188;189;191;194;195;200;201;202;203;205;206;209;211;212;214;215;217;218;220;226;227;229;231;234;241;244;245;246;247;249;250;253;254;260;262;265;266;268;269;273;274;275;281;285;287;289;293;294;299;300;301;307;308;312;315;317;319;321;323;326;329;330;334;337;339;340;341;342;345;347;348;349;352;353;354;355;357;359;360;362;364;366;367;372;374;375;380;381;382;386;387;392;393;395;397;398;399;402;403;406;408;409;411;412;418;419;420;421;422;423;424;426;428;429;434;436;437;438;439;441;442;443;445;446;448;449;450;451;452;454;455;456;460;461;463;464;465;466;470;471;472;478;479;480;482;484;485;487;488;491;492;493;494;495;496;501;505;506;507;510;511;513;514;515;516;517;518;522;523;524;525;526;529;533;537;538;539;540;541;543;544;545;551;552;553;555;556;557;559;560;561;567;568;569;570;571;575;576;577;578;581;582;585;586;587;588;592;593;595;598;599;601;602;604;608;613;617;618;620;622;628;632;634;635;636;639;641;642;643;645;646;650;651;652;654;655;657;658;659;664;666;675;676;677;678;680;684;685;687;688;690;691;694;695;696;697;699;700;703;704;705;708;709;710;712;714;715;718;721;722;723;724;725;727;729;733;736;737;741;742;743;746;748;749;750;755;758;762;764;765;766;768;769;770;772;776;778;779;780;781;783;784;786;788;790;791;794;796;797;798;802;803;805;807;809;810;812;815;817;819;820;822;825;830;834;835;838;839;840;841;842;847;848;849;850;852;853;854;855;858;863;864;868;875;879;885;887;888;889;890;892;894;896;898;899;901;902;903;904;905;907;908;914;919;924;926;932;935;937;938;939;940;941;942;943;947;948;951;952;953;955;957;958;959;964;965;968;969;973;974;975;983;984;985;986;988;991;992;996;997;999;1000
761;1;2;5;8;12;13;14;16;18;19;21;22;27;33;34;35;36;37;38;40;42;43;45;47;50;51;52;53;55;56;60;61;62;64;65;66;69;76;79;80;81;85;86;90;91;97;98;103;107;108;110;112;113;116;119;120;121;122;123;125;127;128;129;131;133;134;135;138;140;144;146;147;148;152;155;156;159;161;165;167;169;172;173;174;175;178;185;188;190;191;192;193;196;197;200;201;203;204;206;210;211;213;214;217;218;219;221;225;227;228;229;230;232;233;235;236;238;239;240;241;243;244;245;246;248;250;251;252;257;259;260;261;263;264;266;270;271;276;282;283;284;285;287;289;291;294;295;296;297;300;302;303;304;305;306;307;308;313;314;315;316;317;319;320;321;322;323;325;329;330;332;333;334;335;340;343;344;346;347;348;350;351;354;355;357;358;360;364;365;367;368;370;372;374;375;377;378;380;382;383;384;385;386;395;396;397;398;400;402;403;405;406;412;413;416;417;419;421;422;423;424;429;431;432;433;436;437;438;439;441;442;443;445;447;448;450;454;458;460;464;465;468;470;473;476;477;479;483;486;487;488;490;491;492;493;494;496;497;499;502;506;507;509;511;512;518;521;522;526;528;531;532;534;536;538;539;541;546;550;552;553;555;556;557;559;560;562;563;565;566;568;569;570;572;573;574;577;580;583;585;587;589;591;594;597;599;600;601;602;603;604;606;607;608;609;610;614;615;616;617;623;624;625;630;634;635;636;637;642;649;650;651;652;653;654;656;657;658;659;660;661;662;666;669;670;673;674;677;679;684;685;686;688;689;691;692;693;695;696;697;698;699;703;708;713;716;719;720;721;722;727;728;729;731;733;734;735;736;737;740;744;745;747;750;751;752;753;754;756;757;758;762;764;769;770;771;775;777;778;780;781;782;783;785;786;788;789;791;792;793;794;795;796;797;799;801;804;806;807;810;812;814;816;819;822;824;825;826;830;832;834;835;836;837;847;848;852;853;855;859;861;870;871;873;874;875;876;877;878;879;880;881;882;883;884;886;891;892;896;897;898;899;900;901;902;905;908;910;913;915;916;919;920;922;924;927;929;930;934;935;937;940;942;943;944;947;951;952;954;956;957;958;959;962;965;967;968;969;971;975;976;977;978;979;982;983;984;985;986;987;988;989;990;992;995;996;997;998;999;1000
762;1;2;3;5;6;7;12;14;16;17;21;22;24;25;26;27;28;30;31;34;35;36;38;39;40;42;49;50;52;55;56;58;59;63;68;70;73;76;79;82;85;87;92;94;95;97;102;103;104;105;107;108;109;113;114;115;116;119;120;121;123;125;130;132;133;134;135;136;137;140;142;144;146;148;149;152;153;155;158;159;165;166;167;168;169;173;174;177;178;180;182;184;188;189;190;192;193;195;197;199;203;204;205;206;207;208;209;210;215;218;223;226;227;228;230;231;232;233;234;239;241;242;244;245;246;248;249;250;252;253;254;255;258;262;263;267;268;271;272;274;275;279;282;284;285;287;290;294;296;297;298;300;301;305;310;311;315;316;322;323;324;325;327;330;332;334;335;336;337;339;340;341;342;343;345;346;349;352;353;354;355;357;360;366;373;374;376;380;382;383;385;386;388;395;401;402;403;405;406;415;418;420;421;422;423;424;425;427;432;433;438;439;444;445;448;450;451;452;458;459;460;461;472;473;477;479;480;481;482;484;486;488;489;490;492;493;495;499;503;505;506;512;513;514;516;517;518;520;522;526;528;529;532;534;536;540;542;551;552;555;556;557;558;559;560;562;564;567;571;573;574;576;578;579;580;583;585;587;588;590;591;595;597;599;600;601;602;603;606;607;609;610;611;616;617;620;621;623;624;626;627;628;629;633;635;636;637;640;641;642;644;645;648;650;652;655;659;660;661;662;663;664;666;667;673;675;676;678;679;680;687;689;691;693;694;697;698;699;701;702;703;704;706;709;710;714;716;718;719;720;721;722;723;725;728;731;732;733;736;741;743;746;748;752;753;755;756;759;760;761;764;766;768;769;770;771;772;773;774;776;777;780;781;783;786;787;789;797;799;800;801;802;805;810;811;812;813;816;822;827;828;829;830;832;834;836;837;838;840;841;845;846;849;850;851;852;853;854;856;858;862;863;866;868;871;872;874;875;883;888;889;893;894;898;902;903;904;905;909;910;914;915;916;917;918;921;925;926;927;929;933;937;940;941;942;943;944;945;949;950;952;954;957;959;960;963;964;968;970;972;974;977;979;981;983;984;985;986;987;989;990;991;992;993;996;997;998;1000
763;1;4;7;8;11;13;14;15;18;20;24;25;26;28;29;34;35;36;41;44;46;48;49;50;52;54;55;60;61;62;63;64;66;68;69;70;71;74;78;79;80;81;83;87;89;92;94;95;96;97;98;100;105;106;107;109;110;112;113;115;116;122;127;129;131;133;135;137;139;144;147;148;150;151;156;159;162;168;171;173;175;180;183;184;185;187;190;191;192;193;197;199;201;203;205;207;208;211;212;215;216;218;220;221;222;223;225;226;228;229;230;231;234;236;242;246;248;252;253;254;259;260;262;263;264;268;269;270;273;276;277;280;281;283;287;289;294;296;299;300;301;303;311;312;314;315;318;320;321;322;324;329;333;334;335;336;342;343;344;345;347;351;352;356;358;359;361;363;364;369;370;371;375;377;380;381;382;387;388;389;391;393;394;395;397;399;402;405;409;410;411;412;415;416;417;418;423;424;425;426;427;430;432;434;437;439;441;442;444;446;448;453;455;456;457;459;460;461;462;463;465;466;469;471;472;474;476;478;480;481;482;483;485;486;487;490;492;494;495;498;500;501;502;504;505;509;510;513;514;518;520;524;528;530;531;533;534;536;539;540;541;542;545;549;552;553;557;558;560;563;564;570;576;577;579;580;582;583;584;585;590;591;592;593;594;595;596;597;598;599;601;607;608;613;615;616;619;624;626;629;630;631;632;635;638;639;640;643;644;645;647;649;652;653;655;659;660;662;663;664;665;666;667;674;677;678;679;681;682;683;684;685;686;687;689;691;693;695;699;700;701;702;703;705;706;709;711;712;714;717;721;722;723;725;726;727;730;731;733;735;736;737;738;739;740;741;743;744;745;747;749;750;752;753;755;756;759;765;768;769;773;774;776;780;781;782;784;788;791;792;793;795;798;801;802;803;807;808;810;811;815;816;817;819;820;821;823;824;825;826;827;829;835;838;844;845;846;847;852;853;855;857;858;859;861;862;865;866;867;868;872;878;879;880;883;885;887;890;891;892;893;897;898;902;903;907;910;913;914;915;917;918;919;921;922;924;925;927;930;931;934;937;942;945;949;950;953;954;960;962;967;969;970;973;974;975;976;977;979;980;981;983;984;985;987;989;990;993;994;996;997
764;1;3;4;5;7;9;12;14;15;16;17;19;20;21;22;24;25;30;34;35;36;38;40;42;45;47;49;54;56;57;59;61;62;63;65;68;69;70;73;74;75;77;78;81;83;84;85;89;91;93;94;95;98;99;100;104;107;109;111;112;115;116;118;120;121;122;123;126;127;128;129;131;136;139;140;144;145;149;151;152;153;154;155;156;158;159;160;161;165;166;168;169;170;171;173;174;175;177;178;179;182;184;186;188;193;194;199;201;203;205;208;212;213;215;217;218;219;220;223;226;228;229;230;232;234;235;239;243;244;246;247;249;250;252;253;254;255;257;258;260;261;264;266;267;269;270;272;273;274;277;278;282;283;284;288;289;292;293;295;297;299;301;302;303;305;306;307;308;310;313;314;318;319;321;322;328;333;335;336;341;343;345;346;347;349;350;351;352;353;357;358;360;361;363;366;368;371;375;376;380;381;382;383;384;387;388;389;391;394;397;398;399;400;401;402;403;406;407;408;412;416;417;420;421;422;429;431;432;433;435;437;438;439;442;443;447;448;450;454;455;459;462;463;464;465;466;468;471;472;473;475;479;482;484;485;486;490;491;492;494;495;496;497;499;501;504;505;506;512;514;516;521;522;523;524;527;530;532;536;538;539;542;543;546;548;549;553;557;558;559;560;562;568;569;570;571;572;573;574;575;576;577;578;582;583;585;586;588;591;593;594;595;596;597;598;602;605;606;609;613;614;615;616;618;620;622;624;625;626;628;629;630;631;632;633;635;641;649;650;654;656;658;659;664;666;667;670;671;673;675;676;677;678;679;680;681;684;685;688;689;691;693;695;698;702;703;704;705;708;709;711;714;716;718;721;722;723;726;727;731;732;733;736;737;738;739;741;743;744;746;750;751;752;754;756;757;759;760;761;762;767;768;771;772;775;776;777;779;781;782;784;788;790;791;792;793;794;797;798;799;805;807;808;812;814;815;820;822;823;824;829;831;834;836;839;840;841;843;846;849;853;854;855;856;857;859;860;862;863;864;865;866;869;870;873;874;876;880;881;882;883;886;887;889;892;893;894;895;897;898;899;900;901;906;910;914;915;918;919;923;924;926;928;931;932;934;936;937;938;939;941;943;944;947;951;952;956;958;960;961;963;968;971;973;974;976;977;978;980;982;986;991;994;997;998
765;1;5;6;8;10;11;14;15;16;17;18;19;23;25;26;27;29;30;31;32;33;34;36;38;40;41;43;44;47;53;54;55;58;60;62;64;65;66;68;73;79;80;81;83;85;91;92;93;94;95;96;97;99;101;102;104;107;111;114;117;119;120;121;122;123;124;127;128;132;136;137;138;139;140;142;146;150;151;152;153;157;159;160;161;162;168;170;171;172;174;178;182;184;185;186;187;188;190;191;193;194;196;198;199;201;208;209;210;216;217;218;222;224;225;229;230;240;243;244;248;249;250;251;252;253;254;255;257;259;261;262;263;264;265;266;267;268;270;271;272;274;277;279;282;285;290;291;294;295;296;299;302;304;305;307;311;312;313;314;315;316;318;319;321;323;324;325;328;329;330;337;339;341;343;345;346;347;348;350;351;352;353;358;362;365;366;368;369;371;378;380;382;384;386;388;389;391;393;394;395;398;399;400;405;406;410;411;415;416;417;418;420;423;424;426;428;429;431;435;436;437;439;440;441;442;443;444;446;448;449;451;459;462;463;464;465;466;467;468;471;472;474;475;476;477;478;479;482;484;488;492;493;495;499;502;503;505;506;509;510;511;514;516;517;518;519;521;522;524;525;528;529;530;532;535;537;539;540;542;543;544;545;546;547;548;549;551;552;555;558;559;560;561;562;563;564;565;566;567;568;571;574;575;576;579;580;582;583;585;588;589;591;594;595;599;600;602;604;607;609;610;612;617;618;620;622;625;628;629;630;631;633;634;637;638;641;642;643;644;648;649;652;658;660;661;662;663;667;668;669;670;672;673;674;675;676;678;680;681;682;684;685;689;692;695;696;698;699;701;703;704;705;711;712;713;715;716;717;718;720;721;722;723;724;725;726;727;729;736;737;740;742;744;745;747;749;750;751;753;758;759;760;763;766;768;770;771;773;774;779;782;783;790;791;793;794;795;796;797;799;801;805;806;807;809;811;813;814;816;818;821;824;825;838;841;842;843;844;846;849;850;856;858;859;862;863;866;868;871;872;874;875;876;877;879;882;883;886;887;890;892;894;895;900;904;907;910;911;913;916;919;922;923;924;925;926;929;931;939;942;943;944;945;946;949;953;954;955;956;957;958;960;962;963;970;972;973;974;976;977;982;985;987;988;989;990;992;997;998
766;4;6;8;9;11;13;16;17;18;20;23;24;25;26;30;32;36;38;39;41;43;47;48;50;51;52;55;57;58;62;63;65;67;68;70;73;77;78;79;82;84;86;88;91;93;94;95;96;99;103;105;106;107;110;111;114;115;118;121;123;124;126;130;133;135;137;140;141;142;144;148;149;153;154;159;160;164;165;167;168;170;172;173;174;178;179;181;182;183;192;193;195;196;197;199;200;201;202;203;208;209;210;212;215;217;218;219;224;226;227;233;235;237;239;240;242;248;254;255;260;261;262;265;266;267;268;271;272;274;275;277;280;281;283;285;286;287;288;289;290;293;297;298;300;301;303;304;313;314;316;319;320;321;323;325;326;327;330;332;334;336;338;342;345;349;350;352;354;355;356;357;359;361;364;365;366;368;370;371;372;377;378;382;384;387;388;390;391;397;398;400;402;403;405;406;409;410;412;413;414;415;423;424;427;430;434;437;439;440;441;442;445;446;448;449;450;452;453;454;455;457;458;459;462;463;465;467;469;471;472;475;477;482;486;488;489;491;494;496;497;499;500;501;502;505;506;510;511;516;520;522;524;525;527;534;536;542;544;545;546;547;549;550;553;554;557;558;560;561;562;563;569;573;575;576;577;584;587;589;590;592;593;595;597;599;602;605;606;607;608;610;611;612;615;616;617;618;621;622;625;629;630;632;633;634;635;636;638;639;640;643;644;646;648;649;652;655;656;658;660;662;664;665;666;671;672;673;674;675;679;680;682;684;685;690;692;696;697;698;702;703;706;707;710;711;713;714;717;720;721;722;723;725;727;729;732;734;742;743;744;747;751;754;757;759;760;762;765;767;770;775;776;778;785;786;788;789;791;792;793;794;795;801;804;805;806;807;808;815;816;818;821;822;823;824;825;827;828;830;831;833;834;835;837;839;840;841;842;843;844;845;846;847;849;850;852;855;857;859;860;862;865;866;867;871;872;873;875;880;881;883;884;885;887;888;892;895;900;902;903;904;905;906;907;909;911;912;913;916;917;918;919;920;921;925;926;927;928;929;934;935;936;937;938;939;945;949;950;956;959;960;962;963;965;966;967;970;971;972;973;974;975;979;981;984;986;987;989;991;992;993;996;999
767;2;3;4;7;10;13;14;18;19;20;21;23;25;28;29;30;35;37;38;39;40;41;42;47;50;51;54;56;57;60;62;63;67;68;69;71;72;75;78;83;85;91;92;94;95;96;98;99;101;102;105;106;107;108;109;111;115;116;117;118;119;120;122;126;127;128;129;130;134;136;139;140;141;142;143;144;150;155;159;160;161;163;166;167;168;173;174;176;177;178;180;181;182;184;185;186;188;190;191;192;193;196;197;198;200;203;204;207;208;212;214;216;218;219;222;225;227;228;230;235;237;244;246;247;250;251;253;255;261;262;263;267;271;274;275;278;280;285;287;288;289;291;293;294;295;297;299;300;301;303;305;306;308;309;311;312;313;314;315;316;317;319;322;325;326;327;329;334;335;340;341;342;344;346;348;350;351;354;355;358;359;360;361;364;366;367;368;369;370;373;379;381;384;387;388;389;393;394;395;399;400;402;403;404;405;408;413;416;418;421;424;426;427;428;429;430;433;438;439;440;443;445;449;450;451;454;456;459;460;462;463;464;465;467;468;469;474;477;479;480;483;484;486;487;488;489;491;492;494;496;497;498;499;501;504;505;506;507;510;512;513;514;515;516;517;520;521;523;525;526;527;529;530;532;533;534;536;538;542;544;546;547;551;553;558;559;560;561;564;565;567;570;574;579;582;583;587;588;590;591;593;594;595;596;599;603;604;605;606;607;608;610;611;612;613;614;615;619;622;625;627;629;630;638;640;641;642;643;646;648;650;657;659;661;663;666;667;668;669;671;674;679;681;684;685;687;692;697;698;700;704;705;706;710;711;718;719;720;721;722;726;727;732;734;736;737;739;741;742;743;744;746;748;754;755;757;759;764;766;768;771;774;779;781;783;788;789;791;793;796;800;801;803;804;805;807;809;811;812;813;814;817;818;823;824;826;827;829;832;839;843;844;845;849;851;852;853;854;856;857;859;860;861;862;863;864;865;867;870;873;874;878;879;880;883;885;887;888;889;890;891;892;893;895;896;897;898;899;903;904;906;907;908;914;916;921;923;924;927;929;930;931;935;936;938;939;941;942;945;948;949;951;952;954;955;957;958;959;960;961;965;966;969;970;971;972;973;974;980;982;986;991;993;996;999
768;2;5;6;8;15;16;18;19;24;26;28;30;31;33;36;37;38;42;43;44;47;48;54;56;58;63;66;67;70;71;73;74;75;80;81;82;85;86;88;89;94;95;96;97;99;101;106;108;109;110;114;116;117;118;119;122;123;124;128;132;133;134;135;136;137;138;141;142;143;145;147;150;155;159;161;165;173;177;179;182;187;189;191;195;196;197;198;202;204;206;207;214;216;220;221;222;224;225;227;228;229;233;236;237;238;239;240;241;244;246;247;248;249;250;253;255;256;260;263;266;268;270;271;274;275;279;280;281;285;288;289;291;292;294;295;296;303;305;306;307;308;309;310;311;312;315;316;317;321;324;327;328;330;332;334;335;339;340;342;343;345;346;347;348;349;350;353;354;356;357;358;359;361;362;364;365;368;370;371;373;375;376;378;380;385;386;387;388;389;390;391;394;397;398;400;401;402;403;404;410;412;414;415;416;417;418;419;422;424;425;426;429;435;436;439;440;443;448;451;453;454;458;464;470;471;472;473;474;475;477;479;480;481;483;485;486;488;491;492;494;496;499;501;503;506;508;509;512;513;514;517;519;520;523;527;530;532;533;537;538;544;547;549;554;555;556;557;558;559;560;561;563;565;566;567;569;570;572;573;576;579;580;588;589;590;591;595;596;599;601;602;603;607;608;618;619;620;621;622;624;625;626;633;634;637;639;640;641;643;644;645;646;647;652;653;655;656;657;658;659;660;662;664;665;666;667;671;672;673;674;675;676;678;679;681;684;688;689;690;699;701;702;703;704;706;708;711;713;714;715;716;717;718;724;725;726;727;731;735;737;738;739;742;743;744;748;750;753;755;756;757;759;760;762;763;764;765;767;772;775;776;778;779;780;782;783;784;786;788;789;791;796;799;800;803;804;805;806;807;808;809;813;817;819;820;821;822;823;824;828;830;832;833;835;837;841;843;847;848;853;854;856;858;859;863;865;866;868;870;872;873;874;876;880;885;886;888;889;890;893;894;895;897;899;901;903;904;907;909;912;913;914;915;917;922;924;925;926;928;929;934;935;937;938;939;940;945;946;947;948;949;952;953;958;960;964;965;967;972;974;975;976;977;978;979;980;982;983;984;986;987;989;990;994;995;997;998;999
769;1;2;3;5;6;9;10;12;15;17;18;19;20;21;23;33;34;37;38;39;40;45;47;49;50;52;54;57;58;62;63;65;66;67;69;75;76;78;79;80;83;84;88;92;94;96;98;99;100;101;102;103;104;106;107;108;109;110;112;113;114;116;117;118;120;121;125;126;130;131;132;136;137;138;139;140;144;145;147;149;151;153;155;156;157;160;161;162;167;169;170;171;173;176;179;180;182;183;186;187;189;190;191;192;193;196;198;201;202;203;205;206;207;210;211;213;215;216;223;224;228;229;230;231;232;233;235;236;238;241;243;244;245;246;247;248;250;254;256;257;260;261;262;263;264;265;266;267;268;270;271;272;277;278;279;281;285;286;287;293;296;297;298;299;301;302;304;305;306;308;317;320;322;323;324;325;326;327;328;329;331;332;335;338;339;342;344;347;348;349;351;355;357;359;360;364;366;367;368;370;371;373;376;378;380;382;385;389;390;391;392;393;395;396;397;401;403;404;405;406;408;409;410;413;414;415;416;418;421;427;430;431;432;436;437;438;439;440;442;443;444;450;452;453;454;456;458;459;460;462;467;468;469;470;473;475;476;477;478;480;482;486;487;489;492;494;495;498;499;502;503;507;513;514;517;519;520;521;524;527;530;533;535;536;539;540;544;545;550;552;553;555;556;561;563;564;567;568;572;573;574;578;579;580;581;582;583;584;585;586;588;589;591;593;596;598;601;604;607;608;610;612;614;615;617;619;620;625;626;627;628;629;630;633;634;639;640;641;643;644;645;646;648;649;652;655;657;660;661;662;663;666;668;670;672;675;676;679;680;683;684;687;688;691;693;695;696;697;698;699;701;702;703;704;705;707;710;711;712;713;716;717;718;720;723;725;726;727;728;729;730;735;736;737;738;739;740;741;742;743;744;746;747;748;750;753;754;758;760;761;762;763;770;772;775;776;777;778;781;785;786;789;792;793;796;797;798;801;802;808;809;810;812;813;818;821;823;825;832;834;836;837;842;844;845;846;847;850;858;861;864;866;867;868;869;871;874;876;881;883;885;886;887;890;891;896;897;898;899;900;901;902;906;907;908;911;912;913;918;919;921;922;924;925;926;928;931;933;934;937;939;942;945;946;947;948;949;951;952;954;959;960;961;962;969;970;979;980;981;982;985;987;988;989;991;992;996;998;1000
770;2;3;5;9;12;13;15;16;17;18;19;21;23;34;37;38;39;41;42;43;46;47;48;51;52;53;54;55;58;59;60;63;65;66;67;69;70;73;74;76;79;84;85;86;87;88;89;92;93;94;96;97;100;101;104;105;106;107;109;111;114;118;120;121;126;127;128;129;130;133;135;137;138;139;141;142;143;148;149;152;153;154;155;156;157;158;159;161;162;164;165;169;170;175;176;179;180;182;185;187;188;191;199;200;203;204;205;210;211;212;214;216;219;222;224;226;227;231;234;235;239;241;244;247;248;250;251;255;256;260;261;263;266;269;270;272;274;275;276;278;281;283;287;288;290;291;292;294;296;301;303;304;305;306;307;308;309;310;311;312;317;318;320;321;323;324;327;328;334;335;338;339;340;342;344;345;356;357;358;359;361;362;364;369;370;374;379;381;382;384;388;389;391;396;399;400;402;403;406;412;413;419;420;422;428;430;435;436;437;438;440;443;445;446;452;453;454;456;457;459;460;464;466;468;469;470;471;473;474;477;484;486;488;491;493;495;496;498;499;501;502;506;508;510;514;515;517;519;520;523;525;528;529;530;532;536;539;543;544;545;547;548;551;552;557;560;561;562;563;564;567;568;572;574;575;577;579;581;583;584;586;587;588;589;590;592;594;595;597;598;599;600;601;602;604;605;606;607;608;609;610;612;613;616;617;618;619;620;621;632;633;635;636;637;640;641;643;645;647;654;655;658;660;663;665;668;672;673;675;677;678;679;682;683;684;685;688;689;690;693;694;700;706;707;709;715;718;720;721;722;723;728;730;731;735;737;738;741;743;744;746;748;751;753;754;757;758;759;760;761;762;765;766;769;771;772;776;777;780;783;786;787;788;792;793;796;797;799;800;801;804;810;811;815;820;821;830;831;832;835;836;837;841;842;843;844;846;849;853;854;856;861;862;863;864;866;867;868;869;870;871;872;877;879;887;889;892;893;898;901;902;903;905;906;907;909;910;911;912;913;914;915;917;918;921;922;923;924;926;927;935;939;940;944;945;949;950;951;952;957;959;960;962;963;964;966;969;975;977;978;979;980;981;982;983;985;988;990;991;993;994;996;997;999
771;1;3;6;9;11;12;14;16;22;28;31;33;34;35;36;37;39;40;43;47;48;49;51;57;58;59;61;62;64;66;68;70;75;76;77;80;82;83;86;89;90;91;93;94;95;99;100;101;102;103;104;105;106;107;108;109;110;111;113;114;115;118;119;120;121;124;126;127;129;131;134;136;138;139;140;142;143;144;146;147;148;151;152;157;158;160;162;163;165;166;169;171;176;178;179;180;182;184;185;186;190;191;192;194;196;198;201;202;203;204;205;206;208;209;210;211;212;213;214;219;223;232;236;237;240;244;245;246;248;251;253;259;260;261;263;265;267;268;271;272;274;275;278;279;281;284;285;287;290;291;292;293;294;296;297;299;302;303;310;311;315;316;317;318;321;323;325;326;327;331;332;333;334;335;336;337;339;341;348;349;352;353;356;358;360;361;362;363;364;366;367;369;371;374;376;377;378;379;380;381;388;389;390;391;392;394;396;397;399;401;405;408;410;411;412;415;418;419;420;421;424;429;433;434;435;438;439;441;442;448;450;451;454;455;456;457;459;461;465;469;473;474;476;477;481;482;484;485;486;491;492;493;496;497;501;502;504;507;511;515;516;517;518;520;521;522;523;525;527;529;530;532;533;534;535;542;543;544;549;550;554;557;558;560;563;564;565;567;569;570;572;574;576;579;581;582;583;584;587;588;596;597;598;604;605;607;611;616;617;619;626;627;629;630;631;633;635;639;641;645;646;648;650;653;656;657;659;660;663;668;671;673;674;676;678;681;682;684;688;690;691;692;695;696;697;701;703;704;709;711;715;716;718;719;721;724;726;727;732;734;739;741;742;743;744;746;749;750;758;759;761;762;764;765;767;770;773;774;777;778;779;780;781;783;784;786;787;791;795;797;799;801;805;811;812;813;815;817;818;819;821;822;823;825;826;828;829;832;835;837;841;842;846;849;851;853;854;855;862;863;864;866;868;870;875;878;880;881;882;885;887;889;891;892;893;896;898;899;904;909;910;911;912;915;916;917;918;920;921;922;923;924;925;926;927;928;929;932;934;936;937;939;940;941;942;948;949;951;952;955;957;958;961;962;964;966;967;968;969;970;972;974;976;979;981;983;985;986;989;991;993;994;995;997;1000
772;1;3;4;5;7;8;11;14;18;20;21;22;23;25;26;27;28;33;34;36;37;38;39;40;41;42;43;44;46;51;52;53;54;56;57;58;61;62;63;65;66;67;71;74;77;79;81;84;85;87;89;94;97;102;107;108;110;117;119;120;124;125;128;132;133;135;139;140;143;146;147;149;151;153;154;155;156;157;159;163;164;165;166;168;169;170;171;173;176;177;179;181;186;188;190;191;192;195;196;197;198;203;204;208;216;220;221;223;224;226;228;231;232;237;240;242;243;244;246;248;249;250;251;252;255;257;258;259;263;265;267;268;271;273;279;281;282;283;286;287;291;292;294;297;298;301;304;305;308;313;314;315;316;317;318;319;320;322;324;326;327;329;330;331;332;334;336;337;338;340;341;342;347;350;351;352;355;357;358;362;363;364;365;369;370;373;376;377;378;379;380;381;382;387;389;390;391;392;396;399;402;405;407;409;410;411;416;421;426;428;429;430;432;433;434;437;439;440;441;443;447;448;450;451;452;453;455;457;458;459;460;462;463;468;473;474;476;477;478;483;487;488;490;491;492;494;496;497;499;500;503;504;506;509;510;511;512;514;515;516;517;519;522;525;526;529;531;532;533;535;542;543;545;551;553;554;557;558;559;561;562;563;564;565;566;569;571;572;574;575;580;582;588;589;590;593;595;597;598;603;604;605;607;609;610;611;612;614;619;620;623;625;626;628;631;632;633;634;639;640;641;644;648;653;654;655;656;657;659;661;662;665;667;668;674;679;680;682;689;691;696;697;698;699;703;709;710;712;713;715;716;718;720;721;722;724;725;726;728;730;738;740;741;742;743;745;746;749;752;753;755;760;762;764;768;769;770;773;775;776;778;780;781;782;784;787;789;790;794;795;796;799;800;801;803;807;808;809;810;812;815;816;818;827;832;833;834;837;839;843;845;846;849;856;858;863;864;871;872;875;880;881;882;883;884;885;886;888;889;894;895;897;898;899;900;901;903;904;905;906;907;908;909;912;913;920;922;927;929;932;933;934;935;937;938;945;948;949;951;952;957;959;963;966;967;973;977;978;981;982;986;993;994;995;998;1000
773;6;8;9;10;15;17;18;19;20;21;23;24;25;27;28;31;32;34;36;38;40;41;42;47;53;54;57;58;60;64;66;68;71;74;76;78;80;81;82;85;87;88;89;90;91;93;94;95;97;98;100;101;103;104;105;107;109;111;116;119;120;122;123;126;127;131;133;136;138;139;143;145;146;148;151;153;154;155;156;158;160;165;166;167;169;171;174;175;182;183;186;187;191;194;196;197;198;203;206;207;210;212;213;214;215;218;220;221;222;223;224;228;229;231;235;236;238;239;240;243;246;248;249;254;255;256;259;263;264;265;266;268;272;275;276;277;279;280;282;283;289;291;298;302;303;305;308;309;314;324;327;330;332;333;334;335;336;337;340;343;346;347;348;356;358;359;361;362;364;365;366;367;368;369;370;372;383;387;388;391;393;395;396;400;401;402;403;404;407;408;410;411;413;417;420;421;424;426;427;428;431;432;442;443;444;447;450;451;452;453;456;457;464;465;474;478;479;481;483;484;485;486;487;488;489;490;491;492;493;494;495;496;499;501;502;505;506;507;511;512;513;514;516;517;521;522;523;528;529;532;534;536;537;538;539;540;542;544;545;546;547;548;550;551;552;554;559;560;561;562;566;569;570;571;572;575;577;582;583;588;589;592;594;595;596;597;598;599;600;602;603;604;606;609;612;613;614;615;617;619;620;624;625;627;630;631;632;634;637;638;641;642;646;647;649;650;653;654;655;658;663;666;667;668;671;672;674;677;680;682;683;685;686;690;692;693;697;701;706;709;712;713;714;718;719;723;724;726;728;729;730;732;734;736;737;738;739;740;742;743;745;748;751;752;753;755;757;758;762;763;765;771;772;774;775;779;780;785;787;792;794;796;798;799;802;803;804;805;806;808;809;816;818;820;822;825;829;831;832;838;839;840;841;842;843;845;846;848;853;855;857;862;863;868;869;870;874;876;878;881;886;888;891;892;899;902;904;905;906;907;910;911;912;913;914;915;918;921;923;924;926;930;932;935;936;938;939;940;941;942;943;945;948;952;956;959;960;962;963;966;967;973;975;977;978;983;984;985;986;988;994;995;996;997;998;999
774;3;4;6;9;11;13;14;16;17;18;19;20;21;22;26;27;30;33;34;35;36;40;42;46;47;48;49;52;58;61;67;68;69;72;74;76;79;80;81;83;84;86;87;88;89;92;95;96;99;100;103;104;106;107;108;110;112;114;116;117;118;121;123;124;129;131;132;134;136;137;139;140;146;147;149;150;152;153;154;157;158;159;160;161;162;163;164;165;166;167;169;177;183;184;185;186;190;192;193;194;195;196;197;198;199;201;202;205;207;209;213;214;215;218;221;223;224;225;226;227;229;230;232;234;237;238;240;242;243;245;247;249;250;251;254;259;260;264;266;269;271;272;273;274;277;279;280;281;283;285;286;288;290;294;295;296;298;299;301;302;303;304;306;311;314;323;325;328;329;330;332;333;336;339;341;343;344;345;346;348;353;357;358;359;360;363;365;366;367;368;369;375;376;377;378;379;384;386;390;391;393;403;404;406;407;410;411;413;415;418;422;423;424;425;427;428;429;430;433;434;435;436;441;448;450;451;452;454;455;457;459;461;464;467;468;472;476;478;480;481;484;486;488;489;490;494;496;498;500;501;504;505;511;512;516;517;521;523;526;527;528;531;532;533;535;536;538;539;541;544;545;547;548;549;550;552;553;554;555;558;560;563;566;569;570;571;572;575;576;580;585;589;591;592;594;595;596;597;598;606;607;608;609;610;612;616;617;618;620;624;625;627;631;633;634;635;637;638;640;643;645;648;649;650;651;653;658;659;661;662;664;665;668;669;674;675;676;680;684;685;686;687;693;695;698;699;705;707;708;709;712;715;717;720;723;724;725;727;729;731;732;733;734;735;736;740;746;750;753;754;762;763;765;767;771;773;775;781;784;793;794;796;797;798;799;800;801;803;804;806;807;808;811;812;817;822;824;828;829;831;832;833;836;839;841;842;844;845;847;849;850;852;853;855;856;857;858;863;864;865;866;869;870;871;872;874;876;878;879;880;881;882;884;886;887;888;889;893;895;896;897;899;900;903;904;905;906;908;909;910;912;914;915;918;919;920;923;924;925;927;929;935;936;938;939;942;944;945;948;951;952;955;956;960;961;963;966;967;969;970;971;972;974;975;978;979;980;981;982;983;985;987;989;992;993;995;996;997;998
775;3;4;7;8;9;12;13;14;18;19;20;24;25;26;27;28;33;34;36;38;40;41;43;46;47;49;53;57;59;61;73;74;75;76;80;85;86;87;89;93;95;96;99;100;102;104;105;106;109;110;111;116;119;120;121;122;123;126;127;128;130;131;133;134;135;136;137;143;145;149;152;155;156;160;162;163;164;165;170;171;172;173;174;175;176;177;180;184;186;187;188;189;190;191;192;194;195;196;198;199;200;205;206;209;210;211;213;215;216;218;219;224;226;227;228;234;236;237;244;247;248;249;253;255;259;262;263;265;267;269;271;274;276;279;280;281;283;286;289;292;293;294;299;303;305;307;309;312;314;316;318;319;321;323;324;325;327;332;335;336;337;339;340;341;343;344;346;347;348;350;354;356;358;359;362;364;366;370;371;372;374;375;376;378;379;380;382;383;386;387;389;391;395;399;400;403;405;407;408;410;411;414;415;419;421;422;424;425;426;430;431;432;437;438;440;444;445;448;449;450;458;459;460;463;466;468;469;477;479;481;482;486;488;493;494;496;497;498;499;500;501;502;504;506;507;508;509;511;513;514;516;518;520;521;522;524;526;527;528;529;530;532;534;536;542;544;550;552;553;556;561;563;564;566;568;570;573;574;581;582;583;584;590;591;598;600;601;602;603;609;611;612;614;616;618;619;623;624;626;628;629;630;632;634;636;637;638;641;642;643;644;645;649;652;653;655;656;659;660;661;663;664;666;667;670;674;675;677;678;681;683;684;688;689;691;693;695;696;699;702;706;707;709;714;717;718;719;720;721;722;727;728;729;731;739;742;750;751;756;757;759;761;764;766;768;769;772;773;774;777;779;785;786;788;789;791;796;797;798;802;803;804;805;809;811;813;814;817;824;825;826;829;830;833;835;836;838;841;844;847;848;849;852;853;856;860;861;863;865;867;868;869;870;872;876;877;880;882;883;885;888;889;891;892;894;899;906;910;911;912;913;918;919;926;929;935;936;939;942;943;944;946;948;950;951;952;954;955;956;957;958;962;964;965;967;968;969;971;972;973;974;975;976;977;982;985;987;990;991;992;998
776;1;2;4;7;9;10;13;14;16;17;21;24;26;28;29;34;37;43;49;50;51;52;53;56;57;60;62;64;65;66;68;71;73;74;76;77;78;80;82;83;85;86;89;90;91;93;96;97;102;105;108;109;110;111;112;115;116;117;119;122;124;126;128;129;130;131;134;137;142;143;144;150;153;157;158;159;160;161;163;164;165;166;167;175;178;179;180;182;183;186;187;189;191;194;196;198;201;206;209;211;213;214;219;221;223;224;230;234;236;239;240;241;242;248;252;253;255;256;257;258;262;263;267;271;272;279;281;284;286;287;288;290;291;292;294;295;301;302;303;304;305;306;308;310;312;313;314;316;320;321;322;325;327;328;329;334;335;336;337;338;339;340;341;342;343;344;345;347;353;358;359;362;363;364;365;367;370;371;373;374;376;377;378;379;381;382;383;384;388;396;397;400;404;405;409;410;411;413;415;418;419;420;424;426;428;432;433;434;439;440;441;443;444;447;451;453;458;459;462;464;465;466;467;469;470;471;472;473;474;481;482;485;487;488;489;491;494;495;497;500;501;504;513;516;517;521;523;529;530;532;534;538;539;540;542;545;548;551;554;555;558;559;560;561;562;564;565;568;572;574;578;579;580;581;582;590;591;592;593;594;595;597;598;600;602;604;605;606;607;608;609;610;611;612;614;615;624;626;629;630;632;638;640;641;642;646;650;651;653;655;656;657;660;662;663;664;665;672;674;675;678;679;682;684;688;691;692;693;698;700;702;705;706;707;708;709;710;713;714;715;716;719;720;722;723;725;726;727;728;730;731;732;733;734;735;736;737;738;740;741;743;744;745;749;756;758;759;760;762;763;764;766;768;769;770;772;779;780;781;782;784;786;787;788;790;791;792;797;801;802;803;810;811;812;813;814;818;819;822;823;825;828;832;834;836;837;840;841;848;849;850;851;852;855;856;858;860;861;862;865;867;868;872;873;875;877;878;879;881;884;887;888;889;891;894;895;899;901;903;907;909;912;913;917;919;921;922;923;925;926;927;928;929;930;931;932;933;935;936;937;938;940;941;943;946;947;949;951;956;957;960;964;967;968;969;970;971;972;974;975;976;982;983;988;992;993;994;998
777;1;2;5;7;12;17;19;22;23;24;31;32;33;35;36;37;38;44;47;48;49;52;53;55;56;60;72;73;76;77;78;79;80;81;85;91;92;93;94;95;97;98;99;100;104;105;106;107;109;112;118;119;120;124;126;127;128;132;134;135;136;139;141;142;150;152;154;155;156;157;158;159;161;162;166;169;170;172;173;176;178;183;185;186;187;188;192;193;194;195;196;202;204;205;209;210;211;214;218;220;223;224;225;229;230;231;234;235;236;237;239;241;244;245;246;248;251;252;253;256;259;260;262;265;267;268;269;271;273;274;275;277;279;281;282;286;291;292;293;295;296;299;301;302;304;305;307;308;309;310;312;313;323;324;325;327;335;337;341;342;344;345;346;348;353;354;357;358;359;360;365;367;368;372;373;374;377;378;380;384;389;390;391;393;395;396;398;399;401;402;403;404;405;406;409;414;415;416;419;421;422;423;425;426;427;431;433;434;440;443;447;456;458;460;461;463;465;466;467;469;470;471;472;474;475;477;478;479;480;481;482;483;484;486;488;489;491;492;493;496;497;499;500;501;504;505;508;510;511;513;514;518;520;524;525;528;533;537;538;541;547;548;549;552;555;558;559;560;563;567;570;571;575;576;578;579;581;582;586;587;589;590;591;592;593;595;596;599;601;603;604;607;609;611;613;617;618;621;624;627;628;629;630;632;635;638;639;640;641;642;643;644;645;646;647;649;651;652;655;657;659;660;662;666;667;669;671;672;673;675;676;677;683;684;685;686;687;689;691;692;694;695;698;699;700;702;703;704;705;706;707;709;710;714;715;717;720;722;725;726;728;730;731;735;739;742;745;748;754;757;759;761;762;764;769;770;771;775;779;780;781;782;783;787;788;790;792;793;795;798;799;800;803;805;807;809;810;811;812;813;814;815;818;819;820;821;823;826;828;829;832;833;834;835;837;839;840;841;843;845;846;847;850;853;859;862;864;866;867;874;875;876;877;878;881;882;885;886;887;890;891;893;895;897;899;900;902;905;907;908;909;910;914;917;918;919;921;922;923;924;925;926;927;928;929;930;934;936;937;938;939;941;942;943;944;948;949;953;954;955;957;958;960;961;962;963;964;965;966;968;969;970;974;975;976;977;978;982;983;984;985;986;990;991;994;996;998;999
778;1;3;5;6;8;9;10;15;16;18;19;21;22;26;27;29;32;35;36;38;39;42;45;46;47;49;57;58;60;62;65;67;68;71;72;75;76;78;79;81;85;86;87;91;93;94;96;97;98;100;103;105;106;109;118;119;124;126;127;128;130;132;133;137;142;143;147;149;151;157;162;169;172;175;176;179;180;181;182;184;187;188;189;198;200;201;202;205;207;208;210;211;213;216;217;218;219;220;221;222;224;227;229;231;232;233;235;236;237;240;241;243;244;246;247;249;252;253;255;257;258;260;262;267;268;271;272;274;279;282;284;285;286;289;291;294;295;298;300;303;304;306;307;308;309;311;312;313;314;316;319;321;324;327;328;329;330;331;332;336;339;342;343;344;345;347;358;360;361;362;366;368;369;373;375;378;380;381;382;386;390;391;393;395;396;397;398;399;402;404;407;409;410;411;412;413;415;417;419;420;421;422;425;426;427;428;429;433;435;436;439;440;441;442;445;446;447;450;451;458;459;460;461;462;463;464;466;467;468;470;472;475;476;479;482;483;484;485;486;487;489;491;493;495;497;499;500;502;503;506;507;509;511;512;513;514;515;516;517;519;520;521;523;525;527;530;532;536;538;541;542;544;546;547;549;550;551;552;554;556;558;560;561;563;565;567;570;571;575;581;582;583;585;586;587;588;589;591;595;596;597;599;600;601;603;605;606;608;614;615;620;622;623;624;628;629;630;631;632;633;635;636;639;641;643;645;647;648;650;651;655;656;658;660;661;663;664;665;666;668;670;672;673;675;678;679;680;681;682;684;685;688;689;690;692;694;695;697;698;700;702;705;706;707;710;712;713;714;720;721;722;724;726;727;729;732;734;735;737;738;741;745;747;749;750;752;756;758;759;760;761;766;768;769;771;772;782;783;787;788;789;791;792;793;794;801;802;808;809;811;813;814;816;817;819;820;823;825;828;829;832;833;838;839;840;843;844;845;846;848;850;854;856;857;860;862;863;866;871;872;875;876;877;878;880;883;884;885;887;889;891;892;893;894;897;899;900;905;906;908;909;911;914;915;916;918;919;921;923;924;927;928;930;936;938;943;948;949;950;953;955;956;957;958;959;960;961;967;968;972;974;976;977;978;979;981;985;986;989;990;991;993;994;996;997;999;1000
779;1;2;4;7;8;10;16;17;18;19;20;22;23;24;30;31;33;34;37;40;42;43;44;45;46;48;51;52;53;54;56;57;58;60;62;63;64;65;67;68;70;71;72;74;76;79;81;82;86;88;89;92;96;98;99;100;101;103;105;108;111;112;114;118;119;120;121;122;124;126;127;131;132;133;134;137;140;142;144;146;147;148;151;154;155;158;160;161;163;164;165;169;171;173;176;177;178;179;183;184;185;186;187;188;189;193;195;196;200;201;202;207;209;212;215;216;218;219;221;222;223;224;225;226;229;231;232;236;238;239;240;243;244;245;246;248;249;251;253;254;256;257;258;259;260;262;263;264;265;266;268;275;276;277;280;281;284;285;287;290;292;293;296;304;305;308;311;313;315;316;317;319;321;322;323;325;326;327;329;330;331;332;333;338;340;342;343;344;346;348;350;351;352;355;356;357;358;359;360;362;363;368;369;371;372;374;375;376;377;379;380;381;382;387;390;393;394;396;398;399;403;407;410;411;412;414;416;417;421;422;423;424;425;427;428;432;433;438;439;441;442;443;445;446;449;452;455;456;457;459;460;463;465;466;467;468;469;470;472;473;475;477;480;482;483;485;490;491;493;495;497;499;500;501;502;503;510;511;512;516;518;521;522;524;527;528;532;533;534;535;537;540;541;542;543;544;545;546;548;549;550;551;559;560;564;566;569;570;572;573;576;577;582;583;584;586;588;589;590;591;592;594;599;601;608;609;610;614;616;617;618;619;620;622;623;624;626;627;628;629;631;633;634;636;637;639;640;641;642;643;646;650;651;652;654;655;656;659;660;661;663;665;666;667;668;670;671;675;677;679;681;682;688;691;692;694;695;697;700;701;705;706;707;708;710;711;714;715;716;721;725;726;727;730;731;733;734;735;737;738;739;743;744;747;750;751;753;754;755;756;757;759;760;764;765;767;768;771;773;775;776;777;783;788;789;790;791;794;795;796;804;807;810;814;815;820;821;826;827;828;829;833;835;838;840;842;843;844;845;846;848;852;853;855;856;864;866;867;871;872;874;876;878;884;885;887;889;894;897;900;901;902;904;906;909;910;911;913;914;917;918;919;920;924;928;929;934;937;938;939;940;942;945;949;954;955;959;962;963;966;968;972;973;974;975;976;977;979;981;982;986;988;989;991;992;993;995;996;997;1000
780;4;6;8;9;11;13;16;17;18;21;25;27;30;32;33;35;40;42;43;48;49;50;54;57;60;62;63;64;68;69;70;71;72;75;76;79;85;88;89;97;99;100;101;105;106;107;108;109;113;115;121;123;125;130;133;134;137;139;140;141;143;144;150;151;155;157;159;162;163;165;166;167;169;170;171;174;175;177;178;183;189;191;193;195;199;201;202;204;205;206;211;212;214;215;218;219;220;223;227;229;235;237;238;239;241;242;244;246;251;255;256;258;260;261;267;268;274;275;276;278;279;281;283;284;285;286;288;290;295;299;300;303;305;306;307;310;313;316;318;319;320;321;322;323;324;325;327;329;330;337;340;341;343;347;352;355;356;359;361;362;363;364;366;370;373;374;375;378;379;381;383;384;385;386;388;390;391;394;397;398;404;405;407;411;412;413;414;418;420;423;424;426;429;431;433;434;439;441;444;445;447;449;450;452;453;454;457;459;460;461;464;465;466;468;469;471;475;480;488;489;490;491;494;495;498;501;502;505;506;507;509;510;513;515;516;521;522;523;525;526;527;530;534;537;538;540;541;542;543;544;545;548;550;553;556;559;564;566;568;569;570;571;573;575;576;577;578;579;580;581;582;585;586;588;589;593;595;597;598;600;602;604;605;606;608;609;615;616;617;618;620;623;625;627;631;632;634;635;638;640;641;645;646;647;649;651;652;654;655;656;657;660;662;663;665;666;667;668;673;679;681;682;683;684;685;687;688;690;691;692;693;697;701;702;704;707;708;712;717;718;721;722;724;728;730;731;733;734;736;737;739;740;744;746;748;749;753;754;755;756;757;758;760;761;762;763;768;770;771;772;773;776;777;781;788;792;794;798;799;802;803;804;806;807;808;809;813;814;817;818;819;820;822;823;825;828;829;830;834;836;838;844;845;846;847;849;853;854;857;862;865;867;868;870;872;873;874;877;878;880;882;883;884;885;887;890;891;893;899;900;905;906;908;911;912;916;918;919;921;922;924;925;926;927;930;931;934;936;939;940;941;943;948;950;952;953;954;955;958;959;961;962;963;964;965;968;969;971;973;974;976;977;980;983;985;986;988;989;992;994;995;997;999
781;1;4;6;10;13;14;15;17;19;21;22;23;27;28;33;34;35;38;39;44;46;47;48;52;57;58;62;63;64;65;67;68;72;73;74;77;78;82;84;86;87;89;93;96;99;100;101;105;106;107;109;110;111;113;114;115;116;118;119;120;124;126;129;130;131;132;133;134;137;138;139;140;141;143;144;145;146;148;149;150;151;152;153;156;157;158;163;166;168;172;173;176;177;180;186;187;189;191;192;194;198;199;200;201;203;204;205;208;209;211;213;215;218;220;224;229;231;232;233;237;240;242;246;247;250;251;252;253;255;256;264;265;266;270;271;275;276;277;280;282;284;285;286;288;289;291;292;295;298;300;302;304;306;307;309;316;317;318;320;321;322;324;326;328;329;331;333;334;337;338;339;341;342;344;345;346;347;350;351;352;355;356;363;366;367;368;373;377;378;379;385;386;387;389;392;393;394;396;397;401;403;404;406;410;411;413;416;419;420;422;423;424;425;427;431;433;434;435;438;440;441;444;446;452;453;456;457;458;460;461;462;465;467;468;469;470;473;474;479;480;481;482;483;485;488;489;492;493;495;497;499;502;503;505;507;508;509;510;511;512;513;514;515;516;518;519;521;523;525;527;529;532;534;538;540;541;543;544;546;547;550;555;556;557;560;561;564;567;568;569;572;576;579;580;581;583;584;585;588;589;591;593;594;595;598;599;602;603;605;606;609;610;611;612;617;618;622;624;625;629;630;632;633;634;635;636;637;638;639;640;641;642;646;647;649;651;652;656;658;662;665;667;668;669;672;676;677;678;679;680;682;684;685;686;687;689;690;694;695;696;699;703;704;705;706;707;708;709;711;712;713;721;722;723;725;726;730;731;732;733;734;736;737;739;741;742;745;746;749;751;753;756;757;758;760;761;762;763;764;767;769;771;772;774;776;777;780;782;784;785;786;788;794;796;799;800;802;806;807;810;811;815;820;826;827;831;832;833;836;841;842;843;846;847;850;855;856;857;858;860;863;865;866;867;872;879;880;881;882;883;884;885;890;894;895;896;897;899;900;901;902;903;904;905;906;911;913;914;915;916;918;920;921;923;924;925;926;927;928;932;933;937;938;939;941;942;949;950;951;952;953;958;959;960;961;962;963;967;968;975;980;982;983;984;985;986;988;989;992;993;994;995;996;998;1000
782;4;10;14;15;17;18;19;20;22;23;27;30;31;35;37;38;40;41;45;46;50;51;52;56;58;60;61;62;63;64;66;67;68;69;72;73;74;75;76;77;80;81;82;84;86;88;89;90;92;94;95;96;102;105;106;115;116;121;125;127;130;132;133;134;136;137;140;142;148;149;150;151;152;153;156;158;162;165;167;169;170;171;174;175;176;181;184;185;191;192;195;198;200;201;205;206;210;211;212;213;215;216;217;219;220;222;225;226;230;235;236;237;238;239;240;242;245;246;248;250;252;253;254;255;256;258;259;262;265;266;269;276;277;281;282;283;284;285;286;288;289;291;294;295;296;297;298;301;303;305;307;309;311;312;313;315;318;319;320;321;324;325;326;327;328;329;331;332;334;337;338;341;344;346;356;360;362;363;365;366;367;368;372;373;374;375;378;380;382;385;386;389;391;392;393;398;399;400;401;402;403;405;408;409;411;415;417;418;419;422;423;425;428;430;431;436;438;441;445;446;449;450;453;455;461;462;465;466;468;470;472;473;478;480;483;484;485;489;490;491;492;493;494;496;497;498;499;500;502;503;504;506;511;517;518;520;522;524;525;526;527;528;530;531;535;537;538;544;548;549;551;554;556;557;559;560;562;567;568;569;573;575;577;578;579;582;583;585;587;588;590;591;592;593;595;597;601;603;604;606;607;612;614;616;617;619;625;627;628;629;630;632;633;634;636;639;640;642;643;646;648;650;653;656;657;658;659;660;667;669;673;674;675;682;683;684;688;690;691;692;694;699;701;705;706;708;709;710;711;712;714;717;718;719;720;721;723;725;727;728;729;730;732;733;737;738;739;742;746;748;750;752;753;757;761;763;764;765;768;772;776;777;778;781;784;785;788;790;792;793;794;796;797;798;799;802;803;805;806;809;810;811;814;816;819;820;823;827;831;832;833;834;844;846;847;848;850;851;852;853;854;855;857;861;863;864;869;871;872;875;876;877;878;879;881;882;883;884;886;887;888;891;892;894;895;896;900;901;903;908;911;912;913;914;917;918;921;922;924;925;927;928;931;932;933;934;937;942;943;944;947;950;951;952;956;958;959;961;964;966;967;971;978;979;980;986;987;988;990;992;993;996;998;999;1000
783;4;8;12;14;15;18;20;22;24;25;26;31;32;34;35;39;40;41;43;45;48;52;53;55;59;61;63;64;71;73;76;78;80;81;82;83;85;86;87;88;90;91;92;93;94;95;96;100;102;105;106;107;108;109;110;112;113;114;115;116;118;123;125;126;127;128;129;132;134;136;137;142;144;153;154;158;159;160;161;162;163;168;171;173;176;177;180;182;186;193;194;195;196;198;199;203;205;212;213;215;217;221;222;223;225;226;229;231;233;235;236;237;240;241;242;244;248;249;251;252;253;255;256;257;258;260;266;267;268;269;274;275;276;279;281;283;284;285;286;288;290;291;292;294;297;299;308;311;312;315;316;318;319;322;326;327;331;332;334;335;340;342;343;345;346;349;351;352;355;356;357;358;360;363;368;371;374;376;378;380;381;382;387;389;391;392;393;394;395;396;397;400;401;403;404;405;407;409;411;413;414;415;418;420;421;424;425;426;428;429;430;431;433;435;436;438;439;445;447;450;452;453;454;455;460;461;462;465;466;468;473;476;478;479;481;482;483;484;485;486;487;488;491;492;493;496;497;500;504;505;506;509;513;514;516;518;520;521;522;525;526;528;533;534;535;536;538;539;540;542;544;545;547;549;551;553;555;558;559;561;562;566;571;573;576;578;580;583;584;587;588;592;595;596;598;600;602;604;606;611;612;613;614;615;616;621;625;629;630;631;632;636;637;639;640;643;644;647;650;653;655;658;662;664;665;668;670;671;672;673;674;676;677;678;680;683;685;689;694;696;697;699;704;705;707;708;709;711;712;720;721;722;723;727;728;732;733;737;738;739;740;741;743;744;745;746;748;750;753;754;755;760;761;762;765;767;768;770;771;777;778;779;784;785;789;791;792;793;794;800;801;802;803;804;805;807;809;810;812;813;814;816;817;821;822;825;827;829;833;839;840;842;843;847;848;850;853;856;857;858;859;860;862;868;869;871;876;877;878;879;882;883;884;887;889;890;892;893;896;897;898;900;901;903;906;907;908;909;912;915;918;919;920;922;927;929;934;935;936;937;938;939;940;941;942;943;945;947;950;951;953;955;956;957;960;961;962;963;965;968;969;971;973;977;978;984;988;992;993;997;998;1000
784;1;2;4;5;7;8;9;10;16;17;23;28;40;42;47;51;52;53;54;56;57;58;59;60;63;64;66;67;68;70;71;73;75;76;77;79;80;81;83;86;88;90;91;92;93;96;101;103;104;106;107;109;111;113;116;117;119;120;122;123;124;125;127;133;134;136;137;139;140;141;144;146;148;150;152;153;154;156;158;160;166;169;172;174;175;176;178;182;183;184;190;191;192;195;199;200;203;207;211;212;213;214;215;218;219;220;224;228;230;233;235;236;237;241;242;246;247;248;252;253;256;257;259;263;264;266;267;268;271;272;274;275;276;279;281;286;287;288;289;291;293;294;297;298;300;302;303;305;306;307;309;310;311;312;314;315;317;318;320;323;324;325;326;328;332;333;334;335;338;339;340;344;345;347;349;350;351;352;355;357;359;363;364;365;367;369;373;376;378;383;384;385;386;388;389;390;391;392;393;398;400;401;402;403;411;412;416;420;421;422;423;428;429;430;432;433;434;436;439;444;448;449;456;457;458;459;460;466;469;473;474;475;476;481;486;487;488;489;491;492;495;496;499;501;502;503;505;506;511;513;515;517;519;520;522;525;531;532;533;534;537;538;542;544;545;546;547;548;550;556;557;562;563;564;567;568;570;573;574;575;577;580;581;582;584;586;587;588;589;590;591;592;593;597;599;601;604;608;609;610;612;613;614;621;622;623;626;630;633;634;636;637;638;639;640;641;642;644;645;651;653;655;656;657;658;659;660;662;668;673;675;676;677;678;680;686;687;689;691;692;693;696;698;702;703;706;709;710;711;712;714;717;718;722;723;724;725;727;728;729;730;731;732;738;741;742;743;744;745;746;748;749;750;751;756;757;760;763;764;768;771;772;774;776;781;782;783;786;787;788;789;792;793;796;798;799;801;802;803;805;806;808;809;810;813;815;817;820;821;823;828;829;830;832;833;839;841;843;844;846;847;848;849;850;851;852;853;856;861;862;865;866;867;868;869;876;878;880;881;883;885;886;890;892;893;894;895;898;899;903;904;910;911;912;914;915;917;922;923;927;932;933;936;940;942;944;945;946;947;951;954;955;956;958;960;962;964;966;967;970;972;973;974;975;980;981;982;989;990;991;994;999;1000
785;3;4;11;12;13;14;15;20;21;22;23;24;25;29;32;34;35;37;40;41;44;45;49;51;53;57;59;60;66;72;73;74;75;76;78;81;83;90;92;94;95;96;97;99;101;102;105;107;108;109;110;112;115;118;120;122;126;129;130;135;136;141;142;143;144;150;152;153;155;157;159;160;164;166;170;172;173;174;175;176;177;178;179;181;182;183;184;187;188;192;194;197;198;200;201;203;206;208;210;211;212;213;215;218;219;221;223;225;226;227;229;230;232;233;238;239;240;242;244;245;246;247;249;250;252;253;255;256;258;262;265;266;267;268;269;271;275;276;280;284;287;289;291;292;294;296;297;299;300;301;303;304;305;310;312;316;317;318;319;321;323;324;325;326;327;328;332;334;338;342;344;345;348;350;351;353;355;362;363;366;367;368;369;371;372;373;376;377;379;380;381;385;386;389;392;395;401;402;405;407;408;409;410;415;417;421;423;424;425;426;428;431;432;436;437;439;441;442;445;447;448;455;459;464;468;473;474;476;477;479;482;487;490;491;495;496;498;500;501;503;505;507;508;509;510;514;517;518;519;521;522;524;526;527;528;530;536;540;541;544;546;548;549;552;554;558;560;561;563;565;566;567;569;572;574;575;576;577;582;583;585;587;588;589;590;591;592;594;596;597;599;601;602;603;604;605;607;608;609;611;616;619;623;625;626;627;628;629;630;632;633;635;637;639;643;646;647;648;651;652;656;657;659;660;661;662;663;665;666;668;669;670;673;674;675;676;680;681;686;687;690;692;695;696;697;699;700;701;702;703;705;707;708;709;710;711;712;713;714;716;721;722;723;724;725;728;729;730;731;734;735;736;738;739;740;741;742;743;745;751;754;756;757;758;761;766;769;773;775;781;782;783;788;789;791;795;798;799;800;801;802;803;805;807;809;810;813;820;824;825;826;831;832;833;834;835;837;838;840;843;845;846;847;851;852;854;855;856;861;863;865;866;869;873;874;876;877;881;882;883;885;886;887;888;890;891;892;895;896;899;901;902;903;905;906;907;908;909;913;921;922;928;930;932;935;936;937;939;942;943;945;946;948;949;951;954;955;956;962;963;964;968;970;971;979;980;982;985;986;991;994;995;996;998;999
786;1;2;6;9;10;11;16;17;20;21;24;25;27;31;32;33;34;35;38;39;40;41;43;44;46;47;50;52;54;55;56;58;62;63;64;65;66;69;70;71;74;76;78;79;80;83;84;85;86;89;91;95;99;100;102;104;105;106;111;114;115;116;117;118;122;125;127;130;131;133;134;138;139;140;141;142;143;146;151;153;156;158;164;165;167;169;170;171;172;173;175;177;180;184;186;187;189;190;194;195;198;199;201;204;206;207;208;209;212;213;215;216;217;219;220;221;224;227;228;229;231;232;233;235;237;238;239;240;246;247;249;250;251;252;253;254;255;256;259;260;261;262;263;266;268;270;275;276;277;280;285;291;293;294;295;297;298;299;300;301;303;305;307;308;309;310;311;315;316;317;319;320;324;325;326;328;329;330;332;335;336;337;338;339;341;346;347;348;350;352;353;354;356;357;359;360;361;364;365;367;370;371;372;373;375;377;378;385;386;388;393;396;398;399;402;407;410;411;412;414;415;416;417;419;421;422;424;425;428;429;430;434;436;439;441;442;443;444;447;448;449;450;451;453;459;462;464;467;470;471;472;474;476;477;478;479;483;486;487;489;490;491;494;495;496;497;499;501;504;507;509;510;511;512;513;514;515;516;517;519;520;522;523;525;527;531;532;534;535;536;540;541;542;543;544;545;548;549;552;553;557;560;562;563;564;565;566;567;569;571;572;573;575;576;586;587;590;595;596;597;598;600;605;608;614;615;617;618;620;621;626;630;631;632;633;637;638;639;641;642;643;644;649;651;652;655;656;657;659;660;662;664;665;666;667;668;669;670;671;672;673;675;677;679;680;682;687;688;689;692;694;697;699;700;701;705;706;708;711;713;714;718;720;722;723;728;730;731;732;733;736;739;740;741;742;744;747;750;751;752;754;755;758;760;761;762;766;768;769;770;771;775;776;781;784;787;788;789;791;793;795;796;797;798;799;800;802;803;804;806;807;811;812;813;814;816;819;820;821;823;825;826;829;836;837;839;841;842;843;844;846;848;850;851;852;855;862;863;864;870;871;872;873;874;876;877;878;880;885;886;888;889;890;891;893;894;895;900;902;903;905;907;911;914;915;916;917;920;922;925;927;929;930;932;933;936;937;939;941;942;943;945;948;949;952;953;955;957;959;960;961;967;969;970;972;975;977;982;985;986;989;993;997
787;3;4;5;6;8;11;16;17;18;21;23;26;27;29;30;32;35;37;38;44;46;47;48;51;53;54;57;60;65;71;73;79;81;82;83;85;86;89;91;96;97;98;99;100;101;103;105;107;109;111;123;124;125;126;127;132;134;136;139;140;142;147;148;150;152;153;154;156;157;158;161;162;163;164;165;167;168;170;172;175;177;179;181;184;186;187;188;190;192;194;195;196;198;200;203;205;206;209;212;214;215;216;217;218;220;222;225;226;228;231;232;234;235;238;239;240;242;250;251;256;257;259;260;262;263;264;266;268;269;270;272;274;278;281;282;283;285;286;289;291;292;293;294;298;299;300;303;307;308;310;311;312;314;315;317;318;321;322;323;326;329;330;331;332;337;340;341;342;343;344;348;349;354;357;359;363;364;368;369;371;372;374;375;385;389;392;394;395;396;397;402;403;404;405;408;409;410;413;414;416;418;422;425;426;428;429;430;432;434;435;436;437;438;440;441;446;447;449;450;451;454;456;457;459;464;466;467;468;469;470;478;480;481;487;488;489;490;491;492;493;494;496;499;503;507;510;513;516;517;518;520;523;525;526;528;532;537;539;540;541;548;550;552;557;558;560;562;563;564;567;568;575;576;578;580;585;587;588;589;592;593;594;595;599;600;601;604;605;612;613;618;619;620;622;623;627;629;631;632;635;642;647;652;653;654;657;659;661;662;663;664;666;674;675;676;678;679;680;682;683;684;687;691;695;698;699;700;704;706;708;709;710;711;712;713;715;719;723;725;728;729;730;735;736;744;745;746;748;749;750;751;755;756;758;759;762;770;771;772;773;776;777;778;784;786;789;792;793;794;795;797;802;804;807;811;812;813;814;816;818;819;821;823;825;826;828;829;830;831;832;834;835;837;838;840;841;842;843;844;845;848;849;851;852;853;854;855;856;857;858;862;866;868;871;872;873;878;880;885;887;888;891;892;893;895;896;899;900;902;904;905;907;908;909;910;911;913;914;915;917;918;919;921;922;924;927;929;932;940;942;943;945;947;948;949;950;953;954;956;957;958;960;971;973;974;976;977;979;980;984;986;989;991;995;996;997;998;999;1000
788;1;2;9;12;13;14;15;18;19;20;21;22;26;28;31;33;37;38;42;48;50;52;54;55;57;58;59;61;62;64;65;68;69;70;71;73;76;80;84;85;86;89;92;93;94;95;103;104;105;106;118;119;120;122;123;124;125;127;128;130;131;135;136;137;140;142;143;144;146;149;152;154;155;157;161;165;166;168;170;171;172;173;174;176;177;178;182;183;184;185;187;188;189;190;191;195;197;198;199;201;202;204;206;207;212;215;216;217;218;220;222;223;224;225;226;227;228;229;234;235;236;238;245;251;252;253;259;261;262;266;270;271;272;278;279;285;286;287;289;290;293;294;297;298;308;309;310;311;312;317;322;323;324;325;327;329;333;335;337;338;345;347;349;350;351;352;356;358;364;367;369;370;371;372;381;383;384;385;386;388;389;390;392;393;394;395;396;398;399;403;407;409;410;411;417;419;420;421;422;423;425;427;430;431;432;435;440;441;442;443;444;445;447;449;450;451;452;453;454;455;456;457;458;459;461;463;464;465;466;467;468;469;470;471;472;476;477;479;480;483;486;492;493;494;496;498;499;500;501;502;504;505;506;507;514;517;519;520;521;522;524;528;530;531;532;534;539;541;543;544;546;550;551;553;554;556;558;563;567;568;570;571;575;576;577;579;581;582;583;584;585;589;590;591;594;597;598;599;600;601;602;603;604;606;607;609;610;611;616;617;619;620;621;622;623;626;628;632;636;638;641;643;651;652;653;657;658;660;662;665;666;667;669;671;673;674;676;679;680;684;685;687;688;690;692;695;698;699;702;704;706;711;712;713;717;718;720;721;723;724;726;727;728;729;730;731;732;734;736;737;738;739;740;743;745;746;747;748;749;750;754;755;756;757;760;761;763;764;766;767;768;770;775;776;777;778;779;780;781;782;784;785;786;794;795;796;798;799;800;802;803;805;807;810;813;815;817;819;820;821;823;824;826;827;830;831;832;833;834;836;839;840;841;842;843;848;849;851;853;854;856;859;860;861;862;863;864;868;870;873;874;876;878;879;883;885;886;887;890;893;894;898;899;900;901;902;906;908;909;910;911;913;914;915;916;917;926;927;928;929;932;935;936;937;938;941;942;943;944;946;948;949;953;954;956;957;958;960;961;962;966;968;970;972;973;975;976;977;978;979;983;984;988;989;991;992;993;996;997;998;999;1000
789;4;6;7;10;16;17;19;22;24;25;29;30;31;32;33;35;36;38;39;41;44;47;48;50;52;53;56;58;61;62;65;66;68;69;71;74;75;76;77;78;80;84;86;90;92;95;96;97;98;99;101;103;107;108;109;112;114;115;116;117;119;120;122;123;129;136;140;141;142;144;145;148;151;153;154;156;157;158;159;160;166;167;168;169;172;173;174;177;178;179;180;182;183;185;190;191;193;195;196;199;202;205;207;208;209;211;212;213;215;216;217;219;220;224;225;227;229;230;234;237;239;241;245;248;249;250;253;255;257;258;259;260;261;263;264;271;275;277;278;281;282;283;285;286;289;292;293;294;295;296;297;300;302;303;304;307;308;309;310;313;316;318;320;326;327;329;331;334;336;339;340;341;342;343;347;348;349;350;353;354;357;362;363;364;365;366;367;368;369;372;374;376;378;380;381;382;384;390;393;394;398;400;401;402;406;407;408;410;411;420;421;423;425;428;430;432;434;441;442;444;445;447;451;452;453;454;455;456;457;461;464;465;467;469;471;475;476;477;478;479;480;482;483;486;488;489;492;493;494;495;497;498;499;500;501;504;512;514;516;517;518;520;521;523;525;526;529;537;538;539;540;541;542;546;547;549;550;553;556;557;558;561;564;565;567;568;569;572;578;579;581;583;584;585;586;587;588;595;597;598;600;601;602;604;606;607;612;616;619;620;621;622;627;628;630;632;633;634;635;638;639;644;648;649;652;655;657;658;660;661;662;663;664;665;666;669;672;673;674;675;676;679;682;685;688;689;692;693;696;698;700;701;703;706;707;709;713;717;718;719;720;722;726;727;728;731;735;740;741;746;750;751;752;753;756;757;761;762;766;767;768;769;772;775;778;779;783;784;785;786;787;790;792;793;796;797;802;805;806;809;813;814;815;816;818;819;820;821;827;828;829;830;831;833;834;836;837;838;843;846;848;855;856;857;858;859;861;862;867;868;869;870;871;872;873;875;876;877;878;879;881;883;884;889;890;891;892;896;897;898;902;903;906;910;911;912;913;914;915;916;920;922;923;926;928;930;931;933;935;937;939;942;944;948;950;952;954;955;956;957;958;962;964;965;966;969;970;972;973;975;976;980;982;986;991;992;995;996;997;999
790;1;2;4;5;6;7;10;15;27;29;33;34;36;37;39;40;41;45;50;51;52;54;55;56;57;58;64;67;68;69;74;75;76;77;78;79;80;81;84;86;87;90;91;96;98;99;100;101;104;105;108;109;110;112;113;116;118;119;120;122;125;127;128;130;131;132;134;135;137;139;141;143;144;146;148;153;154;155;157;158;159;161;162;163;164;167;171;174;175;179;180;182;183;184;185;187;188;193;194;196;197;198;199;201;204;205;206;209;210;216;217;219;223;225;227;228;232;233;236;237;238;240;241;242;244;247;250;251;257;260;262;264;265;266;267;270;272;274;275;276;278;281;282;283;285;288;289;292;294;296;299;300;305;306;307;313;314;319;320;322;324;329;330;332;335;338;339;343;348;351;354;359;362;363;364;366;367;368;371;372;382;383;384;385;388;390;392;393;397;403;404;406;410;413;414;420;422;423;424;426;429;430;432;439;440;441;442;445;446;448;451;452;453;457;458;459;460;461;462;463;465;467;468;475;477;479;480;481;484;486;489;490;491;492;493;495;498;499;502;506;507;508;510;512;513;515;516;517;519;526;529;534;535;537;538;539;540;543;547;549;550;554;558;562;564;565;567;568;570;572;573;574;575;577;579;580;582;585;586;587;588;589;594;595;597;599;601;602;603;606;609;610;611;612;613;614;616;617;618;619;620;621;622;623;624;625;627;632;633;635;639;640;643;644;647;648;649;651;652;655;659;660;661;662;663;665;668;669;670;671;672;674;675;678;679;681;683;684;687;691;692;693;694;695;697;700;701;702;704;705;707;708;715;718;720;724;725;726;730;735;736;737;740;742;744;745;747;748;750;752;753;754;755;760;764;765;772;776;777;779;782;789;791;792;796;800;802;803;805;806;809;811;813;814;815;816;818;819;820;822;823;824;827;828;834;835;836;838;841;844;845;847;848;850;851;853;854;855;858;861;865;866;867;872;874;875;877;879;880;881;882;885;886;887;888;889;890;891;892;894;896;898;901;903;904;906;907;908;910;911;912;913;914;915;917;919;921;922;923;925;926;929;930;931;934;942;944;945;946;949;952;953;955;956;957;959;961;963;964;965;969;975;976;977;982;986;987;989;991;992;993;994;995;997
791;2;3;4;5;6;9;10;15;18;19;21;23;26;27;31;33;34;38;40;41;44;45;46;47;49;50;51;54;55;58;60;62;65;66;67;68;69;71;74;77;79;80;82;89;90;92;93;98;99;101;102;103;105;107;108;109;112;117;118;119;122;125;128;131;132;135;136;137;138;139;142;144;145;147;149;153;154;155;164;166;169;171;174;175;178;179;180;181;185;186;188;189;191;192;194;195;197;198;204;205;210;211;213;215;217;218;219;223;227;228;229;230;231;234;235;239;240;241;242;244;245;246;247;248;249;251;256;258;262;264;267;269;270;271;272;273;276;277;278;279;280;282;283;284;285;286;287;289;290;293;294;295;297;298;300;304;305;306;310;313;314;315;316;318;323;324;325;327;329;331;333;334;335;336;340;341;342;343;346;347;350;351;352;353;355;356;358;359;360;361;364;365;366;367;372;373;374;376;378;379;384;388;389;390;391;392;395;396;401;402;403;407;409;411;414;417;418;420;422;424;427;429;430;433;434;435;438;442;444;447;449;450;452;455;456;457;459;462;463;464;465;470;472;474;476;480;481;482;484;486;490;493;494;502;503;507;508;509;510;511;512;514;517;520;521;523;527;528;530;531;533;535;536;538;542;543;546;548;553;555;557;559;561;564;566;567;570;572;576;577;580;581;587;591;595;596;597;599;602;608;609;610;611;612;617;618;623;625;627;628;629;631;632;633;634;638;644;646;649;650;653;657;658;662;663;665;667;668;669;671;674;675;676;678;679;681;682;683;684;686;687;688;691;692;693;696;698;699;700;701;703;704;706;707;708;709;712;713;716;717;719;721;723;725;726;728;730;731;732;734;737;740;742;744;748;749;754;757;759;760;761;763;764;765;766;767;768;771;775;776;778;779;783;785;786;790;794;795;797;799;800;801;802;804;805;807;808;811;814;815;817;818;820;826;833;834;835;838;841;844;847;849;852;853;855;856;857;858;859;861;862;863;864;869;871;874;877;880;884;887;889;890;892;894;896;897;898;901;902;904;908;910;914;915;917;919;921;923;924;925;929;930;934;935;936;937;938;939;940;942;947;948;951;955;958;961;964;965;966;967;971;972;974;975;977;979;984;985;986;989;990;991;992;993;995;996;1000
792;3;5;6;7;9;12;14;15;17;19;20;21;24;25;26;28;29;30;31;34;37;40;41;45;46;47;49;51;52;53;58;59;60;63;65;66;69;71;72;73;76;77;78;79;83;87;88;90;91;92;95;98;99;100;105;107;109;114;117;122;123;125;126;129;137;139;141;142;145;149;150;151;153;154;155;163;164;165;166;167;168;170;174;175;176;178;179;180;182;185;188;190;191;197;200;204;206;208;209;216;217;219;221;222;224;226;229;232;233;234;235;237;238;240;241;243;250;251;252;253;254;257;258;259;264;265;266;274;275;277;279;281;282;285;287;289;292;293;294;295;296;297;298;299;300;304;307;311;315;316;319;324;329;330;331;332;334;335;338;339;349;350;351;352;353;355;356;357;359;361;363;366;367;368;372;374;376;377;378;381;382;383;386;389;391;394;395;400;401;403;406;407;408;411;416;418;422;424;426;430;431;432;441;444;445;454;457;460;461;464;465;466;469;471;475;479;480;482;485;486;487;489;491;492;493;495;497;499;502;503;504;505;506;508;509;512;516;517;521;522;526;531;533;535;538;540;543;544;546;548;549;556;557;558;559;561;563;564;565;571;572;575;578;580;581;582;585;589;590;591;594;597;599;601;603;606;609;610;616;618;619;620;621;624;626;627;628;629;630;635;636;639;640;641;644;646;647;650;651;652;655;656;657;661;662;663;664;665;666;668;672;678;679;681;682;685;687;688;689;690;694;697;698;699;700;703;704;707;709;712;717;726;727;728;734;735;736;739;741;743;745;747;750;752;753;754;756;759;761;763;764;766;769;770;773;776;777;778;780;782;783;784;787;789;790;794;795;797;799;801;804;806;810;811;813;814;817;818;821;822;826;827;828;829;831;834;835;838;839;841;843;845;848;849;850;851;853;854;861;863;864;865;869;870;871;872;874;877;878;879;880;881;882;883;884;887;890;891;893;895;897;898;900;901;903;904;906;910;911;912;914;916;917;919;921;922;924;930;932;933;934;937;939;940;941;942;944;945;947;949;951;952;953;954;957;962;963;964;965;968;969;971;973;977;979;980;982;986;989;990;991;993;994;996;997;999;1000
793;5;7;8;11;12;15;17;18;20;21;26;27;30;33;34;35;36;37;38;39;40;42;44;47;48;50;52;54;59;60;68;72;73;75;78;79;80;81;87;88;89;90;91;92;93;95;96;101;102;106;107;109;110;114;117;118;120;121;123;125;126;128;129;132;133;136;137;138;144;145;146;150;152;155;156;159;160;164;166;167;168;169;172;173;176;177;179;181;182;186;187;192;195;196;197;200;202;204;205;209;210;211;212;214;216;218;220;221;222;225;226;230;231;233;235;238;239;240;242;245;246;248;249;250;256;258;259;261;264;265;266;267;268;269;274;275;279;280;287;288;289;290;293;295;296;298;299;303;305;308;309;315;317;318;319;320;321;324;325;329;330;332;333;335;336;337;338;339;341;342;347;349;352;356;358;359;365;366;369;372;373;375;376;377;378;379;383;388;392;393;394;396;398;400;401;402;405;406;407;408;409;411;418;419;420;422;423;425;427;430;431;432;433;437;444;445;447;450;451;452;453;455;457;458;462;464;465;467;469;470;471;472;474;475;476;478;480;482;490;492;493;496;498;499;504;509;516;519;522;525;526;528;530;532;533;535;536;537;538;540;541;542;544;546;548;549;551;552;555;557;558;559;560;562;563;566;568;569;570;572;574;576;577;580;581;582;586;588;589;591;595;597;598;599;600;606;608;609;611;612;614;621;622;623;625;626;627;628;629;631;636;637;639;640;644;645;649;654;657;658;659;661;662;663;665;667;669;671;672;675;677;680;681;682;684;685;686;689;690;693;697;702;703;704;705;706;707;709;710;713;715;717;721;722;723;724;726;728;731;733;734;735;737;740;742;745;746;749;751;752;754;758;761;763;764;765;766;767;769;770;774;777;778;782;783;784;786;787;789;795;796;798;800;801;802;803;804;807;809;812;814;815;818;820;823;824;825;826;827;828;829;834;838;839;841;844;848;849;851;855;858;860;862;867;870;873;876;878;881;884;887;889;892;894;899;900;903;904;909;912;914;915;916;917;918;919;921;923;926;927;928;932;933;934;935;937;939;944;946;947;948;949;950;955;956;959;960;961;968;969;972;974;978;984;985;987;988;989;993;995;998;999;1000
794;2;3;6;12;13;15;16;17;19;20;22;23;24;26;28;29;31;32;35;37;38;39;41;45;47;48;49;53;55;58;61;62;63;65;71;72;75;77;80;81;82;84;87;88;89;92;93;95;99;101;103;104;108;112;114;118;119;121;123;126;127;140;141;142;145;146;147;149;150;153;156;157;158;160;161;162;163;167;169;171;173;175;176;177;178;180;181;182;183;184;186;187;190;191;192;194;195;197;201;203;205;208;210;212;213;217;220;222;223;224;225;226;227;229;230;231;233;235;244;248;250;251;253;255;256;257;259;260;261;262;263;264;265;267;268;270;275;278;279;280;285;290;291;295;296;299;300;304;306;307;309;310;311;312;313;315;316;320;322;324;325;326;330;334;335;337;338;341;343;345;348;351;352;354;355;356;358;360;362;365;367;369;370;373;374;378;379;380;381;383;384;385;388;389;390;391;394;397;399;404;405;409;411;413;414;415;416;422;424;425;426;427;429;432;434;435;438;439;440;443;445;447;448;449;451;452;453;454;455;456;457;459;460;462;464;465;467;470;471;474;477;478;481;483;487;488;489;490;493;494;497;498;500;503;509;510;511;513;514;519;522;523;526;530;534;536;539;542;545;548;550;553;558;561;563;564;565;567;571;572;573;576;579;580;583;584;585;588;590;591;592;598;599;607;610;612;614;621;623;624;625;628;629;631;633;636;638;640;641;642;643;645;647;650;654;659;660;661;662;663;664;665;668;669;671;672;673;674;676;680;681;682;683;684;685;687;690;691;692;693;694;695;697;699;702;706;708;710;712;713;714;717;720;721;724;725;727;730;732;733;737;739;740;741;742;743;746;749;754;756;757;759;760;761;764;765;766;772;773;774;778;779;780;781;782;783;787;788;791;792;795;796;797;798;800;801;802;803;804;806;808;809;810;812;815;821;824;826;827;828;833;836;837;841;843;849;857;859;862;863;864;865;866;871;873;874;875;876;878;883;884;885;886;887;892;899;900;902;903;904;906;907;908;909;912;915;916;918;919;920;922;923;932;933;934;936;937;939;940;943;945;946;947;952;953;954;956;957;958;962;964;966;969;970;971;973;974;977;978;979;980;981;982;984;987;988;989;991;992;993;995;997;998;999;1000
795;1;3;4;6;7;8;12;17;21;26;27;28;29;32;33;34;36;37;39;40;43;44;45;51;52;53;54;55;56;57;58;61;62;63;64;67;68;70;71;75;76;78;80;82;84;85;86;88;90;93;94;95;96;98;101;102;104;105;109;111;112;115;121;124;125;126;128;130;131;132;135;141;142;143;144;148;150;151;152;155;156;157;158;159;162;163;165;167;170;173;174;175;178;181;182;183;185;187;191;193;194;196;197;199;201;202;203;204;206;207;209;211;213;214;217;218;221;225;226;227;228;229;231;232;233;234;235;238;239;240;242;248;249;250;251;255;258;259;261;262;269;271;275;276;278;279;280;285;286;287;290;294;301;304;308;310;315;320;322;323;330;331;334;335;339;340;341;343;345;349;350;353;354;356;358;359;361;362;363;365;366;367;368;370;374;379;383;388;392;393;394;395;399;400;401;404;405;406;408;410;411;414;415;416;418;419;420;421;422;423;424;427;430;431;433;435;437;440;441;447;451;458;459;465;466;470;472;476;478;479;484;485;487;491;492;495;496;497;498;500;502;508;509;510;512;514;522;523;526;527;528;531;532;534;535;538;541;542;543;547;549;552;554;555;556;559;564;565;566;567;569;572;575;578;579;581;582;584;585;586;588;589;590;592;593;594;595;596;598;599;602;608;611;612;613;614;615;617;618;619;622;625;629;631;632;633;634;635;637;640;643;645;646;648;649;650;653;654;658;659;660;661;665;666;667;668;669;670;672;675;676;678;681;684;686;687;690;692;693;694;697;698;699;701;703;704;705;706;708;709;710;712;713;714;715;716;719;721;722;724;725;727;728;729;730;731;733;736;737;738;740;744;745;746;752;753;754;758;759;761;763;765;766;771;772;777;779;785;786;787;788;791;792;793;794;799;800;801;804;806;809;810;811;813;814;815;817;821;823;824;825;827;828;829;832;836;837;838;839;841;842;843;845;846;847;848;850;851;852;853;854;855;856;858;862;863;865;866;867;869;870;871;875;876;877;880;881;882;885;887;888;889;895;899;902;904;908;913;914;915;916;918;921;923;924;925;926;927;928;929;933;934;937;938;940;943;944;946;947;948;949;952;953;954;955;956;958;961;965;969;972;973;974;976;977;980;983;984;986;988;989;996;999
796;1;2;3;4;5;9;15;17;18;21;26;31;32;33;35;36;37;38;41;42;44;46;48;49;50;52;54;55;56;57;60;61;63;64;65;71;72;78;81;83;84;85;86;87;88;89;92;93;95;98;99;103;104;105;106;107;110;112;117;118;121;124;126;128;129;130;132;133;134;136;137;142;144;146;147;148;149;150;151;153;158;160;162;165;170;172;173;174;175;176;178;179;180;181;183;190;191;193;194;195;196;197;198;199;200;201;203;207;208;211;213;214;215;216;219;222;225;227;228;231;232;234;237;238;243;245;247;248;251;252;254;255;256;257;259;260;261;266;267;270;271;276;279;280;281;282;283;284;285;289;291;294;296;306;310;314;315;317;319;320;325;327;328;329;330;334;335;336;337;339;341;343;344;347;349;350;353;354;356;357;358;359;360;361;363;364;365;366;368;369;374;376;382;383;384;387;389;391;392;395;397;398;400;401;403;404;405;406;411;423;425;430;431;432;433;435;436;438;440;441;442;445;446;448;450;451;453;454;455;456;457;459;464;465;466;467;468;469;470;471;474;476;478;482;483;485;487;488;489;492;493;494;495;496;500;501;502;505;506;509;513;514;518;519;521;522;523;526;527;530;531;535;538;540;542;549;551;553;556;559;560;564;567;568;569;570;577;578;579;581;582;589;590;591;594;595;596;598;599;600;603;604;605;606;607;608;614;615;616;619;621;622;623;624;625;626;627;628;631;632;637;638;640;646;647;648;650;654;656;658;659;661;662;663;665;666;668;670;671;673;677;680;682;686;687;690;691;692;693;694;696;697;698;701;704;705;706;708;709;710;712;713;716;717;719;721;724;732;733;734;735;736;737;739;740;742;743;746;747;749;750;753;754;755;757;759;760;761;765;767;768;769;770;772;773;774;775;779;781;782;784;786;788;789;790;793;794;798;802;804;806;808;809;810;813;814;815;818;820;822;823;824;831;832;834;836;838;841;842;843;844;847;853;854;855;858;859;860;863;864;867;868;869;870;871;873;880;881;884;887;891;892;893;894;895;896;898;901;906;907;908;910;914;915;916;917;918;920;921;922;924;927;928;930;935;937;938;941;942;944;945;946;947;950;951;952;953;954;956;957;958;959;960;961;963;966;971;973;974;975;977;978;980;981;982;983;984;985;986;987;988;989;990;992;994;995;998;999;1000
797;1;2;3;4;5;6;7;8;9;11;13;15;17;20;21;22;26;27;28;31;32;33;36;42;45;46;49;53;55;56;57;60;62;65;66;67;68;69;72;73;74;80;83;84;85;86;88;93;95;96;97;98;100;102;103;104;105;109;110;111;112;113;114;115;116;117;118;123;124;129;133;134;135;139;141;142;145;146;147;153;156;157;159;160;161;162;165;166;169;170;174;175;176;177;178;179;181;188;189;190;191;195;196;197;198;199;202;204;205;206;207;208;209;211;212;216;218;222;223;225;226;227;228;229;234;235;241;242;243;247;248;249;252;253;255;256;257;258;261;262;266;269;270;271;272;273;275;277;278;282;283;284;285;286;289;291;292;293;294;300;301;303;305;307;309;310;318;323;327;329;330;334;335;338;339;341;342;343;345;346;347;349;350;351;353;354;356;362;363;367;371;373;378;379;380;381;385;389;390;391;392;393;394;396;397;399;402;405;406;407;410;412;414;419;420;421;422;425;426;427;428;430;434;442;443;445;447;448;449;450;453;456;457;459;461;462;468;470;472;474;475;477;478;480;483;489;490;493;497;499;503;505;511;513;514;520;521;527;528;530;533;539;542;543;544;551;554;556;558;560;561;565;566;567;568;570;571;572;573;574;576;577;578;579;582;583;584;586;587;589;591;593;595;596;599;602;603;605;606;607;610;611;615;616;618;619;621;623;625;626;629;630;632;634;635;636;640;647;648;650;652;654;655;657;665;669;670;671;672;674;679;682;683;684;685;686;687;690;696;697;700;702;703;705;706;709;717;718;719;720;722;725;726;727;728;731;733;734;735;736;737;739;741;743;744;745;749;750;751;754;755;757;758;760;761;762;764;765;769;770;771;774;775;776;782;786;787;789;791;792;794;798;800;801;806;810;811;812;813;814;818;821;827;829;830;831;832;833;834;837;838;842;843;845;849;854;855;856;858;859;863;868;870;871;872;875;877;883;884;885;886;887;892;896;899;900;902;903;904;906;907;908;911;912;913;914;917;918;919;921;925;926;930;932;935;939;942;943;944;945;946;947;949;950;953;954;955;957;958;959;961;963;968;972;974;976;977;978;979;981;982;985;988;989;992;996;999;1000
798;1;3;8;9;10;12;14;15;18;19;20;21;23;24;26;28;29;30;32;34;35;38;39;42;44;48;49;50;54;55;56;57;58;59;60;62;63;67;68;71;76;78;80;83;84;88;91;92;93;97;98;99;101;102;103;104;105;106;108;109;110;113;114;115;116;117;118;119;121;122;126;128;130;131;132;133;136;138;139;141;144;145;146;148;150;152;160;163;164;170;172;173;175;176;178;179;185;187;188;191;192;194;195;196;198;199;200;201;202;203;204;206;208;209;210;212;213;214;215;217;218;219;220;221;226;227;228;236;237;240;243;247;249;250;251;252;253;254;255;256;257;259;261;265;267;272;273;274;276;280;281;282;283;284;285;286;287;292;293;294;295;296;299;302;303;304;306;312;321;323;326;328;331;333;334;337;338;339;340;342;345;346;349;350;352;353;355;357;358;361;362;363;365;366;367;368;370;371;372;374;376;377;378;379;382;383;384;385;386;388;392;394;397;398;402;404;405;408;409;410;412;414;416;417;420;424;427;428;429;431;433;434;441;443;451;454;455;457;460;464;467;468;469;470;471;476;478;479;482;485;486;488;490;493;495;496;499;503;504;505;506;508;510;511;512;513;516;517;518;519;522;526;527;528;531;533;534;535;539;541;543;548;552;554;555;556;561;563;564;565;566;568;571;572;573;579;580;582;584;587;589;590;591;594;595;596;598;600;601;602;603;604;605;606;609;610;613;614;616;619;621;624;627;629;630;632;634;635;636;640;641;643;645;647;649;650;651;655;657;660;662;669;671;672;673;674;675;680;681;682;683;685;686;688;695;697;701;703;704;708;709;710;711;712;713;717;718;719;721;723;724;728;729;730;731;735;736;737;738;739;740;742;743;744;746;748;749;750;753;754;755;759;760;763;764;769;773;774;775;777;780;782;784;785;786;788;793;794;796;797;799;800;801;802;805;806;808;811;812;813;819;822;823;825;826;827;828;829;830;831;832;840;841;843;844;846;847;849;850;851;854;855;856;857;858;859;860;862;868;869;870;871;872;873;874;877;879;880;882;884;886;888;894;895;898;899;904;907;914;915;917;918;921;923;924;925;926;927;930;932;935;937;940;941;947;951;952;955;957;958;959;961;963;964;965;966;971;972;973;974;979;980;981;982;988;991;992;994;999;1000
799;2;3;4;5;8;9;10;11;14;16;18;19;21;22;24;25;27;29;33;35;36;37;39;40;41;46;52;56;58;59;60;62;64;68;69;75;80;83;84;86;87;88;90;92;93;94;96;97;98;100;104;105;106;109;114;115;116;118;123;124;126;129;130;131;132;135;137;138;142;143;145;148;151;152;153;154;157;159;160;161;164;165;166;167;168;171;174;176;178;179;180;183;185;189;192;195;198;199;200;203;204;207;217;220;223;225;228;230;238;239;241;242;243;244;246;250;251;253;255;256;257;258;259;261;262;263;267;269;270;272;275;277;280;281;282;283;284;288;289;291;292;296;297;301;303;304;305;308;311;315;316;319;321;322;323;327;328;329;330;335;336;339;340;341;343;344;346;347;350;352;353;354;355;358;359;360;364;371;373;375;376;377;379;381;383;386;390;393;396;397;399;400;404;405;406;407;408;411;412;418;421;423;424;429;433;435;436;437;442;445;448;449;451;452;455;457;459;460;461;463;465;467;471;472;473;482;484;486;488;490;492;494;495;498;500;501;502;504;505;507;509;510;511;512;514;519;520;522;524;526;527;528;530;531;532;534;536;538;539;540;542;543;544;549;551;555;560;562;564;566;567;568;569;573;574;578;588;591;594;595;596;597;598;599;600;603;604;605;606;607;609;610;612;615;616;617;620;624;626;627;629;630;632;634;635;640;641;642;647;649;650;651;652;653;654;658;660;661;663;664;667;670;671;672;673;675;677;680;681;682;684;687;688;689;696;698;701;703;705;706;709;710;715;716;718;719;721;723;725;726;727;731;732;734;735;737;738;739;740;741;745;747;748;750;752;754;756;757;759;761;762;764;765;768;770;771;772;773;774;777;780;781;782;784;785;786;788;791;792;795;798;800;802;803;805;806;811;814;815;816;817;818;821;822;823;824;826;828;829;832;833;834;835;837;839;840;841;843;844;846;850;853;855;856;857;858;861;867;869;870;872;873;874;879;880;882;892;896;897;898;899;901;902;904;907;910;911;912;913;914;915;916;917;918;920;923;924;925;927;928;929;930;935;938;939;940;947;948;951;952;955;956;961;963;966;967;968;969;972;974;976;979;982;984;986;988;990;991;993;994;999
800;5;9;10;11;12;15;18;19;20;21;23;25;26;30;31;33;34;35;36;37;43;44;46;51;53;54;55;56;57;59;60;61;62;65;67;70;72;73;74;75;77;78;83;87;90;94;95;96;98;99;106;108;111;114;115;118;121;127;128;129;131;134;135;136;137;138;141;144;145;147;149;150;155;157;158;159;160;162;165;167;168;169;170;172;173;175;177;178;179;181;182;183;185;186;187;193;196;198;199;201;202;205;206;209;213;214;221;224;225;226;227;229;230;235;237;238;239;243;244;245;246;247;249;251;257;258;263;264;265;266;267;268;269;271;273;274;275;278;280;283;284;285;290;292;296;297;298;299;300;301;307;310;311;315;316;318;319;320;321;322;323;324;326;327;328;329;334;335;337;338;341;342;343;345;351;352;353;355;356;358;360;361;362;363;364;366;367;370;373;374;375;377;380;387;388;391;394;395;397;398;401;409;410;411;412;413;414;416;417;418;421;424;425;427;432;433;434;436;437;440;441;445;448;449;451;452;454;456;457;458;463;465;467;470;473;474;476;483;485;487;488;489;490;491;493;495;496;498;501;503;504;505;507;510;514;516;517;518;520;521;523;524;527;534;535;536;539;541;542;545;546;552;554;555;557;558;559;561;563;564;565;571;572;574;576;578;581;584;588;589;590;591;594;595;597;599;601;607;608;609;610;611;612;613;617;618;619;620;621;623;624;625;626;628;629;633;634;636;637;643;644;645;647;648;651;657;658;662;666;667;668;669;670;671;673;674;675;676;677;678;679;680;681;682;685;687;688;690;692;695;697;698;699;700;701;702;705;708;711;714;725;726;727;728;731;736;737;739;741;742;743;747;749;750;751;757;759;762;767;768;770;772;774;777;781;783;785;786;788;790;791;793;794;795;797;798;799;802;804;806;807;809;810;812;813;814;817;818;820;821;823;827;828;830;832;833;836;838;839;840;841;849;850;851;856;857;858;859;860;863;864;865;868;872;874;878;879;880;885;886;889;890;891;893;895;900;901;902;904;905;906;907;911;914;919;922;923;924;925;926;928;929;930;931;932;933;935;936;938;941;943;945;946;949;950;951;953;954;955;956;960;961;962;963;964;965;966;967;968;971;972;973;975;976;984;985;986;992;994;995;996;999
801;2;4;5;7;9;16;17;18;19;20;22;23;24;25;28;31;33;34;35;37;39;53;55;57;59;61;63;64;66;70;73;74;75;77;79;80;83;85;87;90;91;92;94;95;96;98;101;102;103;104;105;106;107;108;110;111;113;115;116;118;122;132;135;136;138;141;142;148;150;153;155;156;159;160;161;162;163;165;167;168;170;171;173;175;176;180;181;182;183;184;187;188;190;191;193;196;198;199;200;201;202;203;206;208;215;216;217;218;219;220;222;223;224;225;226;228;233;235;237;238;239;241;242;243;246;247;248;249;253;254;260;261;262;263;267;268;272;274;275;279;284;287;288;290;291;294;297;298;299;301;303;304;307;308;310;312;313;314;319;322;323;324;325;326;329;331;332;333;335;339;342;343;344;347;349;350;355;358;360;362;370;371;375;376;379;380;383;384;385;387;389;394;398;400;401;404;407;408;411;416;417;418;420;421;422;423;424;425;426;427;428;429;430;431;432;435;436;437;438;441;442;444;447;449;450;451;453;458;459;460;462;465;466;469;470;472;473;477;481;482;483;484;486;487;489;491;497;500;503;505;506;507;508;509;510;511;513;514;520;525;526;532;533;534;535;536;537;538;540;541;544;546;547;549;556;557;558;560;562;564;567;568;570;573;574;577;578;579;581;582;585;586;587;588;589;590;592;594;596;598;601;604;605;606;607;608;609;611;612;613;614;615;616;618;620;621;622;624;625;626;629;635;636;638;639;641;643;647;651;653;654;656;658;660;661;663;671;673;674;676;680;683;684;688;689;691;694;696;698;699;703;705;711;713;714;717;718;719;720;725;729;733;736;737;739;740;742;743;744;745;746;747;748;750;751;752;754;756;758;761;762;763;765;766;767;769;770;771;772;774;776;778;783;784;785;791;792;793;794;795;797;798;803;805;807;808;810;816;818;819;820;821;822;824;827;831;832;833;835;836;839;840;841;843;848;849;851;852;853;855;859;860;861;862;863;865;867;869;871;872;874;875;876;877;881;883;884;889;895;898;902;905;906;907;909;910;911;917;918;919;920;922;925;926;927;928;931;932;933;935;937;939;941;946;947;953;954;958;960;962;963;965;967;970;971;972;974;975;976;977;978;990;992;993;997;998;999;1000
802;4;5;6;9;11;12;13;16;17;22;26;28;29;32;35;36;37;39;40;41;42;43;47;48;49;50;52;53;55;56;58;60;63;64;65;66;67;71;74;76;78;79;80;82;84;89;91;92;93;95;100;104;105;106;107;108;109;110;114;115;116;122;123;129;130;131;134;137;138;140;141;142;143;144;145;146;149;150;151;159;162;164;166;167;168;172;175;176;177;178;180;181;182;183;184;186;187;188;190;191;196;199;200;202;203;204;205;207;209;212;213;214;217;219;220;221;222;225;228;229;231;233;234;236;239;243;244;246;248;250;253;254;256;257;261;266;267;269;271;272;273;277;279;282;283;286;287;288;289;292;303;304;305;306;307;309;310;311;313;314;315;316;318;319;320;321;324;327;329;330;332;333;336;340;344;346;347;348;350;351;352;353;355;357;360;361;365;366;367;370;371;373;377;378;380;384;387;388;389;392;393;394;396;398;402;403;405;409;410;412;414;416;419;420;421;425;426;429;431;435;436;437;439;441;442;444;447;449;450;452;453;455;456;466;468;470;474;478;479;481;483;484;486;489;491;493;494;496;497;498;500;503;504;506;507;508;510;511;517;519;520;521;523;524;526;528;529;530;531;536;537;540;541;544;550;552;559;562;566;567;569;570;574;575;576;577;578;580;583;586;588;589;590;591;593;594;595;596;598;599;600;601;603;604;605;606;607;608;609;610;611;612;615;616;617;618;619;625;626;627;630;635;636;638;639;640;641;642;643;644;651;653;656;661;662;666;667;670;671;674;675;676;679;681;683;684;685;686;687;689;690;692;697;699;701;702;706;707;710;712;713;715;718;720;721;722;724;726;727;728;729;731;733;735;736;737;738;740;741;744;745;746;748;752;753;754;757;760;762;763;769;773;775;776;778;780;781;782;783;784;785;786;787;788;789;790;791;793;794;796;798;799;800;803;804;805;806;807;808;810;812;813;814;816;817;819;820;821;824;825;828;830;831;834;837;838;840;842;844;845;849;852;853;854;855;856;858;859;862;864;867;871;872;873;874;877;879;880;883;886;887;890;893;895;896;899;900;903;904;905;908;910;912;914;916;918;921;922;924;926;928;932;939;941;942;944;945;949;950;951;952;953;955;956;959;962;965;968;969;971;974;978;982;983;986;987;988;989;990;993;994;995;996
803;1;3;5;7;8;10;13;17;18;19;26;28;30;32;36;38;40;42;45;48;57;63;64;69;70;71;75;76;77;78;81;82;84;86;87;88;90;92;93;95;99;102;103;104;105;106;107;108;109;111;112;113;114;117;118;121;123;124;131;132;134;139;141;142;143;145;148;149;151;152;153;154;158;160;161;164;166;169;174;180;181;187;189;190;191;192;195;196;197;198;199;200;201;203;205;206;207;208;209;213;214;215;216;218;219;221;222;223;224;227;230;231;233;234;236;237;238;241;243;247;251;255;257;259;260;264;266;267;273;275;278;281;282;284;285;286;287;288;290;292;294;296;297;303;307;309;310;312;315;317;320;321;322;324;325;326;327;331;332;334;335;338;339;340;342;343;348;349;351;354;361;362;365;367;369;370;371;372;377;378;379;380;381;383;384;386;388;389;390;391;392;393;394;397;399;401;402;403;405;407;408;409;410;411;416;419;420;422;423;424;426;427;428;430;431;433;434;437;440;441;442;447;454;457;458;459;460;463;464;465;468;470;471;472;474;475;476;477;479;480;482;484;487;488;489;491;494;497;502;503;504;505;507;508;513;514;515;518;521;522;524;528;529;531;532;533;538;539;540;542;543;545;549;552;554;555;556;557;558;561;563;564;566;567;568;569;570;572;574;575;576;577;578;579;582;584;585;586;588;594;597;598;599;600;605;606;607;609;612;614;616;617;620;621;627;629;632;633;635;636;637;639;642;643;647;648;654;658;659;662;663;665;667;668;672;674;676;679;680;682;683;687;689;690;691;692;694;696;699;700;702;703;706;707;708;709;710;711;712;717;721;723;724;725;726;729;738;741;742;743;744;746;747;749;750;752;753;755;756;757;759;760;763;767;768;772;773;774;775;776;777;780;782;783;784;785;786;788;790;793;794;799;801;802;808;810;812;817;819;820;821;823;824;826;827;828;830;831;832;833;836;839;840;846;847;849;850;852;854;855;862;863;864;867;868;870;871;874;875;876;879;883;887;890;891;894;895;898;899;900;902;906;907;911;913;914;919;920;924;925;927;928;929;930;931;932;934;935;936;937;938;939;941;944;945;946;947;948;953;954;956;960;961;962;963;964;965;966;968;971;974;975;976;977;978;980;981;989;990;992;994;996;998;999;1000
804;2;3;5;6;8;9;12;13;17;18;19;20;25;26;27;29;32;33;34;35;37;38;39;41;42;43;44;46;48;49;50;54;55;60;61;62;63;66;67;70;72;76;78;79;80;83;84;85;86;89;92;93;94;95;96;97;98;99;102;103;105;106;107;108;110;113;121;125;127;128;130;131;132;133;135;141;144;146;147;148;149;151;153;154;155;157;158;159;161;162;166;167;168;169;170;171;172;173;174;177;180;184;191;192;194;196;198;199;201;202;206;209;212;213;216;219;224;227;229;231;232;235;236;237;241;243;244;246;247;249;252;253;255;256;257;258;259;263;265;267;268;269;270;271;273;275;278;280;282;283;287;289;293;295;296;299;302;307;308;311;314;315;316;320;321;322;325;326;327;331;332;333;336;337;339;341;343;344;346;349;350;351;353;354;358;360;363;364;365;368;372;373;376;378;381;382;383;385;386;389;393;395;398;399;400;401;404;405;406;408;410;413;416;417;418;420;421;423;424;427;428;431;434;437;438;439;440;441;442;444;445;447;448;455;456;459;464;466;467;468;470;472;473;479;481;483;486;488;489;490;493;495;496;497;498;500;502;505;507;508;513;515;517;519;520;521;522;526;527;528;529;530;531;533;534;539;541;545;546;547;548;551;552;553;554;557;560;561;562;563;564;567;568;571;572;575;576;580;582;583;584;586;587;588;590;591;592;594;595;599;600;602;603;604;606;608;610;612;614;615;616;618;619;620;621;627;628;629;635;637;638;639;640;641;642;643;644;645;647;648;649;650;653;655;656;659;660;661;663;665;668;669;672;673;679;681;683;684;685;687;691;692;696;700;701;702;703;704;705;708;709;711;712;713;714;718;719;721;723;724;726;728;732;733;734;735;737;741;742;743;749;750;752;755;756;757;758;759;761;766;767;768;770;773;774;775;779;780;783;786;787;791;792;793;794;795;796;800;802;805;808;810;812;814;815;816;817;819;820;822;823;824;826;827;828;829;830;831;833;836;837;838;841;842;843;844;845;846;848;850;852;853;854;855;857;858;861;865;867;868;870;874;875;878;879;881;882;883;885;886;888;889;890;891;892;896;897;898;901;903;905;907;909;912;917;919;920;921;923;925;926;927;929;931;933;934;935;936;937;939;943;944;947;951;952;953;954;956;957;958;960;961;962;963;964;968;972;973;974;975;976;977;979;980;985;986;990;991;993;994;999
805;3;5;6;7;8;10;13;15;16;17;19;20;21;22;26;27;30;33;37;42;43;44;49;50;53;54;60;61;62;65;67;68;69;70;71;77;78;79;82;83;84;86;88;89;91;92;93;94;95;97;99;106;109;110;111;112;115;118;119;121;125;130;132;133;134;136;140;141;142;143;145;147;149;150;151;152;153;158;159;164;166;167;171;173;176;179;184;186;187;188;189;194;195;198;199;201;205;210;212;213;216;217;218;219;220;221;222;225;229;231;232;233;234;235;238;240;241;243;244;245;250;251;253;256;257;258;263;264;265;268;270;271;272;274;277;278;279;282;284;286;290;294;296;298;301;302;304;306;308;309;310;311;312;317;318;321;323;324;325;326;327;330;331;333;334;335;338;339;343;344;346;347;350;353;354;355;356;359;362;363;364;365;367;369;371;374;375;378;380;383;384;385;389;390;391;392;395;400;402;403;405;406;408;410;412;416;417;419;421;423;425;426;430;433;438;444;445;447;448;450;456;458;461;462;465;466;467;470;471;472;473;474;477;478;480;486;487;492;493;494;495;498;499;504;506;508;509;510;513;516;517;519;523;524;528;530;531;532;535;536;537;540;543;547;551;553;556;559;560;562;564;565;566;567;568;569;572;573;578;581;584;590;592;593;596;599;600;601;602;603;604;605;606;607;609;610;611;612;614;617;629;631;634;637;639;643;645;647;648;652;654;656;659;660;664;666;667;668;672;676;678;680;682;683;684;687;688;689;690;691;693;696;697;698;699;700;701;703;704;705;706;707;710;711;713;715;716;718;719;720;723;724;725;726;729;730;731;733;734;735;739;740;743;747;749;750;752;754;755;758;760;762;764;765;766;767;768;771;773;775;777;782;783;784;785;788;789;790;791;798;799;801;802;804;807;808;809;810;813;815;818;819;821;824;828;830;837;838;842;844;845;848;849;850;851;853;859;861;864;866;867;868;870;873;874;875;876;877;878;879;881;883;884;886;888;889;892;893;894;895;897;899;900;902;903;905;907;908;909;910;911;912;913;915;917;918;920;921;922;923;924;925;926;927;929;930;933;937;940;941;944;945;946;948;950;951;956;964;967;969;970;971;972;974;975;978;982;986;988;990;992;994;995;997;998;999;1000
806;1;2;3;4;6;7;9;10;11;16;19;23;24;27;30;33;36;38;39;40;44;45;47;48;49;50;53;54;56;58;59;62;64;66;75;76;78;80;87;88;89;91;93;94;95;98;100;101;102;103;110;111;112;113;115;117;120;124;125;131;132;133;136;138;139;142;150;151;153;154;155;161;162;166;169;171;177;178;179;180;182;186;187;188;191;192;196;197;198;199;202;204;212;214;216;218;219;220;222;223;225;230;231;233;237;238;241;243;247;249;250;252;256;259;261;262;265;267;269;270;271;272;274;279;281;283;286;287;289;290;294;297;299;302;307;308;309;310;314;316;320;322;323;325;327;328;330;331;333;337;338;340;341;345;347;350;352;355;356;360;361;362;363;365;366;368;369;370;372;373;378;379;380;381;382;383;384;387;388;390;391;392;393;394;396;399;400;401;403;414;415;423;425;426;430;431;433;435;436;437;438;443;444;445;446;447;448;450;451;452;453;455;456;457;458;459;462;473;474;478;482;483;489;490;491;492;495;497;501;507;508;509;516;518;519;521;522;525;526;530;532;534;537;538;539;540;541;544;545;547;549;550;551;554;557;560;561;565;568;569;570;571;572;575;576;579;586;587;588;589;590;591;592;593;600;601;604;607;609;613;619;622;623;625;627;628;629;630;633;634;636;640;642;643;644;645;646;647;648;653;654;655;657;659;661;662;663;668;674;676;677;680;683;686;687;690;691;692;696;697;699;703;705;706;707;708;711;712;713;717;719;720;722;726;728;729;733;738;740;741;743;744;745;747;750;753;754;755;758;761;765;766;768;773;774;780;781;782;784;786;789;790;792;794;795;796;797;798;799;800;802;807;809;813;816;817;822;826;828;829;830;832;834;835;836;838;840;841;842;844;845;848;849;850;851;852;853;854;857;859;860;863;865;869;873;874;875;877;880;883;887;888;891;892;896;897;898;899;900;902;904;907;908;911;912;915;918;919;920;922;923;924;925;926;935;936;939;941;942;943;947;949;950;954;955;956;957;959;960;961;965;966;970;971;977;980;983;984;989;991;993;994;995;996;997;998;999
807;3;5;6;8;9;10;12;14;16;17;18;21;23;24;25;26;29;30;31;34;35;36;39;41;42;43;44;45;46;48;49;51;52;54;56;57;60;61;62;63;67;68;70;72;74;75;76;80;81;83;84;88;89;94;95;98;99;101;106;108;109;110;111;113;117;119;120;121;123;125;129;131;133;136;138;139;144;146;147;148;153;155;156;157;158;159;161;162;164;165;166;169;170;171;173;175;177;179;180;182;186;188;193;194;196;197;199;200;201;202;205;206;207;208;212;213;217;218;219;222;223;226;232;234;235;236;237;238;239;240;241;242;243;246;251;252;255;257;259;264;265;266;267;268;272;273;277;278;279;281;284;286;287;288;289;290;292;295;299;300;302;303;305;306;309;312;313;314;320;323;325;329;332;333;334;335;336;337;339;340;341;342;345;347;350;351;355;356;358;363;364;365;369;372;373;374;375;377;378;381;384;388;391;394;395;396;397;402;404;405;407;408;409;410;412;415;419;420;421;422;423;424;426;427;430;431;432;433;434;435;436;437;438;439;442;444;446;447;448;451;452;453;455;457;459;460;462;464;469;473;475;477;479;480;482;483;487;490;491;492;493;494;497;498;499;501;503;505;506;507;508;512;515;516;517;519;521;523;524;526;527;529;531;532;533;534;539;540;541;542;546;548;549;556;558;560;561;566;567;569;571;572;575;578;580;582;586;588;591;593;594;595;596;599;601;606;607;608;609;611;613;616;617;618;619;621;622;623;624;625;627;630;636;640;642;644;647;648;649;651;652;653;654;655;656;657;661;663;664;665;666;667;669;671;672;673;674;675;676;677;678;679;680;683;687;690;691;693;697;699;700;702;704;705;706;708;709;710;712;713;714;718;722;731;733;735;736;737;738;747;748;749;750;751;753;754;755;756;760;761;763;764;765;766;767;768;772;774;777;779;780;781;783;785;786;787;788;791;793;800;801;802;805;806;810;814;815;817;818;819;822;825;826;827;829;831;832;833;834;837;842;843;844;845;846;849;851;852;854;858;861;862;864;866;867;876;877;879;881;883;884;885;886;887;888;889;890;891;893;894;895;896;897;899;900;901;905;906;908;909;912;913;914;916;917;918;920;921;926;927;932;933;934;943;944;945;946;947;948;952;955;957;961;962;963;968;969;970;973;974;975;976;977;980;984;986;989;991;992;999
808;3;5;6;7;10;12;15;17;20;23;24;26;29;30;31;32;33;34;36;38;39;40;41;43;46;48;49;51;52;54;55;56;57;58;59;60;61;62;63;65;67;68;69;72;73;77;79;80;81;84;85;86;87;89;91;94;97;100;102;105;106;108;114;116;117;118;119;120;121;127;128;129;130;131;135;136;137;139;140;141;142;148;150;156;158;159;160;161;162;164;165;166;167;171;173;175;176;177;184;185;189;190;191;192;193;194;197;201;203;204;205;206;208;212;213;214;215;218;219;224;225;226;227;228;229;230;232;233;234;238;239;240;243;244;245;249;250;254;256;257;258;259;266;267;269;272;274;278;283;284;285;286;287;289;292;293;294;295;296;297;299;302;309;311;312;316;318;321;322;324;325;326;327;328;329;330;334;335;338;345;347;349;352;353;354;355;357;358;359;360;361;364;366;367;368;370;373;374;375;376;378;382;385;390;392;393;399;408;409;412;415;416;417;422;424;425;426;427;429;431;432;433;434;437;438;439;441;443;447;449;450;451;452;453;456;458;459;461;464;467;468;469;471;472;474;477;480;481;482;483;485;486;487;488;490;494;496;499;501;506;508;510;512;515;520;521;522;523;524;527;528;530;531;535;536;537;540;541;545;549;550;551;553;557;558;561;562;564;567;569;573;574;576;577;578;588;589;591;592;593;594;596;598;599;600;601;603;605;608;612;613;614;616;623;625;626;627;628;629;630;631;632;634;635;637;640;642;645;646;648;649;650;651;652;656;657;663;664;665;668;669;670;671;673;675;676;678;680;681;682;683;685;687;688;689;691;695;698;701;704;705;706;707;712;713;714;715;718;720;723;724;725;726;727;728;734;735;736;738;739;740;741;746;748;750;753;754;756;757;763;764;766;768;769;772;773;774;778;780;784;791;794;796;798;801;802;803;804;805;809;810;812;813;820;821;824;825;826;827;828;829;832;834;837;839;842;843;845;846;849;852;856;857;858;860;861;862;863;864;866;867;869;871;872;875;876;878;879;880;881;882;883;885;886;888;889;890;891;893;894;898;900;903;904;905;909;910;915;919;921;924;925;926;927;929;930;933;934;937;938;940;943;945;946;948;949;951;952;954;958;959;960;961;966;968;969;970;972;973;977;980;981;982;983;984;993;996;997;998;999
809;6;7;8;10;12;15;16;17;18;22;23;25;27;31;32;34;45;46;47;52;54;56;57;59;61;62;63;64;66;68;69;71;74;75;77;80;82;85;88;89;91;93;94;95;96;99;102;109;110;113;114;117;118;119;123;124;129;130;131;132;134;136;142;145;148;150;153;157;162;163;171;172;173;174;177;181;182;183;185;186;187;188;191;195;196;197;198;201;203;204;206;207;209;211;214;215;217;219;220;221;222;223;224;225;226;228;229;232;237;241;243;246;247;249;250;253;254;255;258;259;261;263;266;267;268;272;274;279;281;282;283;285;288;290;294;297;300;304;305;306;309;310;311;319;322;325;326;327;328;330;333;335;336;340;341;344;345;348;350;353;354;356;357;358;360;364;365;366;368;370;371;372;373;375;379;381;382;383;384;385;387;388;390;392;393;399;403;404;406;407;411;413;416;417;419;421;422;424;425;427;430;434;437;439;441;444;445;447;450;451;454;455;456;457;458;460;462;464;465;472;477;478;479;480;481;483;484;485;486;488;491;493;495;496;498;499;503;505;506;507;509;510;512;513;514;520;521;525;526;528;531;532;535;536;538;539;541;542;545;552;556;557;558;561;563;564;565;566;570;573;574;575;576;581;583;584;585;587;588;590;591;596;597;601;602;607;608;611;612;613;615;618;619;620;621;622;624;625;629;630;631;632;633;635;637;638;643;645;647;648;649;650;652;657;658;659;662;663;664;666;670;675;678;685;686;688;689;690;691;695;698;699;700;702;703;704;707;710;711;712;713;715;721;723;725;729;733;734;735;736;738;739;742;743;747;752;756;757;758;759;760;765;767;768;769;772;773;775;777;778;780;782;783;784;785;789;790;793;794;795;796;800;805;806;808;810;811;812;814;815;820;824;825;826;827;828;834;836;838;839;840;842;843;851;852;853;856;859;863;866;867;868;870;874;876;877;878;879;880;881;883;885;888;889;890;891;896;897;899;901;902;904;905;906;911;912;914;916;919;922;925;928;930;932;934;936;944;948;951;952;954;959;962;964;965;966;969;971;972;975;977;978;983;984;986;989;990;991;992;993;996;997;998
810;4;6;9;10;13;18;21;22;27;29;32;33;36;37;40;43;44;46;54;55;56;60;66;70;71;72;74;76;77;78;79;84;85;86;88;89;90;93;97;98;100;101;106;107;110;113;120;121;123;127;128;129;131;132;135;137;142;144;145;146;149;154;156;158;159;160;161;163;166;167;169;170;174;177;178;180;182;183;184;186;187;188;189;191;193;195;200;205;206;207;210;211;212;215;216;219;222;225;226;227;228;229;230;233;234;238;239;240;243;244;247;248;250;251;252;257;258;260;261;262;264;265;269;272;273;274;275;278;279;283;285;288;289;290;295;298;301;303;305;306;307;308;309;317;318;319;326;328;329;330;331;334;335;336;337;342;343;344;347;348;351;352;354;356;364;365;366;367;368;370;371;374;376;382;384;385;386;387;389;390;396;397;401;403;406;409;416;418;420;421;423;424;426;427;428;431;432;433;434;435;436;438;440;444;447;448;452;454;455;458;467;468;469;470;472;474;475;477;478;479;480;481;482;484;486;489;491;492;493;496;501;502;508;509;510;512;513;518;520;524;526;527;529;531;533;534;535;536;537;539;540;541;542;546;552;553;561;563;566;569;572;573;574;575;576;578;579;580;588;592;593;594;596;597;599;600;601;602;603;604;606;607;608;609;610;611;612;613;614;615;617;618;619;621;624;626;628;629;630;632;634;638;639;643;644;649;651;655;656;659;660;662;663;664;666;668;669;671;674;675;676;680;685;686;687;688;690;691;692;694;699;703;704;706;709;715;716;717;721;723;728;729;730;732;735;737;739;740;742;744;746;749;750;752;753;755;756;758;760;761;762;763;769;770;772;776;777;779;781;782;783;784;785;788;792;794;795;796;797;800;801;802;803;804;805;807;808;809;812;813;814;815;818;819;821;826;827;828;830;833;836;837;839;840;842;843;845;846;847;848;849;850;851;852;853;856;857;861;863;865;867;869;873;874;877;878;879;881;882;883;884;885;891;892;894;895;897;899;900;903;904;906;915;916;919;920;921;922;924;926;930;931;933;934;938;939;940;942;943;944;946;947;948;949;952;953;956;957;959;960;961;967;969;970;973;974;976;980;981;983;984;986;987;991;995;996;998;999;1000
811;1;2;3;4;12;13;14;15;17;18;20;21;22;24;27;28;29;30;34;42;43;44;45;46;47;52;54;55;57;58;59;62;63;65;67;70;72;77;86;88;89;90;91;96;97;102;104;105;108;111;113;117;119;122;124;125;126;127;128;129;130;131;132;134;135;141;144;145;146;147;150;153;154;155;158;159;162;163;167;171;172;173;174;176;178;179;185;186;187;188;194;198;199;200;202;203;206;207;208;212;213;215;216;217;219;220;221;223;224;226;227;228;229;231;233;237;239;241;243;247;248;249;250;252;254;255;256;257;259;261;267;271;272;273;274;279;281;282;284;285;288;289;293;294;295;298;299;302;303;311;314;316;317;318;319;320;326;327;328;330;331;333;334;335;336;337;340;342;344;348;350;351;353;355;356;363;364;365;367;375;376;378;380;381;383;384;385;387;389;391;392;395;398;401;404;407;409;412;414;415;416;417;418;419;420;422;423;427;428;430;431;432;435;436;437;439;443;447;449;451;452;456;458;459;460;462;464;466;467;468;470;471;472;477;479;482;483;484;485;486;488;490;491;493;494;497;498;500;501;503;506;512;513;514;515;517;518;519;521;522;525;528;530;531;533;536;539;541;542;543;544;545;547;548;549;550;553;554;556;560;561;562;566;568;572;573;575;578;579;581;582;583;585;588;592;593;594;601;603;604;608;616;617;621;624;630;631;635;641;642;643;646;650;651;656;658;659;661;662;664;667;669;671;672;673;674;676;686;687;688;689;691;693;694;695;696;700;701;702;703;705;706;707;710;711;714;715;716;717;718;720;726;728;731;734;735;736;738;740;741;742;743;744;745;746;753;754;755;756;757;759;762;763;765;767;770;771;774;775;776;777;778;781;782;786;787;790;791;792;795;797;798;799;809;812;816;819;820;823;826;829;830;831;833;837;839;840;843;844;846;847;849;850;851;852;853;855;856;857;861;862;863;864;865;868;870;872;873;875;879;884;886;888;891;892;895;896;899;902;903;904;905;910;912;917;918;919;920;923;924;925;927;930;931;932;933;935;936;938;939;940;941;942;946;947;949;953;957;958;960;961;963;967;968;970;971;979;982;983;984;986;987;988;991;993;994;995;997;998;1000
812;1;5;7;8;9;14;17;19;22;23;24;26;27;28;30;32;33;34;37;38;42;49;50;51;58;60;62;63;65;66;68;69;71;73;75;78;80;81;83;85;86;87;88;90;94;95;96;97;98;99;100;104;107;109;110;111;113;114;115;117;118;119;120;121;125;127;130;131;132;133;136;137;138;140;141;146;148;151;152;153;154;156;157;161;163;168;169;171;172;173;175;177;179;180;182;184;186;187;191;192;195;198;200;201;203;205;208;214;215;217;218;221;223;224;225;227;228;229;231;238;239;240;241;242;243;245;246;247;249;251;257;258;262;270;271;272;273;275;276;282;283;284;285;287;289;291;293;295;297;298;299;301;302;304;305;307;309;310;311;314;315;316;318;322;323;324;327;329;330;332;336;337;339;340;342;343;344;345;348;349;352;353;357;359;361;362;364;366;370;372;374;377;378;380;382;383;384;387;389;390;391;392;394;397;398;399;401;402;405;409;411;413;414;416;417;419;420;421;422;427;430;431;432;434;437;438;439;440;442;443;444;445;446;449;453;455;459;461;462;463;465;466;470;478;479;482;485;487;489;490;492;493;494;498;499;502;504;505;507;508;512;518;519;523;527;528;529;530;532;534;535;537;538;539;542;544;546;547;548;550;553;556;557;558;559;561;564;565;567;568;570;571;573;574;577;579;581;584;587;588;590;591;593;595;596;597;599;601;603;605;607;611;612;617;618;620;621;622;623;625;627;629;630;631;633;634;635;636;638;639;640;646;647;649;651;652;657;659;662;663;665;666;667;668;675;682;683;687;693;698;700;701;703;704;707;710;711;712;713;715;717;728;731;732;733;736;740;741;747;748;749;751;752;753;754;755;757;758;759;760;761;762;764;767;769;771;772;774;776;777;783;786;787;793;794;797;798;800;802;803;804;808;809;810;811;814;815;817;818;822;823;829;830;834;835;838;840;841;842;845;846;847;848;849;850;851;857;858;860;861;863;868;872;873;884;886;887;888;889;890;891;893;895;897;900;901;902;904;906;907;909;910;911;915;917;922;924;927;929;930;931;935;936;937;938;939;941;942;945;947;948;949;950;952;954;955;956;959;961;963;967;968;969;973;975;978;979;980;981;984;985;988;990;991;992;995;997;999
813;2;3;4;6;7;10;12;14;15;16;18;20;22;24;28;29;30;31;34;36;40;42;43;44;47;48;50;51;54;57;60;64;65;67;69;71;75;76;77;79;82;85;86;90;91;92;95;99;103;107;108;110;112;113;114;116;128;129;130;131;132;133;134;137;139;140;142;145;149;150;151;152;153;154;157;158;159;161;163;165;171;172;174;180;182;183;186;187;189;191;192;193;195;198;200;201;202;206;207;209;211;213;214;215;216;218;219;220;221;223;226;227;231;232;235;236;241;244;246;248;249;251;252;254;256;257;259;260;261;262;263;264;265;272;275;277;279;280;283;285;288;291;292;293;294;295;297;299;301;303;306;311;312;313;314;316;318;319;320;322;323;325;326;327;330;332;334;337;339;343;344;345;348;349;350;351;352;358;361;362;363;368;369;370;371;373;375;376;379;385;386;388;389;394;395;396;397;400;401;402;403;404;406;407;411;412;413;414;416;417;418;422;423;425;426;428;430;433;439;445;446;447;449;455;458;459;460;462;463;464;466;468;469;470;474;480;483;486;487;488;489;491;492;493;498;499;500;503;504;510;511;512;513;516;518;520;526;532;533;534;535;538;541;542;545;549;554;555;556;558;560;562;566;569;570;572;584;587;588;590;591;592;593;594;597;598;599;601;603;604;605;606;613;614;615;617;618;620;621;622;624;625;627;630;631;632;634;635;636;639;640;641;643;644;645;650;652;657;658;659;663;665;668;669;670;672;673;674;675;676;680;682;684;687;699;701;702;703;707;709;710;717;718;719;720;721;726;727;728;729;733;734;735;736;737;738;739;742;747;750;751;752;753;754;756;757;758;759;762;765;767;768;769;771;775;776;777;778;780;783;784;785;786;787;788;789;790;792;795;796;797;798;800;802;805;806;808;810;814;817;821;823;826;828;830;831;833;836;839;841;842;843;845;846;857;860;865;866;867;870;872;873;874;875;876;878;879;880;881;885;886;887;888;890;891;892;893;894;897;900;904;906;910;911;913;917;918;920;923;924;925;926;927;929;934;935;936;937;938;943;944;945;948;949;951;952;954;956;960;962;963;965;967;968;969;973;976;978;980;982;983;984;985;988;989;990;998
814;4;6;14;17;18;20;28;30;31;34;36;38;40;42;45;51;52;53;55;59;63;67;68;71;72;74;77;78;79;82;83;84;87;89;91;92;97;100;103;105;111;114;115;116;118;121;127;128;129;134;135;136;137;138;139;143;144;145;148;152;154;158;162;163;164;167;168;170;171;174;176;177;179;180;182;185;186;188;189;190;191;198;200;202;203;204;205;208;209;210;213;214;215;217;221;224;226;228;232;235;236;237;239;241;243;244;245;246;248;252;254;255;256;257;258;259;260;262;263;264;265;267;270;273;278;279;282;284;286;288;290;291;292;294;295;298;299;302;303;308;309;310;314;318;319;324;325;326;327;328;329;330;332;333;337;340;341;343;345;348;351;352;355;356;360;362;364;365;366;368;369;370;374;379;381;382;389;390;391;392;393;395;396;402;407;408;411;412;417;420;423;424;425;429;431;436;438;439;443;444;447;448;449;453;455;456;457;461;463;465;466;468;469;470;472;474;475;479;480;481;483;486;487;489;490;494;497;503;506;511;512;514;515;516;517;518;520;521;522;524;525;527;528;531;533;536;538;539;541;543;545;547;552;553;554;556;560;563;564;566;568;570;571;577;580;583;585;588;590;593;595;596;597;598;600;601;602;607;609;610;612;613;614;615;616;617;618;620;621;622;624;627;630;632;635;636;640;643;650;653;657;658;660;661;663;670;671;672;674;675;677;678;679;681;683;688;689;690;691;692;694;697;700;701;702;705;708;711;712;717;720;721;722;725;727;730;733;734;736;737;739;740;744;747;749;750;751;753;754;755;756;757;761;764;765;767;775;776;777;778;779;780;782;783;786;787;789;790;791;792;793;795;796;797;799;800;802;804;807;809;810;812;813;816;817;818;819;821;822;823;824;825;828;829;830;832;833;837;838;839;841;842;844;846;848;849;852;855;856;857;859;863;865;867;868;873;875;878;879;885;886;887;889;893;896;899;901;902;904;905;908;911;914;915;916;917;918;926;927;931;932;933;946;948;949;952;953;954;955;959;960;962;964;965;966;970;971;973;975;979;981;983;984;987;988;989;990;991;993;994;995;996
815;1;4;8;9;11;12;13;18;19;20;22;25;26;27;28;29;31;32;36;37;44;45;46;49;50;51;52;54;58;60;61;63;64;65;67;68;69;72;73;76;84;96;98;99;103;105;106;110;114;117;119;120;122;123;124;129;130;131;135;139;141;142;143;145;147;150;152;153;154;156;157;158;160;162;163;164;165;168;175;176;177;178;179;183;186;188;192;193;195;196;198;199;200;202;205;210;213;216;217;219;221;222;223;225;229;234;236;237;239;242;243;246;248;249;250;252;255;256;257;258;260;265;266;267;268;269;270;271;272;276;279;281;283;289;294;295;296;297;299;301;306;308;309;310;311;313;315;316;320;321;322;323;328;329;333;336;338;342;344;346;350;351;352;354;355;356;359;360;362;365;367;370;371;373;374;375;377;383;385;388;390;391;392;394;395;397;400;402;405;406;408;409;412;414;415;416;417;419;421;423;428;430;431;436;437;442;446;448;450;452;455;456;457;458;459;461;462;463;464;467;468;469;470;471;472;474;475;477;478;481;483;484;486;489;490;492;494;495;496;499;500;503;504;505;507;508;509;512;513;514;517;518;520;521;524;526;530;531;533;534;535;536;538;541;543;544;545;546;549;550;551;552;555;558;559;562;564;565;566;568;569;570;572;575;577;579;580;581;583;584;585;586;590;591;593;595;598;599;600;601;603;605;608;609;610;613;616;617;620;623;624;628;629;630;633;635;637;638;640;642;645;646;648;649;650;652;653;654;655;656;658;659;660;668;669;674;675;676;681;688;690;692;693;696;697;702;704;705;708;709;710;712;713;714;715;721;723;724;725;726;728;732;735;736;740;741;744;747;749;750;751;752;754;756;757;758;760;763;764;766;770;771;772;777;779;781;784;788;789;790;791;793;794;795;796;799;804;805;807;809;810;812;816;819;820;821;824;826;828;831;833;834;835;839;841;842;843;844;847;848;852;856;857;858;859;861;862;864;866;875;877;879;882;885;887;889;891;895;896;897;898;900;901;904;905;906;911;912;913;915;918;919;921;922;924;925;928;929;930;932;933;937;939;942;944;946;947;949;951;958;960;961;964;966;971;973;974;980;982;983;986;990;994;999;1000
816;1;9;13;14;15;20;24;26;27;31;32;36;39;40;41;42;44;45;46;49;50;54;55;56;58;59;62;64;66;67;69;71;72;76;77;79;81;82;83;86;87;89;90;91;92;94;95;97;99;102;103;105;106;108;110;111;112;113;114;115;119;120;121;123;126;128;129;130;131;132;135;136;142;143;145;150;151;153;154;155;157;162;163;164;166;167;169;170;171;173;174;176;181;182;184;186;188;190;191;192;195;196;197;200;202;204;205;213;216;218;220;222;223;227;229;230;231;233;236;243;246;247;248;250;251;252;253;255;256;258;259;261;262;263;266;269;271;272;273;276;278;279;281;285;289;290;292;293;295;297;301;302;303;304;305;306;308;309;311;312;314;316;317;319;320;321;322;326;327;328;329;330;331;332;333;335;336;337;339;340;343;345;349;350;352;353;354;359;361;362;366;367;369;370;371;372;373;374;375;376;380;383;384;385;387;388;389;392;396;397;402;404;406;409;410;413;414;415;416;418;421;425;427;428;431;432;433;436;437;439;441;444;446;450;451;453;454;456;457;460;463;464;466;468;469;476;478;480;482;483;484;485;486;487;488;491;492;493;494;495;501;502;504;505;507;509;510;511;512;514;515;516;521;522;523;524;525;528;529;532;536;538;539;542;544;546;549;552;558;559;561;568;571;572;574;576;577;580;581;582;583;585;587;589;590;591;592;593;598;607;608;610;611;613;614;616;617;618;619;620;622;623;624;628;629;631;633;634;636;639;640;643;645;646;649;651;655;656;657;660;663;665;667;668;669;670;673;674;680;681;682;683;684;685;687;689;691;692;694;696;697;698;699;701;705;707;708;709;710;713;714;715;719;720;721;726;728;729;730;731;734;735;736;739;741;742;743;745;746;748;750;752;753;754;757;759;761;762;763;765;766;772;773;778;782;783;786;787;789;790;799;801;802;804;806;811;814;815;817;820;823;826;828;830;832;835;836;837;839;841;842;845;846;847;848;854;855;858;862;863;864;865;866;867;871;872;873;874;875;876;878;879;880;883;886;887;891;893;894;896;897;899;900;901;903;904;907;911;912;913;915;916;917;918;921;922;925;926;927;928;929;930;933;934;935;937;938;939;941;942;944;947;948;951;952;953;955;956;957;961;963;965;967;969;971;972;973;974;976;977;978;980;981;982;983;984;985;991;992;993;995;1000
817;2;6;8;11;12;18;19;20;23;25;26;27;28;29;31;37;42;44;47;49;52;56;58;60;64;65;67;68;76;79;83;86;87;88;90;91;96;97;99;103;104;105;108;109;111;114;117;118;125;126;128;130;131;132;133;134;135;136;140;142;143;145;150;151;152;154;156;157;158;159;161;164;167;168;169;173;180;181;183;184;187;188;192;194;195;197;199;200;201;203;205;206;207;209;211;214;215;219;220;224;226;227;231;233;234;236;237;238;240;242;246;247;248;249;250;251;252;253;254;255;256;257;265;266;267;271;272;274;276;277;282;290;292;294;295;301;303;304;306;308;311;313;314;315;316;318;321;322;323;324;326;331;332;333;335;338;339;340;341;342;345;346;347;350;352;353;354;355;356;357;358;360;361;364;366;368;369;372;375;377;379;380;382;387;388;390;391;392;393;395;399;400;402;404;405;407;413;414;416;417;420;424;426;428;429;430;436;437;439;443;444;446;448;450;452;454;459;460;461;464;467;474;476;484;485;490;491;492;493;495;496;497;499;501;502;503;504;505;508;509;512;513;515;516;520;523;524;526;528;532;533;535;536;537;539;540;541;546;549;550;551;553;556;558;562;563;568;570;571;572;576;577;578;583;584;585;586;594;596;597;599;600;605;606;610;611;612;614;618;620;621;622;623;624;625;627;628;633;634;635;636;638;642;643;644;648;649;651;652;654;655;656;659;662;668;671;678;680;681;684;686;687;689;691;693;694;696;698;700;702;704;705;709;715;716;717;718;721;723;725;726;727;729;730;731;732;735;736;737;738;739;740;741;743;744;747;749;752;753;754;756;757;760;763;767;768;771;774;775;778;780;783;784;788;791;792;795;799;800;802;803;804;806;807;812;813;814;816;818;819;823;826;829;832;833;834;838;841;843;845;846;847;849;850;854;856;857;859;861;862;864;865;870;876;877;878;879;881;883;887;890;891;893;894;896;899;900;902;903;904;906;908;911;912;913;914;916;917;918;920;923;924;927;930;932;937;940;943;944;945;952;953;956;957;958;961;963;964;969;972;973;974;976;978;981;982;983;984;986;987;988;989;990;993;994;995;996
818;1;4;5;6;8;10;11;15;19;20;23;24;28;29;30;31;33;36;38;40;42;50;51;52;55;58;59;61;64;66;69;71;72;73;74;76;80;81;87;89;93;94;95;96;98;100;102;106;114;116;118;122;125;129;130;138;139;140;142;143;145;147;148;149;150;152;153;156;160;164;165;167;169;170;175;179;180;181;182;183;184;185;187;188;192;193;194;196;200;203;204;205;207;208;210;211;212;213;215;219;220;225;227;229;230;231;237;239;246;250;251;253;254;256;259;261;264;265;266;267;268;272;273;274;275;276;279;284;288;289;291;292;293;294;295;296;297;298;300;302;303;304;305;306;309;314;318;320;321;323;324;325;326;327;328;329;330;331;333;334;337;338;340;341;342;345;346;350;352;354;355;361;362;363;364;365;366;369;371;373;374;376;378;379;381;383;384;385;388;390;392;393;394;396;401;403;405;406;407;408;410;411;413;414;418;419;420;422;424;426;427;428;429;431;432;433;434;436;437;438;439;440;442;443;444;447;448;449;452;453;455;456;459;460;462;465;469;470;472;473;474;475;480;481;482;485;487;488;489;494;495;498;499;502;506;514;516;518;519;520;525;526;527;528;529;533;535;537;539;541;542;544;545;546;547;551;552;554;555;557;558;560;562;563;564;567;571;572;573;578;580;581;582;584;585;586;590;594;597;600;602;604;605;606;607;608;609;613;617;622;628;635;636;640;643;644;645;646;647;653;658;661;662;663;668;674;678;679;681;682;683;685;686;691;693;694;695;696;698;699;701;703;706;707;709;710;712;713;716;719;720;722;723;724;725;726;727;728;729;730;732;735;737;738;740;745;746;747;750;753;757;758;759;765;766;767;769;771;772;773;776;777;780;787;789;790;791;792;793;796;797;799;800;801;805;807;810;812;814;817;820;823;827;829;830;833;835;836;837;839;840;843;844;845;846;850;852;855;856;860;861;863;866;867;869;870;871;873;875;877;880;881;884;885;886;890;893;895;896;897;900;901;902;904;908;915;916;918;921;923;924;927;929;937;940;942;944;947;948;949;950;955;957;958;962;966;967;968;970;971;972;973;974;975;976;979;985;988;989;991;994;997;1000
819;1;3;5;9;11;12;13;16;20;22;23;27;29;30;32;33;36;39;40;42;43;46;49;50;51;53;55;56;57;58;60;64;65;66;67;68;70;72;74;75;76;78;79;81;83;84;86;87;88;89;92;94;96;97;100;103;104;107;108;110;114;119;123;124;125;126;127;128;130;132;133;134;136;137;138;139;144;146;148;150;151;152;157;158;159;161;162;163;165;166;170;173;175;177;178;179;180;181;182;183;184;186;190;193;195;197;200;202;204;208;210;212;214;216;217;220;226;228;229;230;232;234;235;238;240;242;243;244;245;248;251;252;255;259;262;264;265;266;269;271;272;274;275;277;282;283;284;286;287;290;291;292;293;294;296;298;299;303;304;306;309;310;311;312;313;314;315;316;321;322;324;329;334;336;337;338;340;341;342;344;345;346;347;348;349;351;357;359;361;366;367;370;372;373;375;376;377;380;382;383;386;387;389;390;391;393;394;395;396;397;399;400;401;403;404;406;407;408;409;410;413;415;416;418;420;422;424;425;428;429;432;434;435;438;439;442;443;444;446;447;448;450;451;452;455;458;459;460;463;464;465;467;469;470;472;477;478;480;482;486;488;490;493;496;497;501;506;508;510;512;513;516;518;520;521;523;525;527;529;532;536;537;538;539;540;541;542;546;549;551;552;555;557;563;566;567;568;569;571;572;573;574;576;577;578;579;580;581;582;586;588;590;593;596;601;605;606;607;610;615;616;617;621;629;632;634;637;639;640;642;644;648;649;650;651;652;655;656;657;660;662;663;664;665;666;667;670;671;672;674;675;676;678;679;682;686;692;693;697;698;699;700;702;704;706;711;714;715;717;718;719;721;722;724;726;727;728;729;730;731;734;735;736;740;741;747;751;760;761;763;768;771;776;777;778;780;782;786;787;788;789;790;798;801;802;803;804;805;807;810;811;814;815;817;821;823;825;827;830;832;833;836;838;839;841;843;844;846;850;852;854;855;859;860;862;864;866;867;870;873;874;877;882;884;889;892;894;895;896;898;899;902;904;907;909;911;912;913;914;915;916;917;919;920;921;922;923;924;928;929;933;936;939;940;942;944;945;946;948;949;951;953;955;957;961;964;965;967;969;970;971;974;975;981;983;985;988;992;993;994;997;998;999
820;1;4;8;9;10;15;16;18;19;20;21;24;27;28;29;31;32;34;40;41;43;45;47;48;50;51;56;61;62;63;64;65;66;68;69;70;71;75;77;78;80;82;83;86;87;89;91;93;94;95;97;99;102;104;106;108;110;117;118;119;120;122;124;125;126;133;134;135;136;139;143;144;146;150;152;153;155;157;161;162;167;169;170;171;172;178;182;184;185;187;188;189;192;193;194;196;197;199;200;206;207;208;209;211;212;213;214;215;216;217;219;222;224;226;229;231;232;233;234;235;236;238;245;250;251;253;254;256;259;260;262;264;267;268;271;274;277;278;280;281;283;285;286;287;288;290;291;292;293;294;295;300;303;304;305;306;309;313;315;317;318;319;320;321;323;325;326;328;330;331;332;335;336;338;341;345;346;347;349;350;351;352;354;355;357;359;360;361;363;364;370;371;374;376;377;378;380;384;385;386;387;389;393;394;395;396;397;398;399;400;403;404;406;407;408;410;415;416;418;420;429;433;434;435;436;440;441;443;444;446;447;448;449;452;456;457;460;463;465;466;470;475;476;478;482;483;484;485;486;491;492;494;495;497;499;500;501;503;504;506;507;514;515;516;518;521;522;526;528;529;532;534;537;539;541;543;547;550;554;555;558;560;562;565;567;570;573;576;577;580;581;588;591;592;596;597;599;604;607;608;610;612;613;614;615;617;619;622;624;625;626;627;629;630;632;634;636;639;641;643;644;648;650;651;652;654;658;659;660;662;663;665;668;669;676;679;680;681;682;686;688;689;692;693;694;696;698;699;703;705;706;709;710;714;716;717;718;719;723;724;726;728;730;732;736;737;739;740;742;744;746;752;756;757;760;763;764;768;770;773;777;778;779;780;781;782;784;785;786;788;789;790;791;793;796;800;801;802;803;804;808;809;811;815;816;818;821;826;827;829;830;831;832;833;834;838;839;840;841;844;845;846;850;851;852;854;855;857;858;860;862;863;864;866;869;871;873;875;877;878;880;881;883;884;886;888;892;893;894;898;899;900;901;903;905;906;907;912;914;916;917;920;921;922;924;925;926;928;931;935;936;938;940;941;946;948;950;952;954;958;959;961;962;963;967;970;974;975;976;977;979;980;981;983;986;987;989;992;994;996;999;1000
821;2;3;6;9;10;12;14;16;17;18;19;20;22;23;25;27;28;29;30;33;40;42;43;44;47;49;50;51;52;57;58;59;64;67;69;74;76;78;79;80;82;89;92;93;97;99;100;102;103;104;105;109;112;114;115;116;118;122;123;124;126;130;131;135;138;141;142;144;145;146;147;148;150;152;153;154;157;159;160;161;163;166;172;173;174;176;177;178;179;180;181;183;184;189;192;193;194;196;197;198;200;201;203;205;206;207;208;210;211;214;215;218;220;225;226;227;228;230;232;234;235;236;237;238;240;241;242;244;246;247;248;249;252;254;257;266;269;273;277;279;280;285;286;287;288;290;291;294;295;297;299;301;302;303;304;305;307;308;310;311;313;314;315;318;319;322;326;329;330;331;333;334;337;338;339;341;344;345;346;348;349;351;354;357;360;361;363;365;368;370;372;373;374;376;377;382;384;386;387;389;390;391;392;399;402;408;410;411;413;414;417;419;422;427;428;429;430;434;435;437;440;442;443;445;447;448;449;456;459;460;461;464;465;466;467;468;473;475;476;478;479;483;484;487;490;493;494;495;497;498;500;501;503;504;506;507;510;512;513;514;515;516;520;521;526;529;532;533;536;537;543;544;547;549;550;551;555;559;561;563;565;566;567;568;569;574;575;578;579;580;582;583;584;585;588;589;591;592;593;594;595;596;597;598;600;601;604;605;616;617;619;623;624;625;627;628;629;631;634;635;636;637;639;641;642;643;644;646;647;648;650;652;655;658;661;662;664;665;666;667;668;669;670;672;674;676;677;680;682;685;686;689;690;693;694;695;697;698;701;702;704;705;707;710;713;715;716;718;720;721;724;725;726;729;730;732;737;738;741;746;749;751;753;754;756;757;758;763;765;766;768;769;770;771;777;779;783;784;786;787;788;789;792;794;795;797;799;800;801;802;803;805;808;810;813;814;815;819;820;823;826;830;831;832;834;836;837;839;842;846;847;849;852;855;856;857;858;863;864;866;867;869;871;873;879;880;881;883;886;889;891;892;895;897;901;903;904;905;906;907;908;910;915;917;918;924;930;931;933;934;935;937;943;944;948;951;952;956;961;963;965;966;968;972;974;975;976;977;979;981;982;983;987;988;990;991;996;997;999;1000
822;2;3;4;5;6;7;8;9;14;16;19;20;22;23;24;25;26;28;29;35;36;37;39;42;43;44;51;55;58;59;60;62;64;65;66;73;76;77;79;80;83;85;88;89;90;91;93;95;97;98;99;100;101;104;105;106;108;109;110;111;114;116;119;120;121;122;124;126;129;131;132;133;134;135;136;137;141;143;144;145;147;148;149;150;152;153;154;156;159;160;161;162;163;164;165;166;168;169;172;173;174;175;176;178;181;182;183;184;185;189;193;196;198;199;202;203;207;210;211;215;216;217;218;219;220;223;224;226;228;229;231;232;234;238;239;240;241;245;247;249;252;255;257;258;260;263;264;267;268;269;272;275;276;277;279;280;286;288;289;292;293;297;299;301;302;303;305;306;308;309;312;313;315;319;322;327;328;330;332;333;336;337;340;342;343;344;349;351;352;355;360;364;366;370;371;373;374;375;376;377;380;381;383;384;385;387;388;389;392;395;396;400;401;403;407;409;410;413;414;415;418;419;420;425;426;427;428;429;430;432;438;443;450;451;452;453;456;468;471;473;474;475;476;477;478;480;481;482;485;487;488;490;492;494;495;496;497;498;500;503;504;507;508;510;511;514;515;516;517;518;520;522;528;530;531;533;535;537;538;539;540;542;543;544;546;547;548;551;553;555;557;558;560;563;565;573;574;575;576;577;578;579;580;581;583;584;585;586;591;594;595;597;598;599;600;601;602;603;605;607;608;609;610;611;616;617;620;621;625;627;628;630;632;636;637;638;640;641;644;645;646;649;650;651;652;658;659;662;664;666;668;670;671;675;676;681;683;691;692;695;697;698;703;704;705;708;713;716;725;727;729;730;732;734;735;737;738;740;741;742;743;744;746;748;752;757;758;760;761;762;764;766;768;771;773;774;776;780;783;790;792;796;798;799;801;804;806;807;812;814;823;824;825;833;834;836;837;838;841;842;851;852;858;861;862;863;864;867;869;871;874;876;877;879;880;881;883;884;885;886;892;898;899;900;901;903;905;908;909;917;919;922;923;925;926;931;932;935;937;938;939;940;941;948;949;950;955;956;957;959;961;963;965;969;970;972;974;975;976;977;979;981;986;987;991;992;993;999;1000
823;3;4;6;7;8;9;11;12;16;18;19;21;23;24;25;26;27;29;30;35;39;40;41;42;45;50;52;53;56;58;60;61;62;63;65;69;70;71;73;74;79;82;83;84;86;90;93;94;98;99;100;102;104;110;113;115;116;118;119;120;121;122;123;124;127;128;129;133;134;135;139;142;143;144;147;148;150;151;152;156;157;160;161;163;166;168;174;175;176;177;178;180;181;182;183;187;188;191;192;193;197;198;199;203;207;210;211;213;215;216;222;223;224;225;226;229;230;233;235;239;242;243;244;245;246;247;249;250;252;253;255;256;259;260;264;266;267;268;271;272;273;275;276;277;278;284;286;288;291;292;295;296;298;300;301;302;303;305;307;308;310;320;326;329;331;332;333;334;337;338;341;343;346;348;350;352;353;355;360;361;362;363;367;368;369;371;372;379;380;382;383;384;386;387;389;390;394;395;397;399;401;404;405;408;409;411;412;413;416;417;418;423;428;430;432;433;434;435;436;437;438;442;443;445;447;448;449;452;454;455;463;466;467;468;470;473;474;475;476;478;479;480;484;489;490;491;494;495;498;501;504;507;509;518;519;520;526;527;529;532;534;536;541;545;546;547;549;551;552;553;554;555;556;559;563;564;565;566;567;569;570;572;573;574;575;578;589;599;600;601;602;603;606;607;610;615;622;623;626;627;628;633;637;641;642;644;647;648;650;651;652;653;658;659;663;667;671;675;676;677;678;679;680;682;683;689;692;693;697;698;699;702;704;707;711;713;714;720;721;724;726;730;731;733;734;736;737;739;743;744;745;746;748;750;751;755;756;758;763;764;766;767;768;769;771;776;777;778;780;782;784;786;787;788;790;793;795;796;798;799;800;803;804;811;812;813;814;816;817;818;819;821;822;826;829;830;831;833;835;839;843;844;845;848;852;854;855;856;858;860;865;866;867;869;873;877;879;880;882;884;885;886;887;888;889;895;900;902;904;906;907;908;910;913;917;918;919;924;926;928;929;930;931;933;934;938;940;941;944;946;950;951;954;957;958;961;962;963;966;968;969;973;974;978;980;981;982;983;985;987;988;993;994;996;997;1000
824;1;5;6;7;8;10;13;14;17;19;20;21;23;24;25;26;31;35;36;38;39;41;43;46;47;48;52;53;57;61;64;68;69;70;71;72;74;76;78;79;85;86;87;89;91;92;94;95;96;97;100;101;105;107;108;111;112;113;121;123;125;126;128;130;132;133;134;136;142;143;145;146;149;150;151;153;154;155;156;157;158;162;163;164;165;166;167;169;173;174;175;177;178;181;182;183;186;188;189;190;192;194;195;197;200;201;202;203;205;206;207;211;213;215;218;219;220;221;223;224;225;227;228;230;231;234;235;239;240;241;242;243;246;247;248;250;252;253;254;255;258;259;260;261;262;263;264;265;268;270;271;272;274;280;284;288;291;292;296;297;299;300;301;302;303;304;307;308;309;312;313;315;317;318;319;320;323;325;326;328;329;330;333;335;338;340;341;342;345;346;350;351;352;354;356;361;363;364;367;368;369;371;374;375;379;381;384;385;387;388;389;391;392;394;395;397;400;402;404;407;409;411;415;416;417;418;419;422;423;426;429;431;433;435;437;439;442;443;444;446;448;449;452;461;462;463;464;466;467;470;471;472;473;474;475;477;478;483;486;490;491;493;494;495;496;498;499;500;501;505;506;508;510;511;516;517;518;519;520;521;527;528;532;534;539;540;541;544;546;552;555;559;564;566;568;569;570;571;573;575;577;578;579;580;581;584;588;589;590;592;594;597;599;600;601;602;603;604;606;608;609;612;616;621;623;624;628;632;634;635;640;644;645;647;650;653;654;656;657;659;660;664;666;667;668;669;671;672;674;675;676;677;679;681;682;683;684;685;687;692;695;697;699;702;703;706;710;712;713;717;718;719;721;723;724;725;728;729;730;731;732;733;734;735;736;741;742;745;746;747;748;749;750;754;756;757;761;763;764;765;766;767;768;774;775;785;788;790;793;794;795;796;799;801;802;803;804;805;808;809;814;815;822;826;833;837;842;844;849;852;855;857;858;860;861;865;867;868;871;872;874;875;877;880;882;885;886;887;889;890;891;896;898;902;904;909;911;913;914;915;916;917;919;920;921;922;924;925;926;927;928;930;931;934;935;937;938;942;943;944;945;947;950;951;954;955;956;963;967;969;975;977;978;980;982;984;987;988;990;991;992;994;995;999
825;1;2;3;7;11;13;15;16;17;19;22;23;27;29;31;33;34;35;38;40;41;42;43;44;45;51;53;54;59;60;61;63;66;67;68;69;71;73;74;76;79;81;83;88;89;91;93;95;98;99;100;102;106;107;109;111;112;113;115;117;118;119;124;125;126;128;130;131;133;134;136;139;143;144;145;147;148;149;154;155;157;158;159;161;162;163;164;166;167;169;174;175;176;177;179;182;184;187;188;189;192;195;196;198;200;203;206;207;208;209;210;211;212;213;216;217;220;225;226;227;230;232;234;235;236;237;239;240;243;244;246;247;249;251;252;256;257;261;262;265;266;268;270;272;273;274;275;278;279;280;282;283;284;289;292;293;294;298;300;301;302;304;305;306;308;313;314;315;316;318;319;322;324;328;330;331;332;333;336;339;343;346;348;349;350;351;357;359;364;365;366;367;368;370;371;373;374;379;380;381;382;383;385;387;388;392;394;395;397;398;399;400;401;402;404;406;410;411;412;415;416;419;420;423;424;426;430;431;440;442;446;447;448;450;451;455;456;459;461;465;466;467;470;473;477;478;480;486;487;489;490;497;499;500;501;503;504;505;506;508;512;515;516;517;521;522;524;525;526;527;528;529;532;533;534;535;537;542;545;549;550;553;554;555;557;559;560;563;565;567;569;571;572;573;574;578;581;582;584;589;590;591;593;594;598;599;602;603;606;608;610;611;612;613;614;615;616;617;618;620;623;624;627;628;629;634;639;640;643;644;645;648;649;650;652;654;657;658;663;665;667;668;670;671;676;678;681;683;685;686;689;691;694;696;697;699;701;702;703;704;705;708;709;711;712;714;715;718;719;720;721;722;723;726;727;734;739;741;742;743;746;748;749;751;752;753;756;758;759;760;761;763;765;766;769;771;773;775;776;778;780;783;785;786;787;793;795;798;802;807;808;809;814;819;822;827;828;830;836;837;839;840;842;843;844;846;848;849;851;854;855;857;858;860;861;866;868;869;870;871;872;873;877;879;881;883;886;887;889;890;891;893;894;897;898;899;906;907;908;909;910;912;913;917;920;923;926;930;931;932;933;934;935;936;937;940;942;943;946;949;950;951;952;953;954;955;959;964;965;968;974;975;979;980;981;982;984;985;987;988;989;992;994;996;999;1000
826;1;3;4;12;15;16;24;28;30;31;32;33;34;35;36;37;42;43;44;45;47;48;53;54;55;56;58;59;61;62;63;65;67;68;69;70;71;73;74;76;78;79;82;85;86;88;92;94;95;96;97;99;107;108;115;116;119;122;127;128;129;131;132;133;136;137;138;139;141;143;149;150;151;152;153;154;157;159;160;162;164;166;167;168;175;176;177;180;181;182;183;184;185;186;187;188;189;191;192;193;197;198;201;205;208;209;217;220;223;225;231;236;238;241;244;245;246;253;254;256;257;261;267;268;269;270;273;274;276;280;285;286;287;288;290;293;298;302;306;308;310;311;312;315;316;317;319;320;321;322;323;325;328;331;334;335;337;338;339;340;341;346;349;351;356;357;358;359;360;361;362;364;367;369;370;373;377;380;382;383;384;386;387;388;390;392;396;397;399;403;405;409;411;413;417;419;420;428;433;435;437;438;441;442;443;444;445;446;447;449;450;451;455;457;460;462;463;467;468;469;470;472;474;475;476;477;478;479;482;484;485;486;489;495;496;498;499;500;502;503;505;506;508;509;511;512;516;517;518;519;520;521;522;525;531;532;534;538;541;544;545;546;547;548;550;555;557;558;559;560;561;563;564;566;569;570;571;574;575;576;579;580;581;582;587;588;591;592;594;595;596;598;600;602;604;605;607;608;611;612;615;616;617;619;621;624;626;628;629;630;632;635;638;640;641;646;647;648;651;655;656;670;673;682;685;686;687;688;689;690;693;694;697;699;700;702;704;705;706;707;708;709;711;712;714;715;718;720;722;723;725;726;727;728;729;730;735;737;739;740;742;747;748;750;751;752;753;757;758;761;763;767;771;775;777;779;781;785;786;787;788;791;792;793;794;798;799;803;804;806;807;808;809;810;811;813;815;816;817;820;821;823;824;827;828;832;834;835;840;843;844;845;847;849;852;853;856;857;858;860;863;864;869;870;872;873;874;875;876;882;883;885;887;888;889;890;892;893;895;896;898;899;901;902;903;905;907;912;920;921;923;926;928;929;932;933;936;937;940;944;946;947;949;950;952;953;954;955;956;960;962;969;971;972;975;977;978;979;980;982;983;984;986;987;991;992;996;998;999
827;1;3;4;11;17;20;22;23;24;26;27;30;32;33;36;37;40;41;47;49;50;52;54;57;59;61;63;65;67;68;69;72;73;74;75;77;80;82;84;89;90;91;92;93;97;98;102;104;106;107;108;109;113;115;116;117;119;121;123;127;130;131;132;133;135;138;140;141;143;146;148;152;153;154;156;157;158;160;163;166;167;168;169;170;171;177;180;182;183;184;191;192;194;195;197;198;199;200;202;206;209;211;212;214;215;218;221;224;226;230;231;233;235;239;241;242;244;246;248;250;251;256;257;258;259;260;262;263;268;269;270;271;273;274;275;277;278;279;281;286;287;288;289;290;291;295;299;301;302;304;305;310;312;314;315;317;318;320;322;323;328;330;331;333;334;335;337;338;340;341;344;347;348;351;352;353;355;356;360;361;362;364;365;368;371;374;375;376;381;382;384;386;390;395;396;397;400;401;403;404;405;406;407;408;409;413;414;415;416;418;421;423;424;425;426;427;428;429;431;432;433;440;441;442;444;445;447;448;449;450;451;452;454;458;459;460;462;463;466;467;468;469;470;475;476;478;479;480;484;485;490;491;493;495;496;498;502;503;509;511;512;513;515;518;520;521;522;524;530;535;536;537;538;540;541;542;543;545;547;549;550;554;556;558;559;560;561;563;564;566;568;574;575;577;578;580;584;585;586;587;588;589;591;595;596;597;598;599;600;604;605;606;607;608;611;612;613;614;615;619;621;622;625;626;628;629;630;633;634;636;637;639;640;644;645;646;648;649;651;652;653;657;659;660;663;672;679;680;681;684;685;688;690;691;692;695;697;698;699;700;701;707;710;711;713;714;716;718;721;728;729;730;734;735;737;739;741;743;746;750;754;762;763;766;767;772;779;781;782;783;788;789;790;792;793;794;795;797;798;800;801;803;804;807;808;809;810;818;819;820;825;826;828;829;832;833;835;837;838;839;841;842;843;844;847;848;850;851;855;857;859;865;868;869;871;872;873;875;878;883;884;885;886;887;889;891;894;895;896;899;900;904;909;912;915;916;919;921;923;924;925;926;927;930;933;935;937;939;940;941;945;946;949;950;951;953;954;955;957;958;959;961;962;963;964;966;968;969;972;973;977;979;980;982;984;988;989;990;991;993;995;999;1000
828;3;8;12;16;20;23;28;29;30;32;33;35;37;38;39;40;49;50;51;52;58;63;67;69;75;76;77;79;80;82;83;84;85;89;91;94;95;98;101;103;107;109;110;111;112;114;119;121;122;123;124;128;130;135;139;141;142;149;150;155;156;159;160;162;163;167;168;169;171;174;178;182;186;187;188;189;197;198;199;200;201;202;203;205;208;211;212;213;214;218;219;221;224;225;227;230;232;233;234;235;238;240;241;243;244;245;246;247;248;253;255;257;258;259;263;264;265;266;267;273;274;275;277;278;279;285;288;290;292;294;296;297;298;302;304;308;309;311;314;316;317;318;319;321;322;327;330;331;334;335;339;340;341;345;349;351;353;355;359;361;362;363;364;366;367;368;373;376;391;393;395;398;401;405;409;411;413;414;416;417;421;423;425;426;429;430;432;433;434;435;436;438;440;442;443;447;450;454;457;458;459;467;469;470;473;475;478;479;481;482;484;486;487;489;492;494;499;502;505;506;507;508;510;513;515;516;517;518;519;520;521;522;523;524;526;527;528;532;534;537;540;541;543;544;548;552;554;557;561;563;566;568;569;570;571;573;574;575;577;578;581;582;583;584;585;588;589;590;593;594;595;598;599;601;604;606;607;609;611;612;615;616;622;623;624;629;631;632;633;634;635;637;641;642;646;647;652;654;656;659;666;669;670;671;672;673;674;678;679;681;682;686;687;688;691;693;694;695;696;697;698;699;700;702;705;706;710;713;716;717;719;720;723;724;726;727;730;735;737;738;739;740;741;742;743;744;747;748;752;753;754;755;756;757;758;762;766;768;771;774;776;777;778;779;780;784;787;789;790;792;793;794;795;798;799;800;802;803;804;805;806;808;809;810;813;814;815;816;825;826;827;829;831;832;833;836;837;840;842;844;845;846;848;849;852;856;859;860;862;863;864;865;869;874;875;876;879;880;882;883;885;887;888;892;893;894;896;897;898;900;904;905;907;908;911;912;913;914;916;917;918;921;922;928;931;932;933;934;935;938;939;942;944;946;948;949;951;953;959;960;966;970;973;974;975;978;979;981;982;984;985;986;987;992;995;997;998;1000
829;1;2;4;5;6;8;10;11;13;15;16;18;19;20;21;22;23;24;26;27;29;30;31;32;35;36;37;38;39;40;42;43;45;46;47;48;50;51;55;56;57;61;63;67;69;70;71;72;74;80;81;82;84;85;86;87;92;93;94;95;97;104;105;106;110;111;112;113;114;117;118;121;122;123;125;126;127;130;132;133;134;136;137;138;141;146;151;153;154;155;156;157;158;160;162;165;167;170;171;172;173;187;188;191;192;194;197;198;200;201;207;209;212;214;219;220;221;222;225;227;230;232;233;234;235;238;242;246;249;250;251;252;255;260;261;262;263;266;267;271;272;279;281;282;283;284;287;289;291;292;293;294;297;301;303;304;305;307;308;309;311;312;314;316;321;322;323;325;326;332;334;337;339;342;344;347;348;349;351;352;353;354;355;359;363;364;365;366;369;370;372;375;376;378;380;381;382;383;384;385;387;388;393;394;395;405;407;408;409;410;411;414;415;416;419;421;424;427;429;431;433;438;441;444;445;447;448;450;451;452;454;456;459;461;470;471;473;474;476;477;478;479;480;483;487;488;489;492;501;505;506;508;510;512;513;514;516;517;523;524;526;527;528;529;531;532;533;535;536;537;541;543;544;548;549;551;552;553;554;556;558;561;562;563;565;567;568;569;572;576;577;578;581;582;584;585;587;592;596;597;600;601;603;606;607;608;610;611;613;614;615;617;620;626;627;635;636;637;639;642;645;646;648;650;652;653;655;657;659;661;662;670;671;672;674;675;678;681;686;690;691;693;694;696;700;701;703;704;706;708;711;712;713;715;724;740;744;745;746;747;748;750;751;755;757;762;763;764;767;771;773;774;775;777;778;779;780;783;784;786;787;789;792;793;795;797;798;799;804;806;807;808;811;812;814;817;818;820;823;827;828;834;837;839;840;842;847;848;849;850;851;855;856;858;861;863;864;865;866;868;869;873;874;875;878;882;884;886;887;892;893;895;898;899;900;904;906;907;908;909;913;916;917;918;920;927;928;929;933;934;935;937;938;940;943;944;949;950;951;953;955;957;963;966;967;968;970;972;973;974;975;976;977;978;979;982;984;987;991;992;993;994;995;996;997;998;1000
830;1;2;4;6;7;14;16;18;20;23;24;26;28;29;30;33;35;36;40;41;42;43;47;48;51;52;53;54;57;58;59;60;74;76;77;78;79;80;84;85;86;89;91;93;94;95;98;99;100;102;105;108;110;111;112;115;117;119;120;121;123;124;126;127;128;130;134;135;136;137;138;140;141;142;143;147;148;152;153;154;156;157;158;159;160;161;163;166;167;173;178;179;183;184;185;187;188;189;193;194;196;197;199;202;205;207;208;209;211;212;218;220;223;224;225;226;228;230;231;232;233;234;235;236;237;239;240;241;242;246;247;249;250;251;259;260;262;263;264;265;268;270;272;274;283;285;287;288;289;292;297;298;300;303;304;305;311;313;316;318;322;323;324;325;327;328;329;330;334;335;336;341;343;345;347;351;357;359;362;363;365;367;368;369;370;372;375;381;382;383;384;385;390;395;398;400;401;402;404;408;410;411;412;414;415;416;417;418;422;423;424;425;426;428;429;430;432;433;434;435;437;438;439;440;441;442;443;444;445;450;454;455;457;458;460;462;464;465;467;471;475;478;479;480;483;485;486;487;490;492;494;495;498;499;504;511;512;514;515;517;518;520;521;522;525;529;533;534;535;536;537;539;541;543;544;545;546;550;551;552;555;556;557;559;561;562;564;566;567;569;571;572;575;576;578;580;581;582;583;586;588;591;593;596;597;598;599;600;601;602;603;606;609;610;611;614;616;617;618;619;621;622;623;624;626;628;629;630;631;632;633;635;641;643;645;646;649;654;655;656;658;659;660;661;662;664;665;670;672;674;675;676;677;684;687;688;691;695;698;699;700;701;702;705;706;708;709;711;713;720;721;722;723;725;728;729;732;735;736;738;739;742;745;746;750;752;754;758;760;761;762;766;768;770;775;780;784;787;788;789;797;798;800;802;803;804;805;806;810;811;812;813;814;816;818;819;820;821;823;825;831;833;836;837;838;839;840;841;843;844;845;846;847;852;853;858;863;869;870;871;874;877;881;882;885;886;888;889;891;893;895;896;899;902;904;906;911;915;917;918;919;920;924;925;927;929;930;932;933;936;939;942;945;947;949;950;951;952;953;955;959;960;961;962;963;966;967;969;972;975;977;978;979;983;985;986;987;988;991;992;993;995;997;999
831;1;2;6;7;8;13;14;15;16;17;19;21;23;24;30;32;34;35;36;37;39;40;42;46;51;52;54;58;59;60;61;63;65;66;69;70;72;73;81;82;83;85;86;87;88;89;92;97;98;99;100;102;105;108;109;110;111;114;116;119;120;122;123;125;126;127;128;130;131;133;134;135;142;143;144;146;147;149;150;151;152;153;154;156;158;160;161;162;163;165;167;169;172;181;182;183;185;186;189;190;192;193;195;197;198;201;202;204;205;206;208;210;215;217;219;222;224;225;227;228;232;234;239;240;241;243;244;245;246;247;248;251;252;255;256;257;259;260;261;268;269;271;272;273;274;277;278;282;285;287;288;289;290;294;295;297;301;306;307;309;312;318;320;322;323;325;326;327;330;331;335;336;338;339;341;343;345;347;348;349;350;353;356;357;358;362;363;364;366;368;369;370;371;372;374;375;376;377;378;379;380;381;383;385;387;389;391;392;394;395;396;398;400;401;403;405;406;407;408;409;410;414;416;417;419;420;421;425;426;428;429;431;434;435;436;438;440;442;444;446;455;457;458;459;460;461;463;464;465;466;467;469;470;471;472;475;477;478;479;480;481;482;484;486;488;490;494;495;497;502;507;508;509;513;515;516;518;519;521;522;524;525;529;531;532;536;540;542;543;544;545;546;547;555;557;559;560;562;563;572;573;576;578;581;584;585;586;588;589;590;591;592;593;594;598;601;603;607;610;614;616;620;622;625;626;627;629;630;631;635;638;639;642;645;646;648;652;654;655;656;657;661;663;665;667;669;670;673;675;676;677;681;682;688;690;691;692;694;700;702;705;707;708;710;711;714;716;719;720;721;722;724;726;729;732;733;738;741;743;745;748;750;751;753;754;757;758;764;766;770;773;774;781;782;785;787;788;789;792;796;797;798;801;802;803;804;807;811;813;815;820;821;823;828;830;834;836;839;841;842;843;846;848;852;853;854;856;858;859;861;862;864;865;866;867;869;870;872;874;877;878;879;881;882;883;884;885;886;888;889;891;892;894;898;899;900;902;903;904;905;906;907;908;922;924;927;928;933;934;935;936;937;939;941;942;943;951;952;953;954;955;962;964;967;968;971;972;973;974;975;977;980;982;986;987;989;990;992;993;994;995;997;998;1000
832;1;7;8;9;15;19;21;24;26;28;29;30;32;33;34;36;37;38;39;43;44;46;47;51;52;53;55;56;59;61;62;63;64;66;67;68;69;70;72;73;74;76;79;83;86;87;96;97;99;101;103;104;105;108;109;110;114;116;117;118;119;120;122;125;126;127;129;130;131;132;133;134;136;137;140;142;146;148;150;151;154;155;158;160;162;163;166;167;170;173;174;175;176;177;180;181;183;186;189;190;192;199;200;201;202;203;204;205;207;208;209;210;211;213;215;216;217;219;220;221;222;223;226;227;229;230;231;232;233;236;237;238;240;241;243;244;245;246;251;252;254;256;258;259;260;261;262;263;266;268;269;271;273;275;276;277;278;281;283;285;286;287;288;290;291;292;294;295;297;298;299;300;301;302;307;308;310;313;315;316;317;318;324;326;327;328;331;333;336;338;339;342;344;346;347;348;349;351;353;355;356;357;359;360;361;363;365;367;370;372;373;374;375;377;378;379;389;390;392;394;395;396;397;398;401;402;403;405;406;408;412;420;423;424;425;426;427;428;431;432;433;434;435;436;437;439;441;442;445;446;450;452;453;454;455;456;458;459;461;462;463;464;468;471;472;473;475;477;478;479;480;481;483;484;488;490;491;494;495;497;499;500;502;505;508;510;511;516;519;522;523;525;532;534;535;538;540;541;543;546;548;550;554;555;556;557;566;567;569;570;571;572;575;578;579;582;583;584;586;587;589;590;593;594;595;596;597;598;599;600;602;605;607;608;609;617;619;620;623;624;627;629;631;632;633;634;636;637;639;642;645;651;654;655;661;662;663;665;666;669;673;674;676;678;682;683;684;686;689;698;700;701;702;703;708;709;710;711;712;713;715;718;719;720;721;722;724;729;731;734;741;742;743;744;746;748;749;751;752;753;754;756;757;761;762;767;768;769;770;771;772;773;774;776;777;778;781;782;784;785;787;788;795;796;797;798;799;800;801;803;806;807;808;814;816;817;819;820;821;826;827;828;837;839;841;843;845;846;851;854;855;858;860;862;863;866;867;868;869;870;874;875;878;879;881;882;883;884;886;889;891;893;895;899;900;902;904;905;906;907;908;910;913;915;917;919;920;921;922;923;924;925;926;928;930;931;933;937;938;939;941;944;946;947;948;950;952;953;956;958;960;961;966;967;971;972;974;975;976;977;979;980;981;984;985;987;990;991;993;995;996;997;999;1000
833;2;4;7;8;9;10;11;12;17;18;19;20;24;25;26;27;28;30;32;33;35;37;41;42;47;48;50;57;59;62;63;64;65;66;67;68;70;73;76;77;80;81;85;86;87;91;93;96;99;101;103;104;106;107;108;112;114;115;116;117;121;123;125;126;127;129;132;133;136;137;138;140;142;144;145;149;150;153;159;163;164;167;168;169;170;173;175;176;177;178;180;181;184;186;187;188;189;190;193;198;200;203;204;207;212;213;214;216;217;218;219;222;223;225;226;227;230;231;235;236;240;245;253;254;257;258;259;261;262;264;265;266;267;268;269;270;273;274;276;278;280;286;288;292;294;297;299;301;302;304;306;309;310;311;312;314;316;317;318;320;321;322;323;327;330;332;333;339;340;341;343;344;345;346;347;348;351;352;353;360;363;367;369;371;372;373;378;379;380;381;383;384;385;389;391;392;393;395;396;401;406;407;412;415;416;418;419;421;422;425;426;430;434;435;436;439;440;441;442;445;449;450;454;457;458;460;461;462;463;465;467;468;471;472;474;476;478;479;482;488;489;490;491;492;493;496;498;499;502;505;507;508;512;513;514;515;516;518;519;520;524;525;529;531;532;533;534;535;537;538;539;543;544;545;548;549;551;552;554;555;556;558;560;564;565;566;567;573;582;584;586;587;590;591;592;594;598;599;601;607;609;612;616;620;621;622;625;626;627;628;629;630;633;636;639;642;645;647;648;650;651;653;654;655;663;665;667;668;669;670;676;679;680;681;686;687;688;690;691;692;693;694;699;702;703;704;705;706;707;708;712;713;714;717;720;722;724;725;728;729;733;739;740;751;752;753;754;755;756;757;766;768;772;774;775;777;778;779;781;782;783;784;785;788;789;791;794;797;799;800;801;803;804;807;810;811;813;814;815;817;818;819;820;822;823;824;827;828;830;837;838;839;842;844;845;846;847;848;849;851;852;853;854;855;856;858;859;860;861;862;863;864;867;868;869;873;874;876;877;879;881;883;884;885;887;890;892;893;895;898;899;900;901;903;908;909;912;914;916;921;922;925;926;928;930;931;932;933;934;935;936;939;940;941;945;948;949;950;951;955;957;962;966;967;968;969;974;976;977;978;980;981;982;983;984;987;989;990;991;992;996;997;998;1000
834;1;3;4;5;8;9;10;11;12;15;17;19;22;28;31;33;38;40;41;42;45;46;48;49;56;57;59;66;67;68;69;70;71;73;75;77;81;82;88;89;92;93;94;95;98;100;102;106;108;110;112;115;117;124;125;127;128;129;130;131;133;134;135;136;137;138;141;143;151;152;153;155;156;157;160;161;162;165;166;167;176;178;185;186;188;189;190;192;194;196;197;198;199;200;205;206;209;211;213;214;216;218;219;222;223;226;230;231;235;236;239;240;242;244;245;247;257;260;262;263;264;265;267;268;269;270;274;275;276;277;279;282;286;287;288;289;290;295;298;300;301;302;303;304;305;307;308;310;313;315;317;318;319;323;324;327;328;329;331;332;333;334;335;336;338;342;345;350;352;359;361;362;364;365;367;368;372;373;374;375;376;377;379;380;382;385;390;391;394;396;397;398;399;400;401;404;405;407;408;410;414;419;421;422;423;424;425;426;432;433;434;435;436;439;442;446;447;449;450;452;454;455;456;457;461;462;464;465;466;467;469;470;472;474;475;477;481;482;483;488;496;497;498;499;508;509;511;512;513;514;515;516;518;519;522;525;526;527;533;534;535;536;537;538;540;541;543;544;545;546;548;550;552;553;554;557;559;561;563;566;567;569;570;571;573;575;577;578;579;581;582;583;586;588;589;590;593;594;597;601;609;610;611;612;614;616;617;619;620;621;622;624;626;630;632;634;636;637;641;642;643;645;646;647;651;653;654;657;658;660;661;665;666;667;671;672;673;677;678;682;683;686;687;688;689;691;694;696;697;700;702;703;705;708;711;712;713;715;716;720;721;723;727;730;731;733;734;736;738;739;742;746;748;749;752;754;755;757;758;760;761;762;764;766;769;772;776;777;780;782;785;787;788;789;790;791;792;793;796;797;799;802;806;807;808;809;812;815;817;820;821;822;826;829;831;838;839;840;841;844;845;846;847;849;854;856;857;859;860;862;865;866;871;874;876;877;880;881;883;884;886;888;892;893;895;896;897;898;902;905;906;907;909;911;913;915;917;918;920;923;924;926;929;931;933;936;939;941;943;945;949;951;952;960;961;962;963;965;968;969;971;972;976;977;978;979;980;981;982;983;984;985;986;987;988;989;993;995;996;999
835;3;5;7;8;14;15;17;21;23;25;26;29;31;32;33;34;38;39;45;46;50;51;55;56;58;59;60;63;67;68;69;70;73;75;77;79;80;83;84;85;86;88;89;90;93;97;98;100;101;102;106;107;111;115;119;120;121;122;126;134;137;139;140;142;145;148;149;151;154;157;160;161;162;163;166;167;173;176;178;180;181;182;183;185;186;187;188;192;195;196;198;199;201;202;204;205;206;207;208;210;212;213;214;215;218;220;222;225;228;229;232;234;239;240;244;245;248;250;251;252;253;254;258;260;262;269;270;271;277;279;281;284;286;287;288;293;294;297;304;305;308;311;313;314;315;316;317;318;319;320;323;325;329;331;335;337;338;342;343;346;349;350;353;359;360;361;364;365;367;368;369;372;374;379;380;383;385;386;387;388;389;390;391;392;399;400;401;402;403;405;406;407;408;411;412;414;416;417;418;421;426;427;430;432;434;437;440;441;445;446;447;450;451;453;455;457;459;460;463;464;465;470;472;474;475;476;478;479;480;481;482;487;491;492;493;494;496;497;500;504;505;506;507;510;511;515;517;518;519;521;522;525;526;527;530;531;538;539;540;544;545;546;547;549;551;552;553;554;555;557;559;562;563;564;565;566;567;568;569;571;572;575;576;580;585;586;588;590;591;592;593;599;600;601;605;606;608;609;610;611;612;613;614;615;616;622;624;625;627;628;629;633;634;637;638;642;643;646;647;648;651;652;653;656;657;659;665;666;667;668;669;671;676;678;679;680;684;686;687;688;692;693;695;697;700;703;705;707;710;711;712;715;716;722;726;730;731;732;733;735;736;739;741;742;745;746;747;749;752;753;754;755;756;757;758;760;761;763;766;768;770;771;775;777;779;785;787;790;791;792;799;801;806;812;815;816;818;823;826;827;840;842;843;846;847;850;852;853;855;856;858;861;862;866;868;872;874;878;882;884;887;888;894;897;904;907;909;910;911;913;919;921;923;924;925;926;927;929;932;934;937;940;941;942;943;945;946;950;951;955;958;959;961;963;964;965;968;969;971;972;976;977;978;979;982;985;986;995;999
836;6;7;8;9;10;11;12;14;15;17;18;20;21;22;23;24;26;32;34;36;38;39;40;42;45;46;50;51;52;55;56;57;59;64;66;68;69;71;75;76;78;79;80;81;82;86;87;89;90;91;93;94;95;96;98;99;100;101;104;107;108;109;113;114;116;117;119;121;122;127;128;133;135;136;139;141;143;144;145;149;151;152;153;155;156;157;158;159;160;164;165;166;167;168;170;171;172;173;174;177;178;179;180;182;189;194;199;200;203;205;206;207;209;210;212;214;215;218;219;220;221;222;223;224;226;227;228;229;237;241;242;246;247;248;249;250;252;255;256;257;258;259;260;261;262;263;264;265;269;270;273;275;277;278;281;288;291;296;299;300;303;304;306;308;309;310;311;313;315;319;321;322;323;324;325;327;332;333;334;335;336;340;343;344;346;347;348;349;350;351;353;354;355;359;361;364;366;367;368;369;370;372;373;378;379;381;386;387;389;390;392;396;400;403;404;405;407;409;413;415;419;420;421;424;427;428;430;432;438;440;441;443;444;445;446;449;450;451;454;455;457;459;460;461;463;466;467;468;469;472;477;479;480;481;484;486;489;494;495;498;499;503;504;505;506;507;511;512;513;516;522;525;526;527;528;531;532;536;539;545;549;550;552;553;557;564;566;567;570;571;572;575;576;578;581;585;586;587;588;591;594;595;596;597;600;602;603;604;607;609;610;613;614;615;616;617;618;620;622;623;624;625;626;627;628;631;632;636;639;645;647;649;650;651;652;654;655;656;657;658;659;660;662;664;671;672;674;678;681;682;685;687;689;690;693;695;696;697;700;703;704;707;708;711;712;716;717;723;724;725;726;730;733;738;739;741;743;745;746;748;751;752;754;757;759;761;762;764;769;770;774;775;776;780;781;786;788;789;790;794;795;796;800;801;803;804;806;809;810;813;816;818;819;821;822;825;828;830;831;837;841;844;845;849;852;854;855;856;858;862;871;875;876;880;882;883;885;887;888;890;891;893;896;900;901;906;907;908;910;912;914;915;918;920;926;927;928;930;932;935;937;943;944;947;951;952;955;956;958;959;960;961;962;963;965;968;973;975;979;981;983;988;989;991;994;995;999;1000
837;1;2;11;12;13;15;16;17;21;23;24;26;30;33;34;35;36;37;38;42;46;47;49;52;54;56;59;61;64;66;67;75;78;84;85;88;89;90;91;93;95;97;98;99;103;104;105;107;108;109;110;111;112;113;115;117;120;121;129;132;134;136;140;141;142;143;144;145;148;149;151;157;158;160;161;162;163;176;180;182;184;185;187;188;189;193;195;197;198;200;201;204;205;207;208;213;216;218;219;220;222;223;226;228;230;234;235;236;237;238;242;245;250;251;254;256;257;260;261;263;264;265;267;268;269;270;273;275;276;277;278;280;281;282;285;288;289;290;292;294;295;302;305;307;309;311;312;313;315;316;317;318;319;320;321;322;325;327;329;333;334;336;337;338;339;341;342;354;355;357;358;362;363;365;366;367;369;371;373;374;376;377;380;382;384;385;386;387;389;395;396;399;402;404;405;408;410;411;412;413;415;416;419;420;421;424;425;426;427;431;432;433;435;436;437;438;439;443;444;447;451;456;457;458;462;464;465;466;467;468;470;472;473;475;476;481;482;484;485;486;487;494;495;496;498;501;502;504;505;507;508;510;511;513;514;516;519;521;523;526;529;530;532;533;534;537;539;542;544;546;547;548;549;551;552;559;560;563;565;568;571;572;574;575;576;577;578;580;582;584;587;588;590;591;592;593;594;595;596;597;598;599;605;608;611;612;613;614;615;616;618;619;620;623;629;630;633;635;636;637;641;642;643;644;645;646;650;652;654;657;662;664;667;670;671;672;673;674;675;676;677;678;679;684;688;691;694;697;700;701;703;706;708;709;710;716;718;719;722;723;725;727;728;731;733;734;735;737;738;739;740;742;743;744;748;750;752;754;755;757;761;762;766;768;769;770;771;772;776;777;785;786;787;789;794;795;797;799;802;804;805;807;808;810;811;814;816;818;821;822;824;825;827;828;829;830;832;833;836;840;841;842;845;848;851;852;855;856;858;859;860;861;862;863;864;866;867;868;871;872;873;876;877;878;879;881;882;886;888;890;892;894;896;898;899;900;902;904;905;909;911;914;915;920;921;925;927;930;933;934;935;936;937;938;939;943;944;947;949;950;955;956;957;958;961;964;967;969;970;972;973;975;980;981;982;984;985;986;987;988;990;991;993;995;997;998;999;1000
838;2;7;8;9;11;14;17;20;22;24;27;29;30;32;33;34;38;39;40;43;44;45;46;48;49;50;51;52;55;56;59;61;66;67;69;71;72;73;75;77;78;79;80;81;83;84;85;86;87;88;91;93;94;95;97;100;103;104;105;107;108;110;111;112;113;114;116;118;120;122;124;125;129;131;132;133;134;135;136;138;139;142;143;146;147;150;151;152;153;155;159;162;165;166;168;169;170;171;172;175;176;178;179;180;185;186;187;188;189;193;196;198;199;202;203;205;206;209;210;214;215;220;224;226;227;228;229;232;233;239;240;243;246;247;249;258;259;262;263;264;268;272;274;275;276;277;278;280;281;282;283;284;285;286;289;290;291;293;295;297;298;300;301;305;308;311;314;315;316;317;321;324;329;330;332;334;336;341;342;343;347;349;350;352;353;355;358;361;365;366;370;371;372;373;374;380;381;383;386;389;390;391;392;393;394;397;402;406;407;408;409;414;415;416;417;418;419;420;424;425;428;429;431;433;434;436;437;439;441;446;450;451;453;454;457;460;461;464;465;466;469;470;471;472;473;477;479;481;484;487;489;491;492;498;499;504;506;508;510;512;514;515;516;519;520;521;525;528;530;532;535;536;539;541;544;546;553;554;557;558;561;562;566;569;570;571;573;574;576;577;579;581;583;586;592;593;594;595;597;598;599;600;603;604;607;610;612;613;616;618;619;620;621;622;623;624;626;629;630;631;632;634;636;637;638;642;643;644;646;648;651;653;655;656;661;662;663;667;668;672;673;674;676;680;682;683;685;688;689;692;693;697;699;701;702;703;705;706;708;709;710;711;713;714;716;717;718;719;724;727;728;731;732;734;735;736;737;739;740;741;744;749;750;751;754;755;756;760;762;763;765;773;775;778;779;780;785;787;789;790;791;792;793;795;796;797;800;802;804;805;806;809;812;814;817;819;820;822;827;830;833;834;839;840;842;843;848;852;854;856;857;858;861;862;865;866;867;869;873;874;877;878;879;881;882;883;884;885;890;893;896;897;898;899;900;902;904;906;909;912;913;915;917;924;925;928;929;930;931;934;935;937;938;942;946;947;952;953;955;959;961;962;966;967;972;974;977;978;981;982;983;985;986;987;988;989;990;991;992;994;997;998;1000
839;3;4;6;7;9;13;14;16;20;23;26;27;28;29;31;32;33;34;35;36;40;43;45;46;50;53;54;55;56;57;58;59;62;64;65;66;67;70;74;75;77;78;79;80;82;83;84;87;88;89;92;98;99;101;104;106;107;115;116;118;119;120;122;123;124;126;127;128;130;131;132;134;135;136;137;138;142;143;144;145;149;150;151;152;154;158;161;162;165;166;167;169;170;172;176;178;182;183;186;187;188;189;190;196;199;200;205;210;211;213;217;219;220;222;224;227;228;234;237;239;240;241;243;245;246;247;249;251;252;253;255;262;263;266;267;272;273;274;277;278;279;280;282;285;286;290;293;295;296;297;298;299;301;302;304;306;308;309;315;318;322;329;331;332;335;339;341;342;344;345;347;348;349;353;354;355;356;357;359;360;361;363;364;366;369;371;373;376;379;380;383;384;385;386;388;391;392;397;399;401;402;406;408;412;414;415;417;418;420;423;424;426;430;431;433;434;436;440;441;442;444;445;448;451;458;459;460;463;467;468;469;470;475;476;478;479;480;483;484;485;487;488;489;490;492;493;498;499;500;502;503;505;506;508;510;511;513;514;517;518;522;523;530;532;536;537;544;545;546;548;549;550;552;553;558;560;561;567;568;569;572;576;578;580;581;584;586;587;588;590;592;594;598;599;600;604;608;614;615;618;619;621;625;626;627;628;631;632;633;635;636;638;640;643;644;648;650;653;655;656;657;658;659;660;664;665;666;667;672;675;676;677;678;679;681;684;685;687;689;692;693;695;699;701;705;707;709;710;711;716;717;720;721;722;724;727;732;733;734;735;737;740;742;743;744;750;752;753;754;756;760;764;766;767;772;773;774;777;778;783;784;786;788;792;793;795;799;800;801;803;808;809;810;811;813;814;815;816;818;819;820;821;823;825;827;829;830;831;832;833;834;838;842;843;848;849;851;852;856;859;860;866;868;870;872;874;882;883;884;886;889;893;895;896;897;898;899;900;903;904;908;911;913;919;921;922;925;926;931;932;933;934;935;937;938;939;940;941;944;946;947;949;950;952;953;954;955;957;958;960;967;970;971;976;978;981;982;984;990;991;992;993;996;998;1000
840;1;3;4;6;10;11;12;16;19;20;21;23;24;26;29;32;34;38;40;42;43;46;50;51;53;54;55;57;59;61;63;65;67;70;72;73;76;81;89;91;94;97;100;105;106;109;112;116;118;119;123;124;125;126;127;128;129;133;134;135;136;137;138;140;141;142;143;146;149;150;151;152;156;158;159;162;164;167;168;169;172;174;177;179;182;185;186;187;188;192;194;196;201;202;204;208;209;210;211;214;216;218;219;220;221;223;225;226;227;228;229;230;232;233;234;235;238;239;242;243;244;245;246;249;250;251;253;254;257;260;261;267;269;274;276;277;280;281;285;289;291;292;296;299;302;303;305;306;307;309;310;313;318;319;320;321;322;324;325;327;329;331;332;333;335;337;338;339;341;342;345;348;349;350;353;354;356;358;359;363;365;368;372;374;377;378;380;381;382;385;389;392;394;396;399;400;401;404;405;408;410;413;414;415;416;418;419;421;425;426;430;432;433;440;444;445;446;447;449;450;451;454;455;456;457;458;461;462;466;467;468;473;474;476;477;478;479;481;482;483;484;485;486;487;488;489;493;495;497;500;501;502;503;507;509;510;511;512;521;522;524;526;529;530;535;537;539;540;541;542;543;549;555;556;557;558;562;564;565;570;574;575;576;580;586;588;589;592;593;594;596;599;601;603;604;607;609;613;616;619;620;621;622;624;625;626;628;630;631;632;638;639;641;642;643;644;645;646;648;652;655;656;658;659;660;661;663;664;666;667;668;670;671;674;675;677;680;682;683;685;687;689;690;691;694;695;697;698;700;702;703;706;707;708;709;710;711;712;713;715;717;720;722;723;725;726;728;730;731;733;735;737;738;742;743;744;745;747;750;751;753;754;756;757;758;760;762;764;766;773;776;777;778;779;783;785;787;788;798;799;800;801;802;803;806;809;810;811;812;818;820;825;826;828;829;830;834;835;837;838;842;847;848;850;851;852;857;858;861;866;869;870;871;872;874;878;879;882;885;890;893;894;895;896;897;898;899;905;907;908;915;916;919;920;921;922;929;933;934;937;938;939;940;942;943;944;945;948;949;950;951;954;955;956;957;960;961;963;964;965;969;970;972;976;977;983;984;987;989;991;996;997;998;999;1000
841;1;2;3;4;5;6;10;12;13;20;21;22;25;27;30;31;33;34;36;37;38;40;41;42;44;50;56;57;59;61;62;64;68;69;72;74;75;76;78;80;84;85;87;88;89;90;91;95;97;98;101;105;107;108;110;111;113;117;119;122;123;125;127;128;130;132;134;135;136;138;139;142;143;144;147;153;155;157;159;162;165;166;167;169;171;173;174;180;181;182;185;186;187;189;190;195;196;197;201;202;203;205;206;207;209;211;214;215;217;218;219;221;224;226;233;234;240;241;244;253;254;257;259;260;261;262;263;265;267;272;273;276;277;278;279;280;283;291;292;294;296;297;298;299;301;304;306;307;309;310;311;313;316;318;319;321;322;323;325;329;332;333;336;338;339;340;344;349;350;351;355;356;357;360;361;362;363;364;373;376;378;382;385;387;388;391;392;396;397;399;400;401;402;403;404;406;409;413;417;418;419;421;425;426;427;428;429;432;437;438;442;443;446;447;448;450;451;455;456;457;460;462;463;465;466;470;476;477;478;480;481;482;484;487;490;492;498;500;501;502;503;509;510;512;515;516;519;521;522;523;526;529;531;533;534;535;538;541;546;547;551;552;554;559;561;563;565;568;571;572;575;576;577;578;579;580;582;583;584;585;587;588;590;591;597;598;600;601;603;604;605;609;613;616;617;618;619;620;623;630;631;633;634;635;636;639;642;643;644;649;650;652;653;657;659;661;662;665;666;668;671;672;674;678;679;681;682;688;689;690;691;693;694;695;698;701;702;704;707;710;711;712;715;716;717;718;721;722;728;732;734;736;738;740;741;743;744;746;747;748;750;752;753;755;757;759;760;762;764;765;766;768;770;771;773;774;775;776;777;781;784;786;787;788;790;791;792;793;794;795;796;798;799;800;801;804;806;812;813;814;815;816;817;819;820;822;827;830;831;832;834;836;837;843;848;849;851;852;854;856;860;864;867;870;871;872;876;878;881;884;885;886;887;888;890;891;894;897;903;905;906;907;909;913;920;923;925;927;928;931;932;934;935;936;938;939;947;948;949;951;956;957;958;961;965;966;967;969;971;972;974;975;977;978;979;982;983;984;985;988;989;991;994;995;996;997;998;999
842;1;3;4;6;10;11;12;14;15;16;17;20;21;23;25;27;29;30;31;35;36;37;40;41;42;47;48;51;52;53;56;57;59;61;63;64;66;67;68;69;70;71;73;75;76;80;81;82;88;89;95;97;98;99;100;105;108;111;112;113;115;117;118;119;120;122;123;126;127;128;130;131;132;133;135;138;140;143;145;148;149;150;151;152;156;157;161;163;164;166;167;168;170;171;173;174;175;176;177;179;180;185;186;187;188;189;191;192;194;195;196;198;200;201;202;205;206;207;208;209;213;216;217;220;228;229;231;233;235;237;240;241;243;244;245;246;247;249;250;251;253;255;257;259;262;263;265;267;268;269;270;271;272;274;276;281;283;290;291;294;296;299;303;306;307;311;312;314;316;318;320;322;324;326;330;333;335;336;339;341;344;345;349;350;352;353;354;359;360;361;362;363;367;369;373;376;382;383;384;385;386;387;389;392;395;396;397;402;403;404;406;408;410;418;420;422;424;425;426;430;431;436;438;443;444;446;447;448;455;457;458;459;461;463;465;466;467;468;469;470;471;472;475;481;488;489;490;492;493;499;501;502;503;505;513;514;516;517;520;522;523;526;528;532;537;538;540;543;549;550;551;553;554;555;557;558;559;563;564;566;567;569;572;573;574;577;578;580;582;585;586;587;593;594;596;597;599;600;601;603;604;605;606;607;608;609;610;613;615;616;618;619;624;625;626;628;629;632;633;635;636;639;640;646;647;648;649;650;654;655;656;658;659;660;662;664;665;667;668;669;671;676;678;681;685;686;688;689;691;693;694;696;698;700;703;705;706;709;712;714;721;726;728;729;731;732;733;734;739;740;742;744;746;748;750;754;755;756;759;760;765;766;769;770;771;773;774;779;781;783;786;787;788;795;796;797;802;804;805;806;807;808;809;810;812;813;814;815;816;821;822;824;825;827;828;829;831;833;835;837;838;839;840;843;844;845;850;852;854;855;858;860;865;866;868;869;870;872;876;877;880;881;882;884;889;890;891;892;894;895;897;903;907;908;909;913;915;916;917;919;920;921;922;925;927;932;933;936;940;941;942;945;950;951;956;958;962;963;965;968;969;973;975;976;977;978;979;980;982;983;985;986;988;989;991;992;993;995;997;999;1000
843;1;3;8;10;11;13;17;19;21;23;25;28;29;35;38;41;42;45;47;50;51;52;56;59;60;62;65;66;67;68;70;74;79;80;82;83;85;89;93;94;96;98;99;100;101;102;105;106;109;110;118;123;125;126;128;130;131;132;133;134;135;140;142;143;146;147;148;150;152;153;156;157;158;159;160;164;165;169;170;172;174;175;176;177;183;186;187;190;193;196;197;199;202;203;206;211;212;214;217;220;224;226;227;229;232;233;234;236;237;242;243;246;247;249;250;252;253;254;256;257;259;262;263;266;268;271;272;275;276;277;278;279;281;282;283;284;286;288;291;293;296;298;301;307;310;311;312;313;314;315;317;318;323;324;325;329;330;331;332;333;335;337;339;340;341;343;344;346;347;348;349;350;352;355;357;359;362;364;366;368;369;371;372;374;375;377;378;379;381;383;384;385;386;388;394;395;397;399;402;404;406;408;410;411;413;414;415;416;417;418;420;422;423;425;426;428;430;431;432;436;438;440;441;444;445;448;449;452;453;454;455;456;457;458;459;460;461;465;466;468;470;471;472;473;474;475;477;478;481;482;483;486;491;496;497;498;501;503;504;506;508;511;513;517;519;520;525;526;529;530;531;532;533;534;537;538;539;541;544;545;546;548;550;555;557;558;560;564;566;568;570;572;573;574;576;577;579;584;585;587;588;589;590;591;592;593;594;595;596;599;600;601;602;603;604;605;606;607;608;610;611;614;615;616;617;619;621;624;625;626;627;629;630;631;633;638;639;640;641;643;644;647;648;649;658;659;663;666;667;668;676;677;678;679;680;681;689;695;697;699;700;702;703;704;705;707;708;709;710;711;713;714;715;716;718;720;723;725;726;728;730;732;733;736;737;739;740;743;744;746;747;749;750;751;753;755;758;759;764;765;766;767;768;770;772;773;777;778;779;781;783;784;785;786;787;788;789;792;794;795;796;797;798;799;801;804;807;808;809;810;811;813;815;817;818;819;823;825;826;827;830;831;832;835;838;839;841;842;844;848;852;855;856;857;859;860;861;862;863;865;867;868;869;872;874;876;882;883;885;887;889;891;892;895;896;898;899;901;905;907;908;909;912;916;923;925;927;929;934;935;936;941;943;945;946;949;954;962;963;965;966;967;970;971;973;974;976;977;978;979;980;981;984;986;989;991;994;995;996;1000
844;2;5;6;7;14;16;18;19;20;23;26;29;31;32;33;34;35;36;38;39;40;41;42;44;48;50;51;52;53;54;56;57;58;61;63;67;68;69;70;72;73;77;79;81;84;86;91;93;94;95;96;97;98;99;100;105;106;107;110;112;116;121;127;128;129;130;131;133;134;137;140;142;143;144;145;160;161;166;167;168;169;171;172;174;177;178;179;183;184;185;186;190;192;193;194;195;196;199;200;203;205;206;207;211;213;215;219;221;222;225;226;229;230;231;234;238;239;240;242;247;248;249;250;253;254;256;258;259;262;263;266;267;268;269;270;271;273;275;276;277;282;284;286;287;290;292;296;297;299;300;302;303;304;305;306;307;310;311;312;316;317;318;319;320;323;325;326;328;329;330;331;334;335;337;338;340;341;343;347;348;349;351;352;353;354;355;356;357;363;367;368;369;371;372;373;375;376;379;381;382;383;384;385;388;389;390;397;400;401;402;403;404;406;407;409;412;413;415;416;417;424;425;426;427;430;431;433;437;440;441;442;443;447;449;451;452;453;454;458;459;461;465;466;467;469;472;476;478;479;480;481;484;487;488;490;492;493;496;497;498;499;500;502;503;504;506;508;509;513;514;517;519;521;522;523;524;525;526;527;528;529;531;532;535;536;539;540;541;542;547;549;556;560;562;565;566;567;568;570;572;573;574;575;577;578;579;580;581;582;586;588;589;590;593;594;595;596;597;598;601;602;604;605;606;609;610;612;613;614;615;616;618;619;621;624;627;632;633;634;635;638;640;643;645;648;650;651;652;655;656;658;659;664;666;668;671;672;673;675;678;680;682;684;685;686;688;690;691;693;695;696;698;701;703;704;709;710;712;713;714;716;718;721;723;724;725;726;728;741;742;744;746;749;750;752;754;757;758;763;765;766;767;769;770;774;775;778;779;780;782;784;786;787;790;791;793;796;798;799;802;804;805;806;807;811;814;815;818;819;820;823;824;825;826;827;828;830;833;834;836;842;843;846;851;852;853;854;855;856;859;860;861;863;869;870;872;875;877;879;880;882;884;886;887;888;892;894;897;898;900;902;904;906;908;909;910;911;914;917;918;921;922;924;925;928;929;930;931;933;934;935;937;939;940;943;944;946;947;949;950;952;953;954;961;963;966;968;969;970;971;975;978;979;982;983;986;989;991;992;994;996;997;999
845;1;2;5;6;9;11;13;15;16;18;19;22;25;27;28;29;30;31;33;35;36;37;42;43;44;45;46;47;48;50;54;56;57;60;63;64;66;67;69;71;72;73;74;77;78;79;83;84;86;88;94;95;97;102;105;106;107;109;110;111;112;113;114;117;118;119;120;121;122;125;128;129;130;132;133;135;137;138;139;142;143;144;147;149;150;152;154;155;156;157;160;162;163;164;165;168;169;170;171;173;176;178;179;181;182;185;186;193;199;202;203;207;208;209;211;212;213;215;216;217;218;219;222;225;227;233;235;243;244;245;246;248;253;255;256;258;265;268;269;272;273;276;278;280;281;282;285;288;293;294;296;297;298;299;302;305;306;307;309;311;315;316;317;318;319;323;324;325;326;327;329;336;337;338;339;341;342;343;344;347;348;349;350;354;357;358;360;361;363;366;368;369;374;375;377;379;380;382;384;385;386;387;389;391;392;393;394;397;398;401;402;403;404;405;410;411;413;414;415;416;417;418;419;420;422;425;427;429;431;432;434;435;443;447;448;453;454;462;466;468;469;470;471;472;474;477;479;480;481;482;483;485;486;489;490;492;493;494;497;498;501;504;505;507;509;512;513;514;516;517;518;520;521;526;531;534;537;540;541;542;545;546;551;552;553;555;559;560;561;564;567;569;570;571;572;575;577;583;584;585;589;590;593;594;597;598;599;600;601;602;604;608;612;613;615;617;622;623;627;628;629;633;634;635;636;639;642;643;644;648;649;651;652;655;657;658;659;660;661;665;667;668;669;672;673;674;675;676;678;679;681;682;685;686;687;688;689;693;697;700;702;704;706;707;710;711;712;713;716;718;720;723;724;726;727;728;730;733;734;737;739;744;745;746;750;752;753;754;756;757;759;762;763;766;767;769;772;773;774;777;778;779;780;785;787;790;792;795;797;802;804;805;806;807;808;810;812;813;816;817;818;820;823;826;828;830;832;833;834;836;837;842;846;849;853;855;856;857;858;861;864;868;870;871;874;875;877;879;880;881;883;885;889;892;894;896;897;899;901;902;903;904;905;907;910;911;912;915;916;917;918;921;922;927;928;932;934;946;947;948;949;954;957;959;960;961;962;963;966;968;974;978;979;981;983;984;987;989;991;992;994;996;998
846;5;7;8;9;10;11;13;17;18;22;23;26;29;32;35;38;40;42;43;44;46;47;51;52;54;55;56;60;64;65;67;68;69;72;73;75;77;79;82;84;85;87;89;91;92;94;95;96;98;100;103;104;105;108;109;110;113;114;120;121;122;125;126;128;131;133;134;135;137;139;140;143;144;145;146;148;150;152;153;155;156;158;160;161;163;165;168;176;177;180;186;188;189;191;193;194;195;196;198;199;200;201;204;205;206;208;209;211;213;218;219;220;222;223;225;226;228;230;232;233;235;236;237;238;239;240;246;248;250;253;254;255;257;259;261;263;266;267;268;269;271;273;274;276;280;281;282;283;285;286;287;289;291;294;295;296;297;298;300;302;306;307;308;310;311;312;314;317;319;321;323;325;328;331;332;336;339;341;343;345;346;347;348;351;353;358;362;363;364;366;368;370;371;373;376;381;382;383;385;393;394;396;397;398;399;400;404;406;407;409;411;415;416;417;419;421;422;425;426;427;428;436;437;440;441;443;448;449;450;451;452;454;456;457;459;460;461;462;463;465;467;469;470;472;473;479;482;483;485;486;487;490;491;492;500;506;507;509;510;513;515;516;517;518;519;521;522;529;530;533;540;545;546;547;548;550;551;552;553;554;555;556;558;559;561;564;565;571;574;576;577;579;581;587;595;596;598;601;604;605;609;611;614;615;617;618;620;624;625;627;630;631;639;643;644;648;651;652;655;657;658;659;660;664;667;669;670;674;675;676;679;680;683;684;686;687;688;689;690;691;692;693;694;696;697;698;705;706;708;709;711;712;714;716;718;719;721;722;724;725;727;728;729;730;733;734;736;739;740;742;745;748;750;751;752;758;759;762;763;764;765;766;769;770;771;772;773;777;778;779;780;781;782;784;785;786;789;795;798;799;803;804;807;808;810;811;812;813;814;816;817;818;819;820;821;825;828;830;831;832;833;834;835;844;845;848;849;852;853;854;855;859;860;861;866;867;870;871;872;876;877;878;879;880;885;886;889;894;898;899;900;901;903;904;906;907;909;910;917;926;929;936;937;940;944;947;951;953;958;961;962;963;965;966;969;970;971;972;973;974;976;979;983;984;986;987;988;989;990;993;994;996;997;998;999;1000
847;1;3;4;5;6;9;11;14;15;19;21;22;26;27;28;29;30;32;34;36;37;42;43;47;49;50;51;52;53;54;55;56;59;60;62;63;64;66;73;75;77;82;83;85;86;87;89;93;95;98;99;102;103;106;111;112;115;119;120;121;122;123;126;127;128;132;133;134;136;137;139;140;141;147;149;150;151;153;154;155;159;161;162;166;167;169;171;175;179;184;186;187;188;192;193;195;198;200;201;202;207;208;210;216;219;221;224;225;227;229;230;232;233;234;236;238;241;242;243;244;245;246;247;248;249;250;253;256;260;261;262;263;265;268;270;272;274;277;278;279;281;283;285;286;288;289;290;293;296;298;303;308;309;311;313;317;318;319;323;325;329;331;332;333;334;335;337;339;340;341;344;345;346;347;348;351;352;353;356;357;360;361;363;364;366;368;369;370;371;372;376;377;378;380;386;387;389;391;392;393;394;395;396;397;398;401;404;405;406;408;409;410;411;413;417;420;423;424;425;426;428;430;432;433;435;436;437;438;442;443;444;446;448;449;451;452;454;455;456;457;461;462;463;465;466;469;470;471;472;473;475;476;477;478;479;482;483;485;486;489;490;491;492;493;494;495;496;499;504;507;509;511;516;520;522;523;524;525;526;529;531;533;534;535;536;540;542;543;544;545;546;547;548;551;552;554;557;558;560;562;563;564;565;566;567;568;569;570;571;572;577;578;580;581;584;586;588;590;592;593;597;598;599;600;601;602;603;605;606;607;608;610;611;614;615;617;619;621;624;628;630;631;632;633;634;635;637;639;643;644;647;648;649;651;655;656;657;658;659;660;662;664;667;670;671;672;673;675;676;678;680;682;685;686;687;688;690;694;699;700;701;705;707;713;714;715;716;719;720;721;722;723;725;726;727;728;729;730;731;732;733;734;735;736;738;739;740;745;746;747;749;752;753;755;758;759;760;761;763;766;768;769;774;775;777;780;781;782;783;784;785;790;791;795;796;798;803;810;811;812;815;816;817;821;826;827;829;830;833;834;835;840;851;852;853;854;855;859;867;869;872;873;876;877;878;884;889;891;893;894;897;899;901;905;909;911;913;915;916;917;918;925;926;930;931;933;934;938;945;947;950;952;954;955;957;961;963;964;966;967;968;969;974;976;978;981;982;985;989;990;992;993;994;995;996;997;999;1000
848;4;6;7;8;9;11;12;14;16;20;21;22;23;24;25;26;28;29;31;32;34;36;37;38;39;42;43;45;49;52;53;54;55;58;59;60;61;62;63;69;71;74;75;76;79;82;83;84;86;91;92;93;97;99;101;102;104;106;109;113;115;116;119;120;121;122;126;127;128;129;131;132;135;139;144;147;148;149;152;153;155;156;160;162;163;165;168;169;175;176;177;179;181;182;186;188;189;190;194;195;196;197;199;201;204;205;207;209;211;212;214;216;222;223;224;228;229;230;233;235;237;240;245;248;250;253;256;259;260;261;265;267;269;270;278;279;283;285;287;289;290;300;303;306;307;309;311;315;316;319;320;326;329;332;335;337;339;340;341;342;345;346;348;349;352;354;356;358;361;363;365;367;368;369;370;371;375;379;382;385;387;388;390;392;396;398;399;400;401;402;404;407;409;410;412;414;415;417;418;419;425;426;427;428;431;433;436;438;446;447;449;453;456;459;460;462;463;466;467;468;469;471;472;473;474;475;476;477;481;482;483;485;486;488;489;491;492;495;496;497;498;500;501;502;508;511;513;515;516;518;519;522;524;528;529;532;535;536;537;539;540;541;542;543;546;551;553;556;559;562;564;566;570;572;574;577;578;580;587;589;591;592;594;596;598;600;601;602;603;604;605;608;611;612;613;615;616;618;628;631;633;634;637;639;642;643;646;647;648;649;651;652;653;655;656;660;661;664;666;670;671;672;674;675;677;678;680;682;684;685;689;690;691;693;694;695;696;698;701;702;703;704;708;710;711;712;713;714;717;718;719;722;725;727;728;730;735;736;737;741;742;743;745;746;748;749;750;752;753;754;758;759;760;761;768;773;775;776;778;779;782;783;784;786;787;788;789;790;792;793;795;801;804;805;806;810;812;814;815;816;823;825;827;828;829;831;833;837;838;839;840;841;843;846;850;851;852;853;854;855;857;859;860;861;866;869;870;871;873;874;879;881;885;886;887;888;890;891;892;894;895;896;898;903;908;911;912;914;918;924;926;927;929;930;934;935;937;938;939;941;943;944;945;947;949;955;956;957;958;965;968;969;970;973;975;978;979;980;983;988;989;990;991;993;994;996;997;998;999;1000
849;5;8;10;12;14;16;17;18;20;24;25;27;28;29;36;39;42;43;44;45;46;47;48;49;51;52;55;57;63;64;67;69;70;72;73;78;79;84;92;95;97;99;100;101;103;105;107;108;110;112;113;116;117;120;121;123;127;129;130;131;132;133;134;135;137;140;143;147;150;151;153;154;155;156;158;159;161;162;166;167;168;170;171;172;173;174;177;179;180;182;184;185;188;189;190;192;193;195;198;199;200;201;202;203;208;209;210;213;214;215;217;221;222;226;227;228;229;232;233;235;236;237;238;241;242;250;253;256;257;258;261;262;263;264;267;268;271;272;282;287;288;290;291;292;293;294;297;298;300;303;305;306;309;310;312;313;316;317;318;319;322;329;332;335;336;337;338;339;340;342;344;345;346;347;351;353;355;361;362;371;373;374;375;378;379;381;382;384;385;388;389;390;394;395;397;398;399;403;404;407;410;412;413;414;415;417;422;424;428;430;432;435;436;437;440;441;442;443;444;446;447;449;453;457;460;462;467;468;470;471;472;476;477;478;482;485;486;488;489;490;491;493;494;497;498;499;500;501;502;504;506;507;508;509;511;515;516;517;518;523;524;525;526;527;529;530;531;532;537;538;539;541;542;543;544;550;552;554;555;558;559;560;563;564;565;566;571;574;575;577;578;579;580;581;582;583;584;589;590;592;594;597;599;609;610;613;615;616;618;619;620;623;625;626;627;628;630;631;632;633;634;636;637;638;639;640;642;644;645;646;647;654;655;659;663;665;669;671;672;674;676;678;679;681;683;684;688;690;691;693;696;699;706;709;718;720;722;723;724;725;726;729;730;733;734;737;738;740;743;746;748;749;750;751;756;757;758;759;760;762;764;765;766;767;770;771;772;774;775;776;780;784;787;788;791;792;793;794;797;798;800;801;802;803;805;806;807;808;810;811;812;814;817;821;824;825;826;828;829;833;834;836;839;841;845;846;850;857;860;863;864;866;872;875;877;878;882;884;885;886;890;898;900;901;903;905;909;910;912;913;914;915;918;919;923;924;925;928;929;930;931;933;937;940;941;942;943;945;946;949;952;954;956;957;958;959;961;963;964;967;968;969;970;972;973;976;977;982;983;985;986;988;992;995;997;998;999;1000
850;3;6;8;11;13;14;15;16;17;19;20;21;24;26;27;29;31;33;35;36;37;38;41;43;44;45;47;48;49;51;54;55;56;59;60;61;67;70;71;74;76;79;82;83;86;88;92;93;98;99;101;103;104;106;108;109;112;113;116;118;119;123;125;126;127;128;130;131;133;137;139;140;141;142;143;144;145;146;147;149;154;155;156;157;159;160;161;162;163;164;165;167;168;169;170;171;172;174;175;176;179;180;183;186;188;189;190;191;193;194;195;196;197;200;202;206;207;208;209;210;215;218;219;220;222;223;224;225;227;230;232;235;236;237;238;241;242;243;246;247;248;249;253;255;256;259;264;267;271;274;275;276;279;280;281;282;285;286;287;289;293;294;295;298;301;302;304;308;310;312;314;315;316;317;318;320;324;326;329;334;335;336;337;338;340;343;344;345;347;349;356;358;360;361;363;365;370;373;381;383;384;386;388;392;394;396;397;402;403;405;406;407;408;409;411;412;413;414;415;417;420;421;422;427;430;431;432;433;434;435;436;437;440;443;446;447;449;451;455;462;463;465;467;468;469;470;471;472;473;474;475;476;477;478;479;483;486;487;488;489;497;499;500;502;504;505;506;507;508;509;510;513;515;516;517;519;522;523;527;528;529;530;533;535;537;538;540;542;543;545;546;548;549;550;553;559;560;561;563;564;565;566;567;571;574;575;576;577;578;579;581;582;584;588;589;590;591;593;594;596;598;599;600;601;603;606;607;608;610;611;612;614;617;618;620;621;623;624;626;627;632;635;636;637;638;639;640;641;642;643;646;648;653;655;656;658;661;663;668;670;671;672;676;677;678;679;680;681;682;683;684;685;687;691;694;695;696;697;698;699;701;702;703;704;709;710;715;716;717;718;724;725;726;727;728;729;730;731;734;735;740;743;744;745;746;748;751;754;758;759;760;762;765;766;769;774;776;777;778;781;782;783;784;786;790;792;795;798;799;800;803;804;805;806;810;811;812;817;818;819;820;827;829;835;840;842;848;849;852;853;855;858;859;863;864;868;869;871;873;877;878;880;881;882;883;884;885;888;889;894;897;898;900;901;902;903;913;914;916;918;921;923;924;925;926;927;929;930;932;936;937;938;939;943;946;947;948;949;951;955;958;959;961;962;967;971;972;973;974;975;976;977;978;980;981;983;984;985;986;988;992;994;996;998;999
851;1;5;6;7;8;11;15;16;18;21;22;23;25;27;30;32;33;35;36;37;38;39;40;44;46;48;49;51;53;54;55;62;65;66;68;69;70;74;75;79;80;81;85;87;89;91;92;94;96;98;99;102;103;105;108;111;118;119;123;124;125;127;130;132;133;134;137;138;139;140;141;142;144;147;149;150;151;152;153;154;155;156;158;160;162;163;164;166;169;170;171;177;178;181;184;187;193;195;196;198;199;202;205;207;208;210;211;212;213;215;217;224;225;229;230;231;233;234;235;236;237;239;241;242;243;244;247;248;254;256;258;259;260;261;264;266;268;269;270;277;285;286;287;289;290;292;293;294;295;298;299;300;303;308;309;312;316;317;318;319;321;322;326;327;330;334;338;342;344;346;348;354;355;358;360;361;363;364;369;370;371;372;373;376;377;379;381;382;384;386;387;388;390;392;393;395;400;401;402;403;405;406;411;412;414;415;419;421;423;424;426;427;429;433;434;435;437;438;441;443;445;447;449;450;455;459;460;461;462;463;465;466;468;474;475;476;478;479;485;486;487;488;489;491;492;494;497;498;499;500;502;503;505;508;510;511;512;513;514;517;524;525;529;530;535;536;537;538;539;543;544;545;546;547;548;551;552;553;554;556;557;558;559;560;561;562;565;566;568;569;571;573;574;575;577;579;580;583;584;590;591;593;598;601;604;606;607;608;611;614;615;617;618;620;622;624;625;627;628;632;637;638;639;642;644;645;648;649;651;652;653;654;655;658;659;660;661;662;666;669;671;673;675;676;677;678;679;681;682;683;684;685;687;688;689;690;692;694;695;700;704;706;718;719;720;721;723;725;727;730;733;735;736;738;740;741;744;745;746;748;751;753;754;755;762;767;771;776;782;784;785;786;787;788;790;792;793;795;798;800;801;805;806;807;809;810;811;812;820;822;825;827;829;832;833;837;839;840;841;844;847;848;852;855;856;857;859;860;862;868;869;870;871;875;876;878;880;881;882;884;885;887;889;890;894;895;898;903;904;906;911;912;914;917;922;924;928;930;933;934;935;938;939;940;943;944;946;947;952;955;956;964;965;966;967;971;972;975;976;977;979;980;981;983;985;987;989;991;996;1000
852;2;3;5;6;11;13;14;15;17;18;19;20;24;26;27;30;31;33;35;37;38;39;41;45;46;47;48;49;50;51;54;56;62;65;66;67;69;72;76;77;82;84;89;90;91;92;93;94;95;96;97;100;101;104;105;107;108;110;111;112;113;114;115;116;117;119;121;122;124;125;130;132;134;135;136;137;141;143;144;145;148;150;151;152;153;156;160;162;165;166;167;168;169;173;178;179;180;181;184;186;187;188;195;198;200;201;205;206;208;209;212;213;218;219;220;222;224;225;226;227;228;229;230;233;234;235;237;238;241;243;247;251;253;254;255;257;258;259;260;262;265;267;268;269;270;272;273;278;279;281;283;287;288;290;291;297;300;301;303;304;307;310;311;313;314;325;326;327;328;330;335;336;341;345;346;347;350;351;352;354;357;358;359;362;363;365;366;372;373;374;376;381;383;385;386;387;389;390;392;395;396;397;398;399;400;402;403;404;405;407;409;410;412;413;415;416;417;421;425;426;427;431;433;437;440;441;442;445;446;447;448;449;450;451;453;454;456;457;462;463;464;465;466;470;471;473;475;478;479;484;487;488;490;494;495;497;500;501;507;508;516;518;519;524;526;527;528;530;533;535;541;542;545;549;550;553;554;556;558;563;564;565;566;568;569;574;575;577;578;580;583;584;587;589;592;593;594;595;599;600;602;603;605;606;607;608;609;610;612;614;617;620;621;622;623;624;625;626;627;629;631;633;635;636;638;639;641;642;646;649;650;652;654;655;656;657;660;661;662;663;667;670;673;675;676;678;679;680;681;682;688;692;695;698;702;705;706;707;708;711;713;714;718;720;721;727;729;731;732;734;739;740;741;742;747;748;749;751;753;754;756;757;758;759;760;761;762;763;766;767;774;775;776;779;782;784;785;786;787;791;795;801;802;803;804;806;807;808;809;810;811;814;815;818;819;820;821;822;823;824;826;828;830;831;833;835;836;837;838;839;840;841;842;843;844;846;847;848;850;851;853;854;855;856;858;861;864;867;868;869;870;872;873;874;877;879;880;882;884;885;886;887;888;893;895;898;899;901;902;905;907;908;910;914;916;917;918;922;923;927;929;930;935;938;940;942;944;947;951;958;961;962;966;968;969;971;972;973;975;976;977;978;982;983;985;988;990;991;995;997;999
853;1;7;8;12;14;15;17;21;22;24;26;27;29;30;31;33;34;35;37;40;42;44;46;47;50;52;54;56;59;60;64;66;68;69;72;73;76;77;79;83;84;87;88;90;92;96;99;102;106;107;109;115;117;118;119;121;122;123;124;126;127;128;129;134;137;138;139;141;142;143;144;145;146;151;154;155;156;158;159;163;167;172;173;174;179;181;182;183;185;186;188;191;193;198;199;202;204;205;206;207;208;210;212;213;214;215;216;220;222;224;225;226;229;230;236;239;240;241;242;244;245;246;248;249;253;254;256;257;258;259;261;264;268;272;273;275;278;280;284;286;287;288;290;291;292;293;294;297;298;303;305;306;307;311;313;315;316;318;319;321;323;325;327;329;330;331;336;337;338;339;340;341;342;346;347;348;352;355;356;357;359;361;366;367;368;370;371;373;374;375;376;377;382;383;384;385;386;387;389;390;392;393;394;398;400;403;408;410;412;414;415;416;418;420;423;425;426;430;431;436;437;438;439;440;442;447;450;451;454;457;458;460;461;462;464;469;470;472;473;474;475;477;478;479;481;482;483;486;487;492;496;497;498;499;502;503;504;506;508;511;513;516;517;518;519;520;523;525;526;528;531;533;534;536;537;541;542;545;547;548;549;551;553;554;555;556;558;560;561;571;572;573;574;575;576;577;578;580;581;585;586;587;588;590;596;599;600;603;604;605;607;609;611;612;614;615;617;618;620;622;626;627;628;629;632;633;636;637;641;642;648;649;651;652;653;659;662;663;666;667;669;674;676;677;682;683;684;687;691;692;695;696;698;700;701;702;704;705;706;707;709;710;713;714;715;717;719;720;721;723;724;725;727;730;733;734;735;736;739;740;743;745;750;751;752;753;754;755;756;757;758;760;761;762;763;764;767;768;770;771;773;774;775;777;779;780;782;783;784;787;788;790;791;792;795;796;799;801;802;804;805;806;809;810;811;826;830;831;833;835;844;845;846;847;848;850;852;854;855;857;860;862;863;865;867;868;871;876;877;878;882;883;884;886;887;889;892;893;898;899;902;903;907;908;909;917;918;926;927;931;932;935;938;940;941;942;943;944;945;947;950;951;952;954;955;958;959;961;962;964;965;967;968;970;973;978;979;980;983;985;988;990;992;996;997;999
854;1;3;4;5;6;7;9;10;13;14;22;23;24;25;28;32;37;39;40;42;43;45;48;50;52;56;57;58;61;63;64;69;71;72;73;74;76;79;80;83;84;85;86;87;90;91;92;94;95;96;98;99;101;102;103;107;110;111;112;113;115;117;120;121;123;124;128;129;130;132;133;135;137;139;140;142;146;149;150;153;155;164;166;168;169;173;174;178;180;181;183;184;187;188;189;192;194;196;198;199;200;204;205;206;207;210;214;215;219;221;224;228;229;231;234;235;236;237;239;241;245;246;248;251;252;253;256;257;258;259;260;261;263;264;266;267;276;277;279;280;281;283;285;287;288;290;291;293;297;298;299;300;302;303;304;306;307;311;312;313;314;318;319;323;324;325;329;330;335;336;337;341;342;343;344;350;351;352;353;357;358;360;363;364;366;368;369;370;372;373;374;381;382;384;385;386;387;388;389;391;392;395;396;397;398;399;402;403;404;410;412;413;415;418;419;420;421;423;426;427;428;433;435;441;443;445;447;448;449;450;451;452;455;456;457;460;461;462;463;464;465;467;468;470;471;472;479;480;483;486;487;489;490;491;492;494;495;497;499;500;502;503;505;506;507;508;510;514;516;526;527;528;530;531;538;541;542;543;546;547;549;551;552;553;554;556;557;560;562;563;565;566;567;568;569;571;573;574;575;577;578;579;580;586;588;589;590;591;592;594;595;598;599;602;603;604;607;610;614;615;617;619;622;623;624;627;633;637;640;641;642;644;645;646;647;649;651;656;659;664;665;671;672;673;674;675;679;681;682;683;684;686;687;690;691;693;694;695;697;698;699;700;701;702;703;706;707;708;709;710;713;715;716;717;719;720;722;723;725;729;730;731;734;735;737;739;740;741;742;744;746;752;753;755;756;757;760;762;764;767;768;770;771;778;780;782;785;787;788;790;792;795;796;797;798;802;803;804;806;807;816;817;819;820;823;825;831;832;833;834;836;838;841;842;844;846;847;848;852;853;855;858;859;860;862;863;864;867;868;870;871;872;874;875;876;878;880;881;884;885;889;895;900;902;905;906;910;911;912;914;915;916;922;925;930;932;933;934;936;938;940;943;945;946;948;949;951;954;956;960;961;962;964;966;970;975;979;980;982;983;985;988;990;994;996;997;998;999;1000
855;1;2;6;7;9;12;13;14;16;17;18;19;22;24;25;27;29;30;31;32;33;35;37;39;40;42;43;46;48;49;50;51;53;54;55;57;58;59;60;61;63;65;66;68;73;76;79;80;81;84;85;86;90;91;94;95;96;99;101;104;105;107;108;109;110;112;117;123;126;128;129;134;136;140;142;143;144;146;147;148;152;153;157;160;161;164;166;168;171;172;173;174;175;178;180;185;188;192;196;197;198;200;202;203;206;207;209;213;214;218;219;220;222;224;225;226;227;229;231;232;233;236;237;242;243;244;245;248;249;251;252;255;256;258;259;260;261;262;265;266;267;269;276;277;279;280;281;282;283;285;287;290;293;294;295;299;300;302;303;304;305;307;308;311;314;315;319;323;324;330;331;332;333;334;335;336;339;340;343;349;350;351;352;354;355;358;359;361;366;368;369;370;377;379;380;381;383;384;385;386;387;389;393;394;395;397;398;400;401;403;411;412;413;414;419;421;423;424;427;429;431;432;433;435;436;438;441;442;443;444;445;452;453;455;457;460;461;467;468;471;473;474;478;479;480;485;486;488;491;492;493;494;499;501;505;506;507;509;510;511;512;513;514;515;516;518;519;520;522;525;526;527;528;529;530;531;535;536;538;540;544;546;547;550;551;556;557;559;560;562;563;565;571;574;575;579;582;584;585;588;590;591;592;593;594;595;596;598;607;611;613;615;616;618;619;621;622;625;626;629;632;634;636;638;639;640;641;642;643;644;645;646;647;648;649;651;652;653;654;657;660;661;662;663;668;677;679;680;686;689;690;692;693;695;697;698;701;706;707;708;709;711;712;713;714;716;719;721;722;724;727;729;730;731;733;734;739;741;744;745;748;750;751;752;753;754;755;756;758;759;760;761;763;764;766;771;773;774;776;779;781;782;785;786;787;789;790;791;793;795;796;797;798;799;801;802;803;804;811;814;816;818;819;820;821;823;824;825;827;829;832;833;835;836;837;842;843;844;845;846;847;848;850;851;852;853;854;856;859;860;861;862;866;867;875;876;878;881;887;889;892;893;898;903;906;907;908;911;915;917;918;919;923;926;929;933;934;937;941;942;947;953;955;957;960;961;962;963;964;966;969;971;973;974;975;978;980;981;984;985;986;987;988;990;995;999
856;2;3;4;7;8;10;13;15;16;17;18;22;23;27;28;30;31;32;33;34;35;38;40;42;43;44;46;49;52;54;55;58;59;60;63;65;68;69;71;72;74;75;76;77;80;82;83;86;87;89;90;91;92;96;97;99;103;105;107;108;109;111;114;118;120;123;125;133;134;137;139;140;142;146;147;148;149;150;152;154;155;156;157;158;159;163;164;165;172;173;174;175;178;179;181;184;186;187;188;189;190;191;193;196;197;198;201;206;208;215;220;222;223;225;226;227;229;230;231;235;236;238;239;240;244;246;251;252;253;255;256;259;260;262;263;264;265;271;272;273;275;277;278;280;281;283;285;286;288;289;290;291;292;293;294;295;297;298;299;301;302;304;306;307;308;309;310;311;312;313;315;316;318;320;326;327;330;333;334;336;338;342;344;346;350;353;354;356;358;366;367;368;369;371;373;376;377;378;382;385;386;389;394;396;399;400;401;403;404;407;408;409;410;411;414;417;418;428;429;430;433;437;449;450;452;453;454;456;457;459;462;465;468;470;471;475;478;479;481;484;485;486;487;488;489;491;492;494;495;496;498;500;503;504;506;510;513;514;515;517;520;523;525;528;531;533;534;535;536;542;543;544;547;548;551;556;558;559;560;561;562;564;565;569;571;572;575;577;579;585;586;587;588;589;591;592;593;595;597;598;599;600;603;604;612;613;614;615;617;620;621;622;626;629;632;633;634;636;640;643;644;647;651;653;654;655;657;659;660;661;663;664;665;667;668;670;671;672;674;675;678;680;683;687;688;689;690;691;694;695;696;697;698;699;700;701;704;705;708;709;711;714;716;717;718;719;720;723;724;725;727;730;731;733;736;738;739;740;742;743;744;746;747;749;750;752;754;759;762;764;765;767;768;770;772;774;775;776;778;779;781;783;784;785;787;788;789;791;795;797;798;799;800;802;808;809;810;811;814;815;817;818;821;823;826;828;829;831;833;834;835;836;837;838;839;841;843;844;845;851;852;855;857;860;861;862;864;866;870;873;877;878;880;882;884;886;887;888;890;891;892;894;895;897;898;903;904;905;907;908;909;914;917;918;920;921;923;924;925;927;929;931;932;933;934;935;936;937;938;940;942;943;944;945;947;950;951;956;957;962;963;964;965;966;969;973;977;980;981;982;983;985;988;989;991;994;996;997;998;999
857;4;6;8;9;10;11;14;15;16;17;18;20;25;26;28;29;31;33;34;36;39;40;41;42;43;44;48;49;50;53;56;60;61;62;63;65;67;68;69;71;73;76;77;78;79;81;84;86;92;93;94;95;97;100;102;103;106;107;109;110;112;113;114;118;121;126;127;128;129;130;131;134;135;137;139;140;141;142;143;147;151;154;155;158;159;162;164;166;167;169;170;173;174;178;179;180;182;183;184;185;188;195;196;197;199;200;201;205;207;208;209;210;213;215;216;217;220;221;222;223;224;227;229;230;233;235;237;239;243;244;245;246;250;253;254;255;257;258;259;261;262;265;268;269;272;276;277;279;280;283;284;285;286;288;290;293;295;298;299;303;307;308;310;311;313;315;316;317;318;323;324;329;330;331;332;334;336;337;338;339;340;341;342;343;345;347;348;350;352;353;355;358;360;363;364;366;370;371;372;381;384;385;386;391;392;393;395;396;400;403;404;406;408;409;414;415;416;418;420;421;423;424;425;427;429;431;432;435;439;441;443;444;450;451;452;455;456;461;463;464;469;470;473;477;478;480;482;483;484;485;488;489;491;495;496;501;502;505;507;509;510;512;513;516;518;521;523;525;531;532;533;538;539;541;544;549;550;552;553;556;558;559;560;561;562;565;569;571;575;576;578;581;582;584;585;587;589;590;592;593;596;597;598;600;604;605;608;611;612;613;614;618;620;622;623;624;630;632;636;637;640;641;642;643;646;651;655;658;659;660;661;662;664;665;666;667;669;670;671;672;674;677;680;681;682;685;686;687;689;691;696;699;701;702;703;704;705;706;708;709;713;716;717;719;722;724;727;728;729;731;733;734;735;736;737;741;745;746;747;752;753;756;757;763;764;766;767;773;774;778;780;781;782;783;787;789;791;794;798;799;800;804;806;808;810;811;812;813;814;815;817;820;821;824;825;826;827;834;838;840;843;845;848;849;851;853;856;863;865;866;867;869;872;873;875;877;878;879;880;881;884;885;886;887;889;890;892;893;894;895;897;898;899;900;902;908;909;910;911;912;915;916;917;919;921;922;929;930;931;932;933;934;935;937;939;942;944;945;946;948;949;951;954;955;958;959;960;962;967;969;970;971;972;974;975;980;986;989;991;992;993;999
858;1;3;5;6;7;8;9;10;11;13;14;19;21;22;23;24;26;27;31;33;37;40;41;42;43;44;48;53;54;55;56;57;58;59;60;62;63;64;66;68;69;70;71;72;73;74;75;82;84;85;86;87;92;95;96;97;103;104;106;107;108;109;110;111;114;115;117;118;120;121;122;123;124;126;129;130;134;136;137;140;142;143;144;146;147;150;152;153;154;155;156;159;160;164;165;170;172;174;177;180;181;183;185;187;188;189;190;191;192;193;197;198;199;200;203;206;207;208;211;213;214;220;226;229;232;238;239;241;245;250;252;253;254;256;257;258;259;260;262;263;265;268;273;274;275;279;282;283;287;291;292;293;294;295;296;298;299;300;301;302;303;306;308;312;313;316;317;318;320;322;323;333;335;336;337;340;341;342;343;349;357;358;359;360;363;365;366;367;368;370;371;373;375;380;382;383;384;386;387;388;389;390;391;393;394;399;400;402;405;407;408;411;413;414;416;417;420;421;422;424;427;433;434;436;439;440;441;442;443;444;445;448;450;453;456;457;458;461;464;465;467;472;474;478;483;486;488;490;491;492;493;496;497;498;499;501;504;506;508;510;511;514;515;518;520;521;522;523;525;527;529;531;535;536;539;541;543;545;547;548;549;552;554;555;556;557;558;559;560;563;566;570;573;574;575;577;578;579;580;584;586;587;588;589;590;592;597;598;599;602;603;604;605;607;610;611;612;615;616;620;621;622;624;625;626;628;629;634;638;641;644;648;652;653;654;655;657;658;659;660;661;662;664;665;666;667;668;671;672;674;675;677;682;683;686;687;688;689;692;694;697;698;699;705;707;708;709;715;717;721;727;728;729;731;733;737;738;744;745;747;750;751;752;753;754;755;756;757;758;760;762;763;765;768;769;772;774;776;781;783;787;789;790;791;793;795;796;797;798;799;800;802;804;807;808;812;815;816;820;821;822;823;824;825;826;829;830;831;832;833;835;836;837;838;840;842;845;850;852;854;859;861;862;863;864;865;866;867;872;875;879;880;881;882;883;884;887;888;894;895;898;899;900;904;905;908;909;911;916;917;918;919;920;921;923;924;925;927;928;929;934;937;938;940;943;944;946;948;949;950;953;954;955;960;961;964;966;967;971;975;976;977;978;979;980;981;982;983;985;987;989;992;993;994;995;998;999;1000
859;1;4;5;7;9;10;11;16;17;18;20;25;26;28;29;32;34;36;37;39;40;41;42;43;49;51;52;53;54;55;57;58;59;60;61;62;70;72;75;76;77;78;79;80;81;82;84;85;86;88;91;94;95;97;98;99;100;103;104;105;107;109;110;111;112;114;115;117;118;120;122;123;124;125;126;127;128;129;130;131;132;133;134;136;138;139;140;142;146;147;148;150;151;152;153;159;160;162;165;167;168;177;179;180;188;190;192;193;194;195;196;202;205;215;217;220;227;228;229;230;231;234;235;236;238;239;240;242;245;247;252;253;254;257;259;260;262;264;269;270;272;274;277;278;282;283;285;288;289;290;291;293;294;295;296;297;298;299;300;303;305;306;307;309;311;315;316;318;320;321;322;324;329;332;333;335;338;340;341;342;343;344;348;352;356;360;361;362;363;365;367;368;370;371;374;378;380;381;385;386;387;389;391;393;394;396;397;398;401;405;406;407;408;409;412;415;416;417;418;423;424;425;428;429;430;433;434;437;446;447;452;453;456;458;461;463;464;467;468;469;471;472;473;475;477;478;479;483;486;487;489;492;494;495;496;499;500;501;504;505;506;507;508;509;510;511;512;514;515;516;517;520;521;522;523;524;526;529;533;534;536;539;540;541;542;545;547;548;553;555;556;558;560;563;564;565;566;568;569;571;572;574;575;577;580;585;586;589;592;593;594;596;597;599;604;606;607;609;611;615;616;618;619;621;624;626;627;633;637;642;643;644;645;647;650;651;652;653;655;657;658;664;671;673;676;678;679;680;681;683;684;685;686;687;688;692;694;695;696;698;699;701;702;704;707;708;709;711;718;719;721;722;723;724;726;731;732;733;737;738;743;747;748;749;750;753;754;757;758;761;763;764;765;766;767;768;777;783;788;789;791;794;796;797;798;800;801;802;805;806;809;814;815;817;819;827;828;831;833;834;837;839;843;844;846;847;848;850;851;854;855;858;860;862;863;865;867;868;869;870;871;873;877;879;886;888;889;890;894;895;897;898;899;900;901;902;903;904;906;908;909;915;916;919;920;921;928;929;930;932;933;935;941;943;948;953;954;955;957;958;959;963;966;968;969;970;971;972;975;977;979;981;982;983;985;986;989;991;993;994;995;999;1000
860;3;4;6;8;12;13;16;17;18;19;20;24;26;27;28;29;31;32;33;34;36;37;38;39;40;41;43;44;46;47;48;49;55;58;60;61;62;63;64;67;68;70;71;75;76;78;82;84;90;92;95;96;98;99;102;103;110;111;112;115;116;117;118;119;123;124;125;126;129;131;135;136;137;138;139;140;143;144;145;148;150;151;152;153;155;157;159;160;163;164;166;167;171;172;175;180;181;182;183;184;185;186;187;191;192;196;197;198;202;204;207;208;209;211;212;213;214;217;218;220;221;224;227;231;236;237;240;243;244;245;249;250;253;258;262;263;265;267;270;273;275;279;280;281;282;284;285;286;287;288;289;291;292;296;298;299;300;303;304;313;314;318;319;320;321;322;323;324;325;327;328;329;330;334;335;337;338;339;340;341;349;353;354;355;357;358;361;363;370;372;375;376;377;378;379;380;381;382;384;387;388;391;392;393;396;401;403;404;406;407;410;412;413;415;420;426;427;428;430;436;437;442;443;444;446;447;448;449;450;452;453;454;456;460;461;462;463;464;467;468;470;474;475;477;479;480;481;482;485;486;487;488;489;493;494;496;500;501;503;506;508;509;510;513;515;516;519;521;526;529;530;531;533;534;535;537;538;539;540;541;542;546;549;550;552;553;555;556;558;560;561;565;569;570;572;573;578;583;586;588;591;593;599;600;601;603;605;607;608;615;616;621;622;626;628;631;632;634;635;637;638;643;645;646;647;648;649;650;652;654;656;658;659;662;663;664;665;666;667;670;671;672;673;674;678;682;684;687;688;689;694;695;697;698;699;700;703;705;708;709;711;712;716;717;718;724;730;735;737;739;740;745;746;747;748;750;751;752;755;759;764;766;767;775;776;778;781;783;788;793;796;798;800;801;806;808;812;813;818;819;820;823;824;825;826;828;832;833;834;837;839;841;842;843;844;846;848;849;851;853;854;855;856;859;865;866;867;868;870;871;873;874;877;878;880;881;882;885;886;888;894;898;904;906;907;910;912;915;921;922;924;927;928;933;936;938;939;940;941;942;943;944;945;947;948;949;950;953;956;959;960;966;967;968;971;974;976;980;981;983;987;989;992;994;995;998;1000
861;3;4;5;7;8;10;12;14;15;17;20;21;22;23;24;25;26;27;28;29;32;34;35;37;38;39;40;42;43;44;46;48;50;53;56;59;63;64;65;67;68;69;73;75;76;77;81;82;85;86;88;89;91;93;95;98;102;103;108;110;113;117;118;123;124;126;127;130;131;136;137;139;140;141;143;144;145;147;152;153;154;156;164;166;167;169;172;173;175;178;180;183;186;187;188;189;190;194;196;198;200;201;202;204;206;207;208;209;210;211;214;216;217;220;221;222;227;228;232;234;238;240;243;246;248;249;250;251;252;253;256;259;260;262;266;267;269;270;271;274;275;277;278;281;283;284;287;288;293;294;299;300;303;304;305;310;311;312;313;314;315;316;317;319;320;322;326;327;328;330;331;334;340;341;343;347;348;350;355;356;357;358;361;362;363;366;368;369;373;376;377;378;380;381;383;384;385;387;388;389;390;391;396;405;409;411;412;413;415;418;419;420;421;424;428;430;433;434;436;437;438;440;441;442;443;445;446;451;452;454;456;458;459;460;461;467;469;470;471;475;479;480;481;483;484;489;493;494;495;496;502;504;506;509;510;511;516;517;519;526;527;528;529;531;532;534;535;540;542;543;544;546;550;551;552;554;555;556;557;560;561;563;565;568;570;571;572;574;578;579;580;581;583;586;588;590;591;592;595;598;601;605;606;609;615;616;617;618;620;621;622;624;625;626;630;631;633;638;641;643;644;648;649;650;651;652;657;665;666;668;669;670;674;677;678;680;682;684;686;687;690;691;692;694;695;698;702;703;704;705;706;707;709;711;712;713;714;717;719;720;721;724;726;728;729;730;732;736;739;741;743;744;746;750;751;753;758;761;763;767;769;770;775;776;782;784;785;788;789;790;791;792;799;801;804;805;807;808;810;811;812;815;817;818;822;824;825;829;831;833;835;837;838;840;843;844;845;846;848;852;855;856;858;862;863;865;871;872;873;874;876;879;880;884;885;887;889;890;892;895;896;897;898;900;901;903;905;907;908;911;912;916;918;919;920;924;929;931;932;937;939;941;942;943;944;947;948;950;954;955;959;960;962;964;968;970;971;972;977;978;980;981;983;984;985;988;989;990;991;993;994;995;996;998;999
862;1;5;9;11;13;15;16;18;19;20;21;22;25;26;28;29;30;33;34;36;37;39;47;48;51;52;53;56;58;59;60;63;66;70;73;74;75;76;77;81;83;84;85;86;87;88;89;96;99;100;101;106;107;108;111;113;114;116;118;125;126;128;129;130;131;132;136;137;138;139;142;144;148;153;158;161;163;165;167;168;170;171;174;175;177;178;179;181;182;183;184;186;188;191;193;195;197;198;199;200;201;203;205;206;209;210;212;217;218;219;221;224;225;226;229;230;231;232;233;235;237;239;241;243;245;246;247;249;251;252;256;257;262;263;265;266;268;271;277;279;281;282;284;285;287;288;289;290;291;292;295;297;299;300;301;305;306;309;312;317;318;322;325;328;331;333;334;336;338;341;342;343;344;349;354;355;359;363;364;367;368;369;374;375;376;377;378;379;380;383;384;385;387;390;391;392;394;395;396;397;398;400;401;403;405;407;410;412;413;414;415;420;421;422;423;425;426;427;428;429;434;438;440;444;445;449;451;453;455;459;460;462;463;464;465;466;467;468;469;471;472;474;479;483;484;485;486;490;492;493;494;498;499;500;502;503;506;508;509;510;511;515;517;524;525;528;531;534;536;538;542;543;545;547;549;552;553;554;555;556;562;564;567;569;571;572;575;580;583;584;585;586;591;592;593;596;598;599;600;601;602;603;611;614;616;618;619;622;624;627;630;631;632;633;634;637;639;643;644;648;649;650;653;655;657;660;661;662;663;664;665;667;668;670;671;672;673;675;677;678;679;680;681;684;685;686;688;690;691;693;695;696;697;698;699;701;702;705;706;708;709;713;714;715;716;718;719;720;725;728;729;731;737;738;739;742;743;745;746;748;751;752;753;755;756;757;758;762;763;764;765;766;767;770;771;773;776;777;778;780;783;784;786;787;788;789;791;793;794;795;798;801;802;803;807;808;811;815;816;817;819;820;822;828;831;832;833;834;835;836;837;838;843;851;853;854;855;856;858;859;861;864;865;866;867;868;869;870;871;873;877;879;883;889;890;891;893;896;898;899;908;911;912;915;916;919;920;921;923;924;925;929;931;934;935;937;942;944;945;946;948;949;950;953;955;958;963;964;966;967;969;970;971;974;975;976;978;979;980;981;982;983;984;985;987;991;993;997;999
863;1;2;5;8;9;10;11;12;13;17;18;19;20;24;26;27;29;30;31;32;38;41;46;50;51;52;53;54;55;56;57;58;60;62;66;67;70;71;73;78;79;80;85;86;87;89;93;94;95;96;98;101;103;106;108;110;113;114;115;118;119;121;124;126;127;128;130;131;136;139;140;143;145;146;148;153;155;157;158;159;160;162;163;164;165;168;170;171;172;173;175;176;177;181;183;184;185;186;191;192;193;195;196;198;199;200;201;202;203;206;207;208;209;211;216;218;221;224;225;228;229;231;232;235;237;243;244;246;247;248;249;253;254;258;260;261;265;268;269;272;274;275;276;278;281;282;283;284;285;287;289;293;295;297;298;301;302;304;305;306;307;308;310;312;313;314;316;317;318;319;320;325;326;327;329;331;332;333;335;336;338;342;343;344;345;346;348;349;350;355;357;361;364;365;367;371;373;374;377;378;379;380;382;388;389;392;395;397;398;400;402;404;405;406;411;412;414;417;425;427;430;431;432;434;435;436;439;441;446;448;449;450;451;453;454;455;458;459;460;463;465;466;467;471;472;474;475;476;477;478;480;481;483;485;490;491;492;494;497;498;499;502;504;508;510;512;513;515;518;521;526;528;531;532;533;534;537;538;543;545;547;549;553;554;555;559;561;562;563;566;568;569;572;573;578;584;588;591;593;595;597;602;603;604;605;606;607;608;610;611;613;614;616;617;625;627;628;629;632;633;635;640;641;642;644;645;646;648;649;650;651;654;656;658;662;665;668;670;677;678;680;681;682;685;686;692;693;695;696;697;698;700;701;703;704;705;706;707;708;709;713;714;715;719;720;721;722;725;727;730;732;734;735;736;738;739;740;741;743;744;745;748;749;751;755;757;760;762;764;765;767;768;770;771;772;773;774;775;778;781;782;785;786;788;791;792;794;795;796;797;800;801;803;806;808;809;810;811;812;814;816;818;820;821;822;826;828;829;830;832;833;837;843;844;849;850;853;854;857;858;859;861;865;866;867;868;870;874;875;876;879;881;884;887;888;890;894;896;900;904;906;907;909;910;913;914;915;916;918;925;926;927;929;931;932;934;937;938;939;940;942;944;946;948;950;951;952;953;955;956;962;964;967;970;972;977;978;980;981;983;984;990;991;992;993;997;998
864;3;7;9;10;12;15;16;18;19;21;22;23;24;25;26;27;30;31;32;33;37;38;40;42;44;45;49;51;53;54;57;58;59;63;67;68;69;71;74;75;77;78;80;84;88;89;90;91;95;96;99;100;102;108;109;112;113;115;116;117;118;120;123;124;125;130;131;132;133;134;137;140;141;142;144;145;146;147;150;152;153;155;157;158;160;161;162;163;171;172;177;178;181;184;186;188;192;194;195;196;198;199;204;205;206;207;209;211;212;213;214;217;220;223;224;225;226;228;232;233;235;237;240;242;246;248;249;251;252;253;256;258;259;260;261;270;271;275;280;281;283;284;286;289;290;291;292;294;296;297;299;300;301;304;307;308;312;313;314;315;316;319;321;323;324;325;327;328;330;331;333;334;336;340;343;344;345;346;347;348;350;351;352;353;354;355;356;357;358;361;363;365;366;368;371;376;379;380;383;386;392;393;395;396;397;404;406;407;408;409;410;415;416;419;423;429;431;433;434;435;436;439;441;442;443;445;450;452;453;454;456;457;459;460;461;462;463;464;465;466;468;473;475;476;477;479;481;483;486;491;492;493;494;495;496;499;500;501;502;503;505;507;509;510;511;514;515;518;523;524;526;528;529;530;531;533;534;535;536;537;539;540;542;543;545;546;547;549;550;551;552;555;557;558;561;562;564;566;568;572;573;575;576;582;583;584;585;586;587;588;589;590;593;595;596;598;599;602;604;608;611;612;614;617;618;625;626;629;630;632;633;636;639;640;641;642;643;644;645;646;647;648;650;652;653;654;656;659;660;661;663;665;666;668;669;671;674;675;676;677;679;680;682;685;693;694;700;701;704;705;706;707;710;713;719;723;724;725;727;729;732;733;734;736;738;742;747;748;749;751;754;757;759;760;764;767;769;770;771;772;774;777;779;782;786;788;791;792;794;796;800;802;803;805;807;808;811;815;816;817;819;820;821;822;826;828;829;831;833;837;841;845;849;850;852;854;856;858;862;867;869;871;872;876;878;879;880;882;886;887;888;892;893;895;896;897;898;899;900;901;902;903;904;906;908;910;914;915;917;919;920;921;922;923;924;926;927;928;929;930;931;933;935;936;938;941;942;945;948;949;951;953;956;959;961;962;965;966;967;971;979;980;982;986;987;992;993;997;998;1000
865;3;6;7;9;10;16;17;18;21;22;25;26;29;30;31;34;35;37;39;42;43;45;49;50;51;53;55;57;58;62;64;65;67;68;70;72;76;77;78;79;80;81;82;83;84;85;89;91;92;93;95;96;97;98;99;101;105;106;107;110;112;116;118;119;120;121;122;124;126;127;128;129;130;132;135;136;137;138;140;141;142;143;144;149;150;152;155;157;159;162;163;166;167;169;170;171;174;175;176;179;180;182;183;185;186;189;190;191;194;195;198;199;200;201;202;206;210;213;215;218;219;221;222;225;228;229;230;231;234;235;238;240;244;246;247;248;250;251;253;254;258;259;260;261;262;263;265;266;267;268;270;271;276;277;278;281;283;288;291;294;295;301;303;305;308;309;310;316;320;321;323;324;327;334;335;336;337;338;343;344;345;347;348;349;350;351;354;356;357;358;360;361;362;366;367;369;372;376;379;381;382;387;390;391;393;396;397;398;400;401;403;404;405;408;414;418;420;421;422;427;428;432;433;435;436;437;439;442;445;447;448;449;452;460;464;465;469;476;479;480;485;490;491;495;497;498;502;509;510;511;515;516;517;518;521;522;524;525;528;531;532;534;535;537;540;545;546;551;554;556;557;565;566;567;568;569;572;573;574;575;576;578;580;581;583;585;587;588;591;594;595;601;602;604;605;608;614;616;617;618;619;622;623;624;625;628;629;634;641;643;644;645;646;648;652;653;655;656;657;658;659;661;666;667;668;676;677;680;681;685;686;687;692;695;697;699;700;702;705;706;707;708;710;711;713;716;717;720;722;723;724;725;727;728;730;731;733;735;736;738;739;741;743;744;748;749;751;752;756;763;764;766;767;768;774;775;776;780;781;784;785;790;792;794;795;800;801;804;806;810;811;813;814;816;817;823;824;827;828;829;831;834;838;842;843;853;857;858;859;860;861;862;863;867;868;870;877;878;879;884;885;889;891;892;896;898;900;901;902;904;906;908;910;913;914;915;917;918;920;922;923;925;930;932;938;939;940;946;948;949;950;951;952;955;956;957;958;960;962;965;966;969;970;971;973;974;976;978;982;983;984;985;986;988;989;992;993;996;1000
866;1;5;6;7;9;10;11;12;14;15;19;20;21;25;28;30;31;34;35;36;37;38;41;43;44;46;48;49;51;54;59;61;62;64;66;67;69;71;73;76;77;79;80;81;84;87;88;90;91;92;93;95;96;97;102;110;111;112;114;119;120;122;123;124;125;126;127;131;133;135;137;139;141;145;148;150;151;152;154;155;157;159;160;162;164;167;168;170;171;173;174;175;178;179;182;187;188;190;191;192;194;195;196;197;199;200;202;203;204;205;207;209;210;211;212;215;218;219;222;223;224;227;228;232;234;235;237;239;242;245;247;248;249;252;253;255;256;258;259;260;262;263;265;267;269;271;272;274;276;277;278;279;281;286;292;293;297;298;299;304;311;313;314;316;317;320;322;325;326;328;330;331;333;335;337;339;340;341;342;343;345;346;347;350;353;354;356;357;360;363;364;365;366;368;369;370;374;376;379;381;383;384;386;387;389;392;393;394;399;400;401;402;404;405;406;407;412;413;415;417;420;423;430;431;432;433;436;439;440;441;445;447;448;449;451;452;453;454;456;457;459;462;464;465;467;470;474;475;477;479;480;482;483;486;487;488;489;490;492;497;498;499;503;504;506;508;509;511;512;513;514;516;518;519;521;522;526;527;530;532;533;534;536;543;544;548;551;553;554;555;556;558;560;562;563;564;565;568;569;570;571;572;574;578;579;580;583;585;587;588;590;592;593;594;596;601;602;604;606;608;610;611;614;615;619;624;627;633;634;640;644;645;646;648;654;657;658;659;663;666;669;672;679;680;684;686;687;689;690;696;700;701;703;705;706;710;711;712;717;718;719;720;721;724;725;729;731;732;734;735;736;737;740;741;742;743;745;746;748;750;751;754;756;759;762;763;764;765;766;768;769;770;771;774;777;778;779;781;784;785;787;790;794;795;805;807;808;809;813;815;816;818;819;820;821;823;825;829;831;832;834;835;837;838;839;840;842;846;848;849;855;856;857;858;860;862;863;867;868;870;872;873;877;878;880;882;884;885;886;887;888;890;892;893;894;897;898;900;901;903;905;906;908;909;910;911;912;913;916;917;919;921;923;926;928;930;931;933;935;936;937;939;940;943;944;946;947;950;951;952;953;954;956;958;959;960;961;962;963;966;967;968;969;970;971;973;975;976;981;982;986;987;988;990;992;993;994;996;997;998;999;1000
867;1;2;4;5;6;9;11;12;13;17;19;20;22;24;25;27;30;31;33;35;37;38;39;41;44;51;52;55;56;59;61;66;71;74;75;77;78;81;82;83;85;87;88;91;94;97;98;101;102;106;109;110;116;118;119;120;121;122;128;132;134;135;136;137;139;141;144;150;152;155;157;159;160;162;163;165;168;171;177;181;182;184;185;193;195;196;198;199;201;202;203;207;208;210;211;212;213;219;221;223;226;228;230;232;235;236;238;243;244;245;247;248;249;251;252;253;254;256;257;261;265;266;267;268;269;270;271;274;277;278;281;283;284;285;288;289;291;292;293;296;300;301;302;304;308;309;311;313;314;319;321;323;325;329;333;334;335;336;337;340;341;345;346;347;349;351;353;355;361;364;367;368;370;371;372;374;377;383;384;385;387;390;391;392;394;400;402;403;404;405;406;407;408;410;412;413;416;417;420;423;425;428;429;430;431;432;434;437;438;439;441;442;444;448;449;451;452;455;456;457;460;468;470;471;472;473;476;477;481;482;487;490;494;495;499;500;502;503;509;510;511;514;515;516;517;518;519;520;523;525;528;532;533;543;544;546;550;552;555;556;559;562;567;570;571;572;574;575;576;578;579;582;583;588;589;590;591;592;596;597;601;602;606;607;609;615;616;617;619;622;623;626;627;630;631;635;637;642;643;645;646;648;649;650;653;655;657;658;659;663;666;668;671;676;679;680;681;683;684;687;689;690;691;692;693;697;698;699;703;705;708;711;712;713;715;716;718;720;721;725;727;728;730;731;737;738;741;744;745;746;747;748;753;754;755;756;757;758;763;766;767;769;770;775;776;777;779;780;781;784;789;790;793;795;796;799;801;802;803;804;805;807;808;809;810;813;814;816;818;819;821;822;823;824;831;832;833;837;838;841;843;846;847;852;853;854;855;857;858;859;860;862;863;864;865;866;871;873;874;878;879;882;883;884;885;886;889;891;894;895;897;898;902;905;907;908;909;911;915;916;918;921;923;925;926;927;929;930;931;933;935;937;940;941;943;945;946;948;950;954;956;960;962;963;965;966;969;971;972;973;975;981;984;986;988;991;994;995;997
868;1;2;5;6;8;9;10;11;13;15;18;21;27;31;33;34;35;36;37;39;40;45;46;47;50;51;54;56;58;61;62;64;65;68;71;72;73;74;76;77;83;84;85;87;88;90;92;97;99;100;106;108;111;112;117;118;119;120;121;123;126;127;130;131;133;134;135;136;137;138;142;143;144;145;146;148;149;152;154;155;157;158;163;164;165;168;170;175;176;178;179;182;186;187;188;193;195;199;201;206;211;213;214;216;217;218;221;223;224;226;228;233;235;238;239;241;245;246;249;251;252;253;254;255;256;258;259;261;263;264;265;266;267;268;269;270;271;272;273;277;280;281;282;283;284;285;286;288;289;291;292;296;297;300;301;303;306;309;311;312;314;316;317;321;324;325;329;331;332;334;335;338;339;340;342;343;344;345;347;348;349;350;352;354;355;358;361;363;364;368;369;371;374;378;379;380;383;384;387;390;391;392;393;395;397;398;400;407;408;409;410;411;412;414;415;418;419;420;424;426;427;428;431;432;434;435;437;438;441;442;443;444;445;447;448;450;454;455;456;457;459;461;464;469;472;474;476;480;481;482;483;484;485;486;488;489;491;496;497;499;500;501;503;504;505;506;507;511;516;517;521;522;523;524;527;528;529;530;539;540;543;547;550;552;555;558;560;562;563;565;567;568;570;573;577;579;580;583;587;588;591;592;593;595;596;600;603;604;605;606;609;611;613;614;619;620;621;623;624;625;628;629;636;638;640;642;643;650;651;654;656;657;658;659;661;662;664;666;667;668;669;673;674;675;676;678;680;681;682;683;684;686;687;689;690;692;694;695;698;699;700;701;705;706;707;708;710;711;713;715;717;721;724;725;732;733;736;737;738;740;741;742;743;744;745;752;753;760;762;763;765;768;769;770;771;773;775;776;780;783;784;787;788;789;796;797;798;800;803;804;805;809;811;812;814;824;825;827;829;832;833;835;837;839;842;843;845;850;851;852;853;854;859;860;862;863;865;866;869;873;874;877;879;881;882;883;885;886;888;889;890;892;893;894;898;900;901;902;903;906;908;909;915;916;917;923;924;926;933;937;939;940;941;944;945;946;948;949;950;951;953;955;956;958;961;964;965;974;976;980;984;985;987;989;990;991;992;993;994
869;2;3;4;6;7;8;11;13;14;16;17;20;21;23;27;30;31;32;38;40;42;45;47;48;50;51;53;54;55;65;66;67;68;70;71;72;78;79;80;81;84;91;92;94;96;97;98;99;101;107;108;109;110;113;114;118;120;121;122;123;125;126;127;128;132;134;135;136;137;138;140;145;147;148;151;152;154;157;158;159;160;162;165;168;170;171;172;175;180;181;182;183;187;188;190;191;194;195;197;199;200;201;202;203;207;209;212;215;217;221;222;224;226;227;228;229;230;233;235;236;237;238;239;241;243;246;247;248;249;250;251;253;256;258;259;261;267;268;270;272;273;274;278;279;286;287;290;291;293;297;300;301;303;305;307;309;314;315;317;318;319;322;324;326;327;329;333;336;337;340;341;342;343;346;352;353;354;357;358;359;360;362;366;367;369;370;372;373;374;375;376;378;379;380;383;388;390;391;392;393;395;398;399;402;406;408;409;410;411;412;414;415;416;425;428;429;431;432;435;436;437;438;442;443;444;446;447;450;451;455;456;457;459;460;464;467;469;470;471;473;476;477;479;480;481;483;484;485;486;487;488;489;491;494;495;498;501;502;504;512;516;517;520;521;524;525;527;528;529;531;532;536;540;545;546;547;548;550;551;552;554;556;557;562;563;564;565;567;568;572;575;576;577;578;579;580;581;584;586;589;590;592;594;597;602;603;607;609;611;613;614;615;616;618;620;624;625;626;629;630;631;632;633;634;635;636;637;639;641;643;644;647;648;651;654;655;656;658;662;663;665;666;667;668;669;670;671;672;675;682;683;685;686;687;689;691;692;694;696;697;700;706;707;709;712;714;716;717;718;728;729;731;733;735;736;737;741;743;744;746;749;750;751;752;755;756;757;758;764;769;770;773;774;775;782;783;784;785;789;791;792;795;796;798;799;801;806;808;810;818;820;821;822;823;825;826;827;828;829;830;831;832;833;838;840;842;843;844;847;848;850;851;852;857;859;862;864;868;870;871;873;875;876;879;881;882;889;891;893;894;895;897;899;901;903;908;909;914;915;916;917;919;920;924;925;927;928;930;932;934;939;943;944;947;950;951;954;957;958;961;962;965;967;970;971;972;975;976;978;980;982;984;986;988;989;993;994;997;998
870;2;5;6;7;10;11;14;15;17;18;23;24;25;26;31;33;36;38;39;42;43;44;45;48;49;51;52;53;55;56;57;58;62;63;64;67;68;69;70;72;73;75;77;80;81;83;87;88;89;91;92;93;95;97;100;101;102;104;105;107;111;113;116;117;118;119;120;123;124;128;129;130;132;133;134;135;136;138;141;142;145;146;148;150;152;154;155;156;157;163;164;165;166;167;169;174;178;179;180;181;182;184;187;190;193;194;195;197;198;202;203;204;206;208;209;212;213;214;215;216;218;221;222;223;224;225;226;227;228;229;230;231;232;233;234;235;236;238;239;240;241;243;244;246;248;249;251;253;255;256;259;261;264;265;268;270;273;276;278;280;283;284;287;288;289;291;293;295;296;300;301;302;303;304;306;308;309;311;318;326;327;328;329;332;333;335;339;343;346;348;350;353;355;357;358;359;361;370;373;374;376;378;381;382;385;388;392;394;395;396;397;398;399;404;406;407;408;409;410;414;415;420;421;422;425;431;432;433;434;435;438;439;442;444;447;450;452;453;454;459;460;461;462;464;466;469;471;472;474;475;476;477;485;488;494;500;501;504;505;507;511;513;514;515;517;520;521;523;525;527;528;531;532;536;538;541;544;548;549;550;551;552;553;555;556;558;561;565;566;567;568;573;576;578;581;583;585;587;595;598;599;600;603;607;608;611;612;613;614;616;619;620;623;624;626;627;629;634;635;636;638;639;642;648;650;651;653;655;657;658;660;662;665;666;668;669;670;672;673;674;678;680;681;684;685;686;688;689;691;693;694;695;697;699;703;704;705;708;712;715;724;725;726;727;728;730;736;737;738;739;742;744;748;751;752;753;754;757;761;764;767;768;770;771;773;774;775;780;786;788;789;792;793;795;796;797;798;799;803;804;805;809;811;813;817;818;819;825;826;830;831;832;839;840;841;842;844;845;846;848;851;852;854;856;859;860;862;863;865;866;869;872;876;879;880;883;885;887;888;892;896;897;899;900;903;908;909;913;918;921;922;926;929;930;934;935;937;941;947;948;949;950;951;954;955;956;958;960;963;964;966;970;971;972;974;978;980;981;982;983;984;988;989;991;994;996;997;998
871;1;2;4;5;6;7;9;11;13;15;17;20;22;23;25;27;31;34;35;36;41;43;46;50;52;53;54;57;59;60;61;63;65;66;69;70;71;72;73;76;77;79;81;82;83;88;89;90;92;95;96;97;98;99;102;108;109;110;111;118;120;125;129;130;132;136;137;138;140;143;144;147;148;149;151;152;153;154;156;158;159;162;164;165;166;167;170;173;176;177;179;180;181;182;183;184;188;196;198;199;200;201;202;205;206;208;209;211;217;219;220;222;224;226;228;231;235;236;238;239;242;243;247;251;253;255;256;259;262;263;264;265;266;267;269;270;275;276;278;282;283;285;286;288;291;292;294;296;297;298;299;301;302;305;306;308;311;313;315;316;317;321;322;323;325;326;329;330;331;332;333;335;336;337;338;340;341;347;349;351;355;358;362;365;366;367;370;373;375;376;377;381;382;384;387;393;394;396;397;400;401;409;411;413;415;416;417;419;420;421;422;424;425;426;427;428;430;431;433;434;435;436;437;438;440;441;443;444;445;447;448;450;451;453;455;456;457;460;461;465;466;467;468;469;471;472;474;475;476;477;478;479;480;485;486;487;489;490;492;493;494;495;497;499;500;501;502;503;504;505;506;511;512;513;514;515;518;519;521;522;523;527;535;536;537;539;541;543;544;545;547;548;549;550;551;552;553;555;556;558;559;560;562;565;566;568;569;570;571;572;573;574;575;576;577;580;582;583;586;588;590;591;597;598;601;602;604;605;608;614;615;618;621;622;627;628;630;632;633;634;639;640;641;642;643;644;645;648;650;651;652;653;654;655;658;660;662;663;664;667;669;670;672;675;676;677;678;679;680;681;682;683;684;686;687;688;690;691;692;693;696;698;699;700;701;704;705;706;708;709;711;713;718;719;721;725;726;727;731;734;735;737;738;739;740;742;743;744;746;748;750;751;752;755;756;757;758;759;761;762;765;766;769;770;772;774;778;779;782;783;786;787;789;791;792;794;795;796;797;798;801;802;803;808;816;818;820;821;822;824;825;827;830;834;836;837;840;841;845;846;848;850;851;853;854;859;860;861;862;864;867;869;872;876;877;878;879;880;881;883;885;886;889;890;891;892;894;895;896;899;900;902;903;904;908;910;912;914;915;920;921;922;923;924;927;928;929;931;932;934;936;938;940;946;947;948;952;953;954;955;959;961;962;963;964;965;970;971;973;975;976;978;980;982;984;990;991;992;997;999
872;3;4;7;9;12;15;16;18;19;23;26;29;30;31;34;36;38;39;40;41;43;45;46;50;54;58;61;62;67;69;73;75;76;80;82;83;85;89;90;97;98;99;100;102;103;105;106;107;108;109;110;112;113;116;117;118;119;120;121;124;126;128;129;130;131;135;136;137;138;139;140;141;143;145;146;148;151;152;154;156;157;158;159;160;161;162;167;169;171;172;174;175;177;181;185;186;188;189;190;191;194;195;198;200;201;206;207;209;210;214;215;216;218;219;223;224;225;228;233;234;237;238;241;242;248;249;251;252;253;254;255;257;259;260;262;263;264;265;266;269;272;273;276;277;280;282;284;286;288;289;290;297;298;299;300;301;304;305;306;310;311;312;315;316;319;320;322;323;325;327;329;332;333;335;336;337;338;339;340;343;344;345;346;349;350;351;356;359;361;363;365;367;368;370;371;373;374;379;380;381;382;389;390;392;401;402;403;404;407;409;411;414;416;423;424;426;427;428;432;433;435;437;438;441;442;443;444;446;447;448;449;450;451;452;453;454;456;457;461;462;463;464;465;467;470;472;474;475;476;479;481;482;483;484;485;487;488;489;490;492;493;494;497;502;503;504;506;508;509;510;512;513;518;519;520;521;525;527;530;531;534;535;537;538;539;542;544;545;547;548;550;551;552;553;554;558;559;561;562;565;566;577;578;579;580;581;582;583;584;587;590;591;594;595;597;601;609;611;613;617;618;619;620;621;628;631;632;634;635;637;638;639;641;643;646;647;653;654;655;656;657;659;661;663;666;667;673;674;676;677;678;681;683;685;687;688;689;693;694;697;698;699;700;701;706;707;708;712;715;717;718;720;722;723;725;726;728;731;733;735;736;737;739;740;742;745;747;751;753;755;756;757;758;759;762;763;765;766;768;770;772;774;775;776;778;779;780;781;782;786;787;789;790;792;797;798;799;800;801;802;808;811;812;813;816;824;825;826;827;831;835;837;839;840;841;842;843;844;846;847;849;852;854;857;858;861;864;866;870;871;873;874;877;881;887;888;889;890;892;893;894;896;897;899;901;902;903;904;905;906;908;909;910;911;913;915;916;918;919;921;922;924;925;926;928;933;935;940;942;943;944;945;946;948;950;951;953;954;955;959;960;961;964;966;967;971;972;973;975;977;978;979;984;985;986;987;989;997;1000
873;4;5;8;10;15;17;19;20;22;24;25;26;27;29;31;36;38;39;40;44;46;48;50;52;53;54;55;56;60;61;63;64;65;66;68;71;72;79;81;82;86;89;90;92;94;95;96;97;98;99;101;102;103;105;110;113;115;116;117;118;119;122;126;127;128;134;135;137;138;139;140;143;144;146;148;149;151;152;153;154;156;157;158;159;160;164;165;166;167;168;174;175;177;178;179;180;182;183;184;185;187;189;191;192;194;195;197;198;200;202;207;210;212;213;214;219;220;221;222;223;224;226;227;229;233;235;237;238;239;240;241;243;244;248;249;250;252;253;254;257;262;264;265;266;267;268;271;272;273;279;281;285;286;288;294;296;302;303;308;315;316;317;318;319;320;321;323;325;328;329;330;331;332;335;337;339;340;341;342;347;348;349;350;351;352;354;355;356;358;361;362;363;364;366;367;369;370;371;373;374;376;379;380;381;382;383;384;385;386;387;389;391;393;394;395;397;403;404;405;407;408;415;421;423;424;426;428;430;431;432;434;435;436;437;438;441;442;443;445;448;451;453;454;455;458;460;461;462;464;467;469;470;472;473;474;476;477;478;479;481;483;485;486;489;491;493;494;495;497;498;499;501;502;503;505;509;511;512;517;518;519;520;521;524;525;526;527;529;531;532;534;536;540;542;543;545;548;550;551;554;563;564;566;568;569;571;574;575;578;579;580;581;584;586;587;588;593;596;598;599;600;601;602;604;605;608;610;611;613;614;618;622;625;628;629;630;631;633;641;642;644;646;651;652;654;655;656;657;660;662;664;665;667;668;669;675;676;677;678;683;684;689;690;691;697;698;701;702;703;704;705;708;709;711;713;716;724;725;726;728;729;731;733;735;736;739;740;741;746;751;752;755;756;757;758;759;761;764;766;767;768;776;780;785;786;787;788;789;793;794;796;798;799;802;805;806;810;811;812;813;814;816;818;819;820;821;823;825;826;827;829;833;837;838;847;848;850;852;856;857;859;860;861;862;866;867;868;869;872;874;875;876;877;878;882;883;884;889;894;895;899;900;901;902;904;908;909;910;912;913;915;916;919;923;924;925;926;929;930;931;936;937;938;940;944;946;949;950;951;952;954;956;958;959;960;961;962;963;964;966;967;971;972;973;974;976;980;982;983;984;985;987;988;989;990;991;992;993;994;996;997;998;999
874;1;3;4;5;6;8;10;12;13;14;17;20;21;25;27;28;31;35;36;39;40;41;42;43;44;45;47;49;54;56;58;62;66;69;70;71;75;76;77;78;80;83;84;87;88;92;93;94;98;101;102;103;105;107;110;112;113;114;115;116;117;119;120;121;124;127;128;130;131;133;134;135;138;142;143;146;147;148;151;152;153;155;157;159;160;163;164;166;167;168;170;171;173;174;184;185;186;188;189;190;191;195;196;197;200;202;204;206;207;208;209;211;212;214;215;216;218;220;221;230;231;234;238;243;245;246;251;252;254;255;256;260;261;262;263;264;266;267;268;270;271;272;274;275;276;277;279;280;285;286;288;289;292;293;296;297;298;304;305;306;307;309;312;314;318;320;322;323;324;325;326;327;329;330;331;332;333;335;337;338;339;340;341;343;348;349;350;353;356;357;359;362;364;365;366;367;368;369;371;372;374;375;376;379;382;383;384;386;387;388;389;390;391;392;393;394;398;399;402;403;404;408;412;414;415;416;417;418;420;423;424;425;427;429;430;431;433;435;437;438;441;442;444;449;451;454;460;462;467;469;470;471;472;475;476;477;478;479;480;484;488;489;490;492;494;497;500;501;502;504;505;511;515;518;519;520;521;522;524;526;527;529;530;532;536;539;541;542;547;548;550;551;553;555;557;559;561;564;565;568;570;573;574;576;579;582;584;587;588;589;590;591;594;595;596;597;600;601;602;605;606;607;610;611;612;614;615;616;617;619;624;626;628;632;633;636;637;638;639;640;641;644;646;648;652;654;655;657;658;659;660;662;663;664;665;669;671;672;674;675;682;687;688;690;692;694;695;698;699;701;702;704;705;706;713;715;718;719;720;721;724;725;728;729;730;731;732;733;734;735;737;739;740;742;744;748;749;751;752;757;761;762;764;765;767;768;769;773;774;777;779;780;785;786;788;790;791;792;794;798;799;800;801;802;803;804;805;806;809;810;813;816;819;822;824;826;828;829;830;831;832;833;834;835;838;839;840;843;845;848;852;854;860;861;863;867;868;872;873;875;876;880;881;882;885;886;889;891;893;896;897;899;903;904;906;907;908;910;911;914;922;925;927;928;931;933;934;937;938;939;940;942;945;948;950;952;956;959;966;967;968;971;974;975;977;979;980;981;985;986;987;988;990;991;992;993;994;995;997;999;1000
875;5;7;9;10;11;12;14;17;19;20;23;24;28;31;32;34;36;39;44;45;47;49;51;54;56;60;62;63;67;71;73;74;75;77;78;79;84;86;88;89;90;92;94;96;98;100;101;103;104;105;107;110;111;113;116;119;124;126;127;128;129;130;131;132;133;134;138;141;142;143;145;147;149;152;153;155;156;159;161;163;164;165;168;169;170;172;173;176;178;179;183;185;187;188;189;192;194;195;196;198;201;202;204;205;206;208;209;214;218;219;220;222;223;224;225;226;228;230;234;236;237;240;241;244;246;249;251;254;255;259;262;263;264;265;266;270;273;276;278;279;281;283;284;285;286;289;290;291;292;295;296;298;300;301;303;305;309;313;316;317;320;321;322;329;334;336;340;345;346;348;349;351;354;355;356;358;360;361;364;365;369;370;371;374;375;378;379;380;381;383;389;390;391;392;393;394;398;399;400;401;403;404;407;408;410;414;416;417;418;419;422;423;424;427;428;430;433;436;438;440;442;447;448;449;450;452;458;463;464;467;469;471;472;473;474;480;482;484;485;486;488;489;491;493;498;500;505;507;508;510;511;512;513;514;519;520;521;524;525;527;528;529;530;532;535;538;539;540;541;543;544;545;546;548;550;552;555;557;559;561;562;563;564;566;568;569;570;571;572;573;575;576;581;582;585;586;587;589;590;591;592;593;594;596;597;599;603;606;607;608;612;615;616;623;627;628;629;630;631;632;633;634;635;636;637;639;643;644;647;648;649;650;656;659;660;662;664;665;667;677;678;679;680;683;686;688;693;700;704;705;709;710;712;713;719;721;724;725;726;727;728;730;733;735;736;739;740;744;746;747;748;749;751;754;759;760;761;762;765;766;771;772;776;777;778;782;789;790;794;795;797;801;803;804;805;806;808;811;813;814;815;816;818;820;824;826;827;828;829;832;836;844;845;849;851;854;855;857;858;863;869;873;874;877;879;881;882;883;886;892;894;896;898;899;903;904;905;906;912;914;918;923;924;925;931;932;934;936;937;941;942;943;944;946;949;950;954;955;960;962;964;966;967;969;972;973;977;978;979;980;982;983;984;987;988;989;993;994;997;999
876;4;5;6;7;8;15;17;18;20;22;24;26;27;28;29;30;31;32;33;38;39;40;44;45;48;49;52;53;54;56;57;59;60;63;64;65;66;68;69;71;72;74;75;76;78;80;82;83;89;93;95;96;97;99;101;104;105;106;107;109;110;114;115;116;117;118;119;120;132;134;135;137;139;140;141;142;143;145;147;149;150;151;152;155;156;159;161;162;163;165;168;170;173;174;177;180;182;184;186;188;189;190;192;194;197;198;199;202;207;213;220;222;223;224;225;228;231;234;235;238;239;243;250;252;253;254;256;257;259;261;262;264;266;267;269;274;275;276;277;280;281;282;284;287;290;291;294;296;297;300;301;302;303;305;309;311;312;314;315;319;320;324;326;328;329;332;333;335;336;338;339;340;343;345;346;351;353;354;356;357;358;359;360;361;362;364;366;371;379;380;382;385;386;387;390;391;392;393;395;398;399;401;402;403;406;407;408;409;410;412;413;417;422;423;425;426;427;428;429;434;435;438;442;443;444;445;446;447;451;454;455;460;461;462;465;467;468;471;475;476;478;480;481;482;484;485;487;488;489;493;494;495;496;498;500;501;503;504;505;506;507;508;510;511;512;514;515;519;520;521;525;528;529;530;531;533;534;535;536;537;539;540;541;544;545;549;550;553;555;557;558;560;561;563;564;565;566;567;570;571;572;573;574;576;577;582;584;586;589;591;593;594;595;597;599;600;602;603;604;606;607;608;610;611;614;619;620;622;623;624;625;628;629;637;638;642;643;647;649;652;654;655;656;657;659;662;666;668;669;670;672;673;674;675;678;679;680;681;682;683;685;686;691;693;696;701;703;705;709;712;714;715;716;718;719;720;727;730;732;735;736;737;740;743;746;747;749;751;754;758;761;764;765;768;769;773;774;775;777;778;779;782;783;784;785;786;788;789;793;794;795;801;803;805;807;808;809;813;816;817;822;826;828;833;834;836;837;841;842;843;846;847;851;853;854;855;861;863;864;869;870;871;873;874;879;880;882;883;885;886;887;888;889;891;892;894;895;898;902;904;906;908;911;912;913;915;916;918;920;921;923;926;927;931;938;939;942;943;944;950;951;952;953;958;960;962;963;964;966;968;969;970;971;973;975;978;979;980;982;983;987;989;991;992;994;998;999;1000
877;2;3;5;7;9;11;12;13;17;18;19;20;24;26;27;28;35;36;37;38;39;40;41;42;44;45;47;55;56;57;59;60;65;66;67;68;69;72;74;76;78;80;82;83;85;87;88;89;93;96;98;99;103;104;105;108;109;111;116;117;119;120;124;126;127;128;129;130;131;132;133;135;136;137;138;142;146;147;149;150;151;152;154;156;158;162;165;166;170;172;173;175;176;178;179;180;181;182;183;184;185;187;191;192;194;196;197;198;199;201;204;205;208;210;213;214;215;216;219;220;221;222;223;225;227;229;230;231;233;234;235;238;243;244;246;247;250;255;256;257;258;260;265;266;271;272;273;274;279;280;282;284;287;288;289;290;291;294;296;297;298;301;306;308;310;313;314;315;316;317;318;321;322;324;325;327;328;333;335;337;339;342;343;344;345;348;349;352;356;358;359;361;362;364;366;370;372;377;378;379;381;385;386;387;392;394;395;396;402;403;404;406;409;410;411;412;416;418;419;422;423;426;433;434;436;438;440;444;446;447;452;453;454;457;458;459;461;464;466;469;470;471;472;473;474;476;483;484;488;489;490;492;494;496;497;504;506;507;510;511;512;513;517;518;520;521;522;527;528;531;534;535;537;538;539;540;542;545;546;547;553;554;556;558;559;562;564;567;569;570;578;583;584;585;586;591;593;594;595;598;599;602;604;605;610;611;612;613;614;616;617;619;622;624;627;631;632;636;637;638;639;640;641;642;643;644;645;646;648;649;650;652;655;656;663;665;666;667;668;669;671;672;674;675;677;681;683;684;685;691;696;697;698;699;703;705;706;707;709;712;714;715;717;727;728;730;735;736;737;738;739;741;742;744;746;752;756;758;759;761;765;770;775;776;777;778;780;782;783;785;786;789;790;791;792;795;797;798;801;802;805;806;807;809;810;815;817;818;819;820;822;823;824;825;830;831;833;834;837;838;842;844;845;846;847;849;850;852;853;856;857;859;860;862;865;866;868;871;872;873;875;884;889;893;898;899;900;902;904;906;907;908;913;914;915;917;919;921;928;931;934;939;941;942;943;944;953;954;956;957;958;959;962;963;964;965;966;970;971;972;973;975;978;979;980;981;982;983;984;985;986;993;995;996;999;1000
878;3;6;10;11;12;13;14;19;24;25;27;30;31;32;33;34;36;37;38;40;41;42;43;46;48;50;52;58;59;60;64;65;67;68;72;74;75;76;81;83;84;87;89;90;93;94;97;98;99;100;108;110;111;112;113;114;116;117;118;119;120;122;126;127;128;129;133;134;135;137;144;145;146;148;150;157;158;159;160;162;165;169;171;172;173;174;176;177;178;179;182;185;186;189;191;193;196;197;199;200;201;202;203;206;209;217;218;219;220;222;226;227;228;229;231;232;235;236;238;241;243;245;246;249;261;262;266;267;268;270;274;275;278;283;284;285;288;290;292;294;295;300;301;303;307;309;311;312;313;315;316;318;319;320;322;323;325;327;328;330;331;333;334;336;337;338;343;344;345;346;350;351;354;355;357;362;363;364;368;370;371;372;374;375;377;378;380;381;382;384;385;388;389;392;393;397;401;402;405;417;419;420;423;427;430;432;435;437;438;443;447;448;450;452;459;460;464;466;467;469;470;473;476;477;478;482;483;484;487;489;490;493;494;495;497;498;504;509;510;516;517;520;522;523;525;526;530;532;534;536;539;542;543;545;546;547;548;551;553;554;556;557;558;559;561;562;564;567;569;572;573;575;580;581;583;587;588;590;597;598;600;601;602;604;607;608;615;617;619;620;622;624;629;631;634;635;639;640;641;643;644;645;646;647;648;649;652;654;655;657;658;659;660;663;664;672;673;676;677;680;683;686;688;689;690;694;697;699;701;702;704;706;707;709;710;711;712;713;716;720;726;728;729;731;733;735;736;738;739;740;741;742;743;746;750;751;752;753;755;758;761;763;767;771;773;774;776;777;778;779;780;782;783;784;786;787;788;789;792;793;794;800;804;805;808;809;810;813;814;816;817;820;827;829;831;832;835;837;838;840;841;846;847;849;850;851;853;854;855;856;857;860;864;865;866;867;871;873;879;880;881;882;883;885;890;891;892;896;897;902;904;905;907;909;910;912;913;917;918;921;922;924;926;927;929;931;940;941;944;946;947;948;949;950;951;953;957;958;959;960;962;964;965;968;969;971;973;975;979;981;982;983;984;985;987;988;989;990;993;994;996;998;1000
879;3;5;8;9;10;11;12;13;14;15;21;24;26;27;29;30;31;33;35;36;37;38;39;40;41;42;43;45;48;49;50;52;53;57;58;60;62;64;66;67;68;69;70;71;73;74;76;77;78;79;81;82;83;84;86;87;90;91;95;98;99;101;102;103;104;107;108;111;112;115;117;118;123;124;125;126;129;130;134;135;137;138;139;140;143;145;146;149;150;151;153;154;156;157;158;159;162;163;164;167;168;174;176;178;185;188;189;190;193;194;196;197;198;200;201;205;206;208;210;211;212;217;223;225;232;234;236;239;240;241;242;244;245;247;248;249;250;251;252;254;255;257;258;260;261;262;264;265;266;267;268;271;273;274;275;280;286;287;288;289;294;296;297;303;304;305;307;309;311;312;314;315;316;319;321;326;329;333;335;336;337;343;345;347;348;351;352;354;355;356;359;362;363;364;366;367;372;374;375;376;378;380;390;391;392;394;395;396;397;398;400;401;403;405;406;408;412;413;415;416;418;419;420;421;428;429;432;433;435;436;441;442;443;445;448;449;453;455;460;462;463;464;465;467;470;471;473;476;482;484;486;489;495;496;500;504;506;507;512;514;515;516;517;521;522;525;534;535;536;537;539;540;542;543;545;546;548;549;551;552;554;556;558;559;562;564;568;570;572;574;577;580;582;586;590;591;592;594;596;597;600;601;602;605;606;607;608;610;612;613;614;615;617;620;624;625;628;634;637;639;642;643;644;646;647;648;649;650;651;652;653;654;655;656;657;658;660;662;665;666;672;674;675;676;677;679;681;683;684;685;689;690;691;697;698;701;705;706;707;710;713;715;717;718;719;723;725;727;728;729;732;734;735;736;737;738;739;740;741;744;747;750;751;753;755;756;757;760;761;763;765;767;770;774;776;781;782;783;788;789;790;792;798;799;800;802;803;804;805;807;808;809;810;811;813;814;815;816;817;821;822;823;825;828;831;832;833;837;838;840;844;845;846;848;852;857;858;859;861;862;863;864;865;867;868;869;870;871;875;876;878;881;883;884;888;891;892;894;895;897;899;902;903;904;906;908;909;911;912;913;914;917;923;924;926;927;933;935;936;938;941;950;951;952;954;955;959;962;964;968;970;975;980;982;984;987;988;989;992;993;997;998;999
880;1;3;4;5;6;7;8;10;11;12;17;18;22;23;26;27;31;33;34;36;38;39;40;41;45;46;49;50;56;59;62;63;65;68;70;71;75;77;80;89;95;96;97;98;100;105;108;109;110;111;112;113;114;116;118;119;123;124;126;127;128;129;131;132;133;134;135;140;141;143;148;155;156;158;159;161;163;164;166;169;170;172;174;175;176;177;178;179;180;181;182;190;191;193;194;195;196;197;198;200;203;206;207;208;210;211;212;214;215;216;220;223;225;227;234;236;238;239;240;242;243;250;252;253;254;256;258;264;265;267;268;269;270;271;272;273;275;281;283;284;287;288;292;299;300;302;305;306;307;308;310;311;312;315;320;321;323;324;325;331;333;334;335;337;338;340;341;343;344;346;348;352;354;356;357;358;359;362;363;365;367;368;369;373;374;380;382;385;386;387;388;390;394;397;398;399;401;404;405;409;410;413;415;416;419;421;423;426;427;429;430;434;435;436;437;438;439;441;445;446;447;450;451;452;453;455;456;458;462;463;465;466;471;476;477;478;479;480;482;488;490;492;493;494;496;497;498;499;508;509;511;512;514;516;517;519;521;522;525;527;528;530;531;532;534;537;539;540;541;544;545;547;549;553;554;556;557;561;564;565;566;567;568;569;570;572;574;575;577;583;587;588;592;593;596;599;600;601;602;605;606;608;610;611;613;614;626;628;629;631;632;633;635;636;637;640;641;644;645;647;651;654;655;656;657;658;660;661;663;664;665;666;667;668;669;671;672;675;677;678;679;681;682;683;684;685;687;690;691;694;695;697;698;704;705;708;709;710;712;715;716;718;719;722;725;726;727;728;729;730;731;732;735;738;739;742;745;748;753;757;761;763;764;766;767;768;771;772;774;775;778;780;781;784;786;787;790;791;792;795;796;798;799;800;802;806;808;809;813;816;818;820;821;822;823;824;828;834;836;842;844;845;846;850;851;852;854;856;857;858;860;861;864;866;870;871;874;876;878;882;885;887;888;889;890;891;894;895;896;898;899;901;902;903;904;906;907;909;913;915;917;918;919;920;924;925;929;931;935;936;937;940;942;943;947;949;952;954;955;957;960;961;962;963;966;967;968;971;973;974;976;978;979;980;983;985;993;997;999
881;2;3;5;7;8;10;12;13;14;18;25;27;30;32;34;41;42;46;47;54;55;57;58;59;60;61;62;63;64;65;66;69;70;71;73;75;77;80;82;83;84;86;89;93;96;97;99;100;103;104;105;109;112;114;116;117;118;119;120;123;125;126;127;129;130;131;137;139;150;151;152;153;154;156;157;158;159;160;163;165;166;169;171;172;174;175;177;179;180;181;183;185;186;188;189;190;191;193;194;196;197;203;204;205;208;209;210;211;213;214;218;221;222;223;225;226;231;234;235;236;238;240;241;242;244;248;249;250;254;256;260;262;263;265;266;267;269;271;274;276;277;278;279;280;286;287;289;290;291;293;295;296;299;300;301;304;306;309;311;312;315;318;323;325;326;327;330;331;332;333;336;337;338;342;344;345;346;347;349;351;352;353;354;357;358;359;361;362;363;365;366;371;374;377;380;382;383;384;386;387;388;390;393;395;400;402;403;406;407;409;410;411;412;413;414;415;416;417;418;419;420;421;422;423;426;428;429;432;433;437;440;443;447;448;456;459;460;462;466;468;469;470;471;476;479;481;483;485;487;489;491;493;494;497;498;500;501;507;508;510;511;512;513;514;516;518;519;521;525;526;527;528;529;532;533;535;536;537;538;540;541;542;544;548;550;551;553;554;555;556;558;559;561;562;566;568;569;571;572;573;574;576;577;580;581;582;583;587;588;589;591;594;595;596;598;600;601;602;603;605;607;608;610;611;616;618;619;621;623;625;626;629;630;632;633;635;638;640;641;642;643;645;647;652;653;654;655;656;657;658;659;664;666;668;670;672;674;675;676;677;678;679;680;681;683;684;685;686;687;688;689;690;691;695;696;701;702;703;704;710;712;713;715;716;717;723;725;726;729;730;733;736;737;740;741;742;743;745;748;750;752;753;757;759;761;764;766;769;771;772;773;774;776;777;781;782;784;785;789;790;792;793;795;796;801;804;805;807;808;809;810;813;817;818;820;821;822;825;830;831;832;833;834;837;838;841;842;845;848;850;851;854;855;857;858;860;863;868;869;871;872;874;875;878;879;883;886;887;888;889;891;892;893;895;897;901;902;903;904;905;906;908;909;910;912;914;916;917;920;922;924;925;926;927;929;930;932;933;937;938;940;941;942;943;947;949;952;953;954;958;959;960;961;962;963;964;965;967;969;971;972;973;975;977;981;987;991;992;994;997;1000
882;1;5;6;7;8;11;12;14;15;21;22;23;24;27;29;30;33;36;38;39;40;41;42;46;47;51;56;57;60;61;63;64;65;67;70;71;73;75;79;81;82;83;84;87;88;89;90;93;95;99;100;101;102;103;111;113;114;120;122;123;125;126;127;128;129;132;136;138;139;142;144;146;148;150;152;155;156;158;159;161;162;163;164;166;167;174;175;176;180;181;182;184;186;191;196;198;200;201;204;205;206;207;209;210;211;215;217;218;219;220;222;223;225;226;228;232;233;237;238;241;243;249;250;251;252;254;256;258;262;266;268;272;276;277;279;281;282;285;286;288;291;294;295;296;298;301;302;304;306;307;308;313;315;317;318;319;320;321;323;324;326;327;328;329;330;335;337;338;341;342;347;352;353;356;358;359;361;363;365;366;367;368;369;372;379;381;382;383;385;386;388;389;391;396;398;400;404;406;407;411;413;416;419;421;423;425;427;428;431;436;439;442;444;446;447;448;449;450;451;452;453;454;458;462;463;464;465;466;468;469;470;471;472;473;474;476;477;478;479;480;482;483;484;486;487;488;490;491;493;495;496;499;502;503;505;509;510;514;516;517;520;523;528;530;531;533;535;537;538;540;543;544;546;547;551;556;557;558;562;564;566;570;572;575;577;578;580;581;582;584;585;588;589;590;595;596;597;599;600;601;602;603;607;608;611;612;614;615;618;619;621;622;625;627;629;630;632;633;637;638;641;643;644;645;647;648;649;650;652;653;656;658;660;662;664;665;666;667;669;670;673;676;677;678;679;680;681;682;685;688;689;692;695;696;697;698;700;702;704;705;706;707;708;710;711;713;714;717;721;723;725;727;732;735;736;737;740;742;745;747;749;753;754;755;756;757;759;761;764;765;771;772;774;775;777;780;781;782;783;785;790;792;795;798;799;804;808;810;815;819;823;824;826;828;829;830;831;832;835;836;837;838;839;840;842;843;844;849;850;851;852;853;856;858;860;864;866;867;868;869;873;874;875;876;878;880;884;885;886;887;890;891;893;894;897;898;900;901;902;904;905;906;908;909;912;917;919;921;922;930;932;934;937;938;939;940;945;946;948;951;952;953;955;956;961;962;964;966;968;970;973;975;976;977;978;980;982;984;985;986;987;989;992;993;994;996;997;998
883;1;2;4;8;10;11;12;14;17;18;19;20;23;24;26;32;33;34;37;39;43;46;47;49;50;52;54;55;59;60;61;65;66;67;68;70;75;76;79;80;81;82;83;85;86;87;89;92;94;95;96;99;100;102;103;104;106;107;109;110;112;114;119;120;121;122;123;125;126;127;129;133;134;136;137;142;144;146;150;152;154;155;156;157;160;161;162;163;164;167;169;171;172;173;174;176;177;178;180;182;183;184;185;186;190;191;194;195;196;197;198;200;201;202;204;208;209;211;212;213;215;218;221;224;225;228;230;231;236;237;242;243;246;248;251;252;253;255;257;261;265;266;267;270;272;274;276;278;279;290;291;298;300;302;307;308;310;312;313;316;317;318;319;325;326;327;328;331;333;335;336;337;339;341;342;343;344;346;348;351;353;355;356;357;359;360;361;362;363;364;365;366;367;368;369;370;371;372;373;374;376;378;379;380;381;383;384;386;389;391;392;393;395;397;400;401;402;403;407;409;410;416;417;422;424;427;428;429;430;436;437;442;443;444;446;448;449;451;453;457;459;460;464;465;466;469;472;473;476;479;481;483;484;486;489;490;494;495;500;501;503;508;509;510;512;513;514;515;517;519;520;524;525;529;530;534;535;539;549;550;551;552;553;554;556;557;558;559;564;565;566;567;569;570;571;573;574;578;582;585;587;588;589;592;594;595;596;597;600;601;602;604;605;606;607;608;609;611;614;615;616;617;618;619;620;623;624;625;628;629;634;637;639;640;642;644;645;646;647;649;650;651;656;660;663;665;666;667;669;671;672;673;675;679;680;681;685;686;687;689;690;695;697;698;699;700;701;705;706;709;712;717;718;723;726;728;730;733;734;740;746;747;748;750;752;753;755;757;758;759;761;762;763;764;765;766;767;769;772;775;778;780;781;782;783;784;785;788;789;792;794;797;801;802;803;804;805;806;807;808;809;810;816;817;820;821;822;825;826;827;828;831;832;833;834;836;838;839;843;845;850;853;858;862;867;868;870;871;873;875;876;878;879;881;886;887;889;893;894;895;906;908;909;911;914;917;920;923;924;925;929;930;931;935;940;942;946;947;950;951;952;953;954;956;957;964;965;967;970;972;973;975;976;977;981;983;984;986;987;992;995;997
884;5;6;7;8;9;11;12;13;17;19;20;21;23;25;27;29;30;35;36;39;40;41;43;45;46;47;48;49;50;51;54;55;57;58;59;60;63;64;65;67;68;69;73;74;75;76;79;82;84;85;86;87;88;89;90;93;97;99;102;105;107;109;110;113;116;118;119;120;121;123;127;129;130;131;136;139;140;145;146;147;148;150;151;156;158;163;165;166;167;168;172;173;175;176;179;181;187;189;190;191;194;197;198;204;206;207;209;210;211;212;213;214;215;216;224;228;229;231;233;235;236;237;239;242;247;248;249;250;252;253;255;256;257;258;259;260;262;264;267;270;274;275;276;277;281;283;285;287;288;289;290;295;297;298;299;303;304;306;308;312;314;315;318;320;321;324;325;328;329;331;335;337;338;339;342;344;347;348;349;353;354;355;356;357;360;361;362;364;367;369;371;372;373;374;376;377;380;381;382;383;385;387;390;392;393;394;395;396;397;402;403;404;405;409;410;411;413;414;417;419;420;421;425;427;431;434;436;437;438;442;443;447;448;449;452;454;455;456;457;460;461;463;465;466;468;471;472;473;474;475;480;483;485;489;490;491;492;495;498;499;500;501;503;505;507;509;511;512;513;515;516;517;519;526;529;532;533;534;538;539;540;541;543;544;545;548;549;551;552;557;559;561;562;563;568;570;571;575;576;577;579;581;583;584;585;588;589;590;595;596;597;598;601;603;605;606;608;609;613;615;617;619;622;625;627;628;630;634;635;638;643;644;646;648;650;653;654;655;656;657;660;661;663;667;669;672;673;674;675;678;680;683;685;687;688;691;694;695;696;698;708;709;710;712;714;716;717;718;721;722;725;727;728;731;734;736;737;741;749;752;753;754;757;758;761;766;772;774;776;778;779;780;781;782;783;789;791;792;793;794;796;797;798;801;805;807;810;811;812;818;819;820;822;823;827;829;831;832;833;834;835;838;839;841;842;844;847;849;850;851;852;853;854;856;857;858;861;863;865;866;867;873;877;879;882;886;887;895;904;905;906;907;908;910;911;912;914;918;921;923;925;926;933;937;940;942;946;947;948;949;950;952;957;958;961;962;964;968;969;971;975;976;977;978;981;984;988;991;992;994;995;997;999;1000
885;1;2;3;4;8;9;10;11;14;17;19;21;26;27;28;32;35;37;39;40;41;43;44;51;52;54;58;59;62;63;65;68;69;71;73;75;78;79;81;83;86;88;90;91;92;93;94;97;99;100;102;103;105;106;108;111;113;114;117;118;120;121;122;123;124;126;130;135;136;140;141;144;145;146;147;150;152;153;154;160;161;162;165;166;167;171;173;174;178;179;180;187;188;190;195;196;197;199;200;202;207;208;212;213;216;217;219;223;225;226;233;235;238;242;243;246;248;251;253;254;256;260;261;263;264;268;269;271;272;273;274;275;276;280;283;284;286;290;294;295;299;300;301;302;303;304;305;307;309;310;311;312;315;317;318;319;322;324;325;326;329;331;335;336;337;338;342;344;346;352;353;354;356;357;362;364;367;370;371;372;374;375;377;380;387;391;397;398;403;405;406;407;409;412;413;416;419;424;425;426;427;428;433;434;435;436;438;442;444;445;446;447;450;451;453;456;458;459;462;465;468;472;474;475;476;480;481;484;485;490;491;492;499;500;501;502;503;504;505;506;507;512;514;515;517;519;520;523;525;526;528;531;537;539;540;541;543;551;552;553;554;555;559;560;563;566;577;583;585;586;587;589;594;595;597;598;599;601;603;604;605;608;616;619;623;624;628;633;634;635;636;637;640;642;643;645;646;647;648;649;650;653;654;656;657;658;659;663;664;666;670;671;673;674;675;680;682;688;689;693;694;696;698;699;703;712;715;716;717;718;719;720;722;723;725;728;730;736;737;738;739;743;747;748;750;752;754;757;759;760;763;766;767;768;769;771;772;775;777;778;779;780;781;784;785;786;787;788;790;794;795;797;800;804;807;808;809;810;813;814;815;818;822;823;824;826;827;828;830;831;833;836;838;840;841;843;845;846;848;849;850;851;852;854;857;860;861;865;866;867;868;870;871;874;876;878;880;882;887;888;890;892;895;899;902;904;905;907;913;915;916;917;921;923;924;925;926;927;928;930;932;937;938;940;944;952;955;957;958;960;961;962;963;968;973;974;975;977;979;980;981;984;986;987;989;990;991;992;993;997;998;999;1000
886;2;3;4;8;10;11;12;14;15;16;17;18;19;20;22;23;27;31;32;34;35;36;37;38;40;41;50;51;56;58;63;66;67;68;72;74;75;79;81;82;84;87;89;90;95;96;97;98;99;100;102;103;105;108;111;113;114;115;117;119;121;122;124;126;133;137;138;139;142;145;146;148;152;153;155;156;158;162;164;165;167;168;169;170;173;174;175;180;181;183;186;188;190;192;196;198;199;200;201;202;203;204;208;209;213;215;217;218;220;223;227;230;234;237;238;241;243;245;246;252;253;258;259;263;265;266;270;271;275;278;282;284;286;288;291;294;296;297;299;301;302;306;308;309;313;315;316;318;319;320;321;324;326;327;328;331;332;334;337;338;339;340;341;342;344;345;348;350;352;353;355;362;364;367;368;370;371;376;377;378;379;380;381;383;384;385;386;389;391;392;393;394;395;397;399;400;402;405;406;408;409;413;416;417;418;419;420;421;422;423;424;426;427;428;429;432;433;435;441;442;443;444;445;446;447;448;449;452;457;458;459;461;463;464;465;467;468;469;470;477;481;482;484;486;487;490;491;492;494;497;498;501;504;505;509;511;514;516;517;518;519;521;522;525;527;528;529;533;534;535;538;539;544;545;548;549;550;555;556;557;559;565;566;567;569;570;571;576;577;578;580;581;584;588;590;591;592;593;595;596;598;600;602;604;606;607;608;609;610;611;613;615;616;617;623;626;627;628;629;630;633;637;639;640;645;647;650;651;652;653;655;659;660;662;669;671;673;674;678;679;680;681;683;687;688;689;690;691;692;693;695;698;699;700;703;705;706;708;712;715;716;717;718;720;721;722;723;724;725;727;728;729;730;731;734;737;740;741;742;746;751;752;753;755;756;759;761;764;765;768;769;772;773;774;777;782;784;785;786;788;790;794;797;798;800;802;804;805;807;808;811;812;813;814;816;818;820;821;822;823;824;825;827;829;830;831;832;834;837;839;841;844;846;848;849;852;853;856;857;859;860;864;866;867;868;871;874;875;876;881;882;883;884;889;890;892;893;896;899;903;904;905;906;907;910;912;913;915;917;919;920;924;927;928;929;931;934;936;937;938;944;949;950;951;952;953;956;959;960;964;965;966;971;972;973;974;975;977;978;980;981;984;985;988;990;991;992;994;996;997
887;1;2;3;5;9;14;16;18;19;23;30;32;37;38;39;40;41;42;43;44;47;48;49;53;54;55;59;61;63;65;66;67;69;70;72;73;75;77;78;80;81;82;83;85;87;92;94;95;96;97;101;102;103;106;107;112;114;116;117;122;124;125;127;128;130;131;132;133;136;137;139;145;147;148;150;152;154;157;163;166;168;169;171;172;173;175;176;177;178;180;181;182;183;188;192;194;196;200;203;204;206;209;213;214;215;217;219;220;221;222;223;225;227;234;236;237;238;244;246;247;248;250;251;252;254;255;258;261;263;265;267;268;276;279;281;284;288;289;291;292;295;297;298;299;302;305;307;311;317;321;322;323;324;330;335;336;337;338;340;344;345;346;347;348;349;350;351;352;354;356;357;360;363;364;365;369;374;375;376;377;378;379;380;381;384;389;390;391;394;395;396;397;398;401;404;410;411;412;414;418;419;420;423;428;429;436;439;441;444;446;447;448;451;453;458;460;462;464;465;466;468;469;471;472;473;476;477;479;480;481;482;484;485;486;487;488;489;490;491;492;493;494;495;496;500;501;502;505;507;509;511;513;514;516;517;519;520;522;525;527;528;531;532;534;535;536;537;538;540;541;542;543;544;546;550;551;552;553;556;557;562;563;567;571;575;577;582;584;587;588;589;591;592;593;595;596;597;598;604;606;607;608;609;610;613;615;616;617;619;621;623;624;629;630;632;633;636;637;639;640;644;649;651;652;653;660;663;665;667;673;674;675;677;683;686;687;692;695;697;698;699;701;702;705;706;708;709;710;714;716;717;718;720;721;723;724;725;728;729;731;732;736;739;742;745;746;747;749;750;754;756;757;760;763;764;765;766;767;769;770;771;774;776;777;778;779;780;782;783;785;787;788;790;791;792;793;794;795;796;797;802;803;806;807;812;813;814;815;816;817;823;824;825;826;827;828;829;833;835;836;841;843;844;848;851;852;853;855;856;857;858;861;863;864;866;870;872;876;880;881;882;883;884;885;890;891;892;897;899;902;904;905;907;908;909;914;917;919;920;922;924;925;927;928;931;932;934;936;937;941;942;943;944;945;947;948;953;954;955;960;961;965;966;967;968;971;972;975;977;978;979;982;983;984;985;987;992;998;999
888;7;8;10;16;18;19;20;27;29;31;38;39;41;50;51;58;60;61;66;69;70;72;74;75;76;77;80;84;85;86;87;88;90;94;97;99;100;101;102;103;105;107;108;110;112;115;117;118;120;127;133;135;136;138;139;140;143;144;148;153;156;157;160;162;163;164;166;167;168;170;171;172;174;175;181;183;184;185;186;187;189;190;193;198;203;205;206;208;213;215;218;219;221;226;228;232;234;235;237;239;243;247;248;250;251;252;253;255;256;260;261;262;265;267;270;272;273;275;277;279;281;284;286;291;292;293;294;295;296;298;299;300;302;303;304;307;308;312;316;317;318;319;322;325;326;327;328;329;330;333;340;342;343;344;348;349;350;354;356;357;358;359;361;363;365;366;367;368;369;371;373;376;378;379;380;382;383;384;385;389;390;391;392;393;394;396;399;400;403;404;406;409;413;415;417;418;420;421;422;424;427;428;429;433;434;436;439;441;447;449;450;451;453;456;464;465;467;472;473;474;479;481;483;484;487;489;490;492;493;494;495;497;498;499;500;503;505;507;511;512;515;517;518;519;520;521;523;524;526;531;532;533;537;539;540;543;544;545;546;547;549;551;553;554;557;559;560;564;565;566;567;570;571;572;574;575;577;579;580;584;586;587;591;594;596;597;601;602;604;607;608;611;612;613;614;615;616;617;619;620;621;622;624;631;632;635;636;638;639;640;641;642;647;648;650;651;654;657;658;659;660;661;662;663;664;666;672;673;674;678;680;682;683;688;691;693;694;695;696;698;699;701;702;705;706;710;711;712;719;723;729;730;732;733;735;736;740;741;742;745;749;750;751;753;754;755;758;760;762;766;767;768;772;773;774;775;776;782;785;786;787;790;795;798;804;805;806;807;808;809;811;812;813;820;823;826;828;830;831;834;835;836;837;841;844;848;850;852;856;858;859;860;863;864;866;868;870;872;876;879;880;881;885;889;892;894;895;897;898;899;902;903;906;908;911;912;913;914;924;925;929;933;935;936;938;940;941;943;944;946;949;950;951;952;953;954;955;958;959;962;963;964;966;971;972;974;980;982;983;984;985;986;989;990;992;993;994;995;996;997;998;1000
889;2;3;5;6;11;13;16;17;19;20;22;26;30;32;36;38;41;42;43;44;46;48;52;53;54;55;56;57;60;62;63;65;66;68;69;76;79;80;82;83;84;86;87;91;93;94;95;96;97;98;99;101;102;105;106;107;109;110;112;113;114;118;120;121;122;126;127;128;129;130;134;135;138;143;144;145;148;149;153;154;156;157;159;161;164;167;168;170;172;174;178;181;186;187;189;190;191;192;193;194;197;198;199;200;201;202;205;208;209;210;211;212;214;215;216;222;224;225;226;233;234;235;236;237;239;240;246;247;249;252;254;257;259;260;262;263;264;265;267;268;270;273;274;275;277;278;280;281;282;286;288;290;291;300;306;307;309;311;312;318;319;321;324;327;328;329;331;333;334;335;337;338;341;344;345;346;347;349;350;352;353;355;356;357;360;361;363;367;369;375;379;384;387;388;389;390;391;394;396;400;402;404;405;406;407;414;415;416;418;419;420;423;424;425;428;429;430;431;434;437;440;442;443;445;447;448;450;451;453;454;455;458;461;462;464;466;467;470;471;474;475;477;479;480;483;485;488;489;492;493;494;496;497;498;499;502;505;507;508;509;511;512;513;517;520;523;528;530;533;534;535;536;539;540;542;543;544;546;548;550;553;555;557;560;561;568;569;571;572;573;574;577;578;579;580;581;587;588;592;594;595;599;602;604;607;608;611;612;616;618;620;622;623;625;628;630;632;637;638;639;644;645;647;649;651;652;653;654;657;659;660;662;663;669;670;671;672;673;674;677;678;680;681;687;688;689;691;693;694;697;699;700;702;705;706;707;710;711;714;720;722;725;727;734;735;737;739;740;744;746;748;751;754;755;759;760;762;764;767;768;770;771;772;774;775;776;778;779;783;786;789;790;791;793;795;800;801;804;805;807;808;809;812;814;815;819;821;823;824;825;826;827;830;831;832;839;842;843;845;846;847;850;851;853;854;855;857;859;861;862;865;867;868;869;871;872;873;874;876;877;880;881;883;886;888;892;894;895;898;900;901;902;907;910;919;920;921;923;924;925;929;930;933;935;938;940;941;942;943;945;946;947;955;956;960;964;965;969;970;971;973;976;977;979;981;983;984;985;991;994;996
890;1;5;8;10;13;14;16;19;20;23;25;26;27;31;33;38;39;40;41;42;44;50;51;54;59;62;63;66;70;71;72;74;75;76;78;80;81;83;84;88;90;91;92;93;94;97;98;101;103;105;108;109;112;114;117;118;119;123;124;125;127;128;130;131;132;133;136;140;142;148;149;151;157;159;164;167;169;171;173;175;185;192;193;195;196;197;199;200;201;203;205;206;207;208;209;211;213;215;216;217;218;219;221;223;224;226;228;229;230;231;232;237;238;240;241;243;244;245;247;248;249;251;252;255;256;257;258;259;260;266;269;270;271;272;275;278;279;281;282;287;288;289;296;299;301;303;305;306;307;311;314;315;316;317;320;322;323;324;325;326;327;328;329;334;335;338;339;342;350;351;356;357;358;360;362;365;366;371;372;375;379;381;382;384;385;391;395;396;397;400;403;404;411;413;416;418;419;420;424;426;427;429;431;433;434;435;436;437;440;441;442;444;447;448;449;450;451;453;458;460;461;464;467;468;469;471;472;474;477;479;482;483;484;486;487;488;490;491;492;494;497;498;500;502;503;507;509;511;516;518;523;524;525;526;527;529;530;532;535;536;537;539;543;544;547;549;552;558;559;560;564;567;569;573;575;579;581;583;588;589;591;595;596;599;600;606;607;611;613;614;617;618;619;623;624;628;631;633;635;637;639;640;642;643;645;649;650;651;652;653;658;659;661;664;665;666;667;668;675;677;678;682;683;684;685;686;687;688;692;695;697;698;699;703;704;709;712;713;715;716;718;719;722;726;728;729;730;731;734;736;738;739;740;741;744;746;747;748;749;754;755;757;758;760;763;765;767;768;769;777;780;781;783;784;785;786;788;789;790;791;792;800;802;803;804;807;808;809;812;813;817;818;824;825;826;833;836;837;838;840;841;842;848;849;851;856;857;859;861;862;863;866;868;871;872;878;880;882;885;886;887;892;893;895;897;899;900;902;904;908;909;910;912;914;915;917;919;921;922;923;925;927;932;933;934;935;936;939;940;943;945;949;951;953;956;957;959;961;962;966;967;968;969;971;973;975;982;984;986;987;988;990;992;995;998;999
891;1;3;4;5;7;10;14;16;17;18;19;23;24;26;27;28;29;31;32;33;35;38;39;43;44;48;49;52;53;54;56;58;61;62;63;65;70;71;79;83;84;87;89;91;92;96;97;99;100;102;106;108;109;112;113;116;120;123;124;125;128;130;133;134;135;136;139;140;141;142;144;145;146;148;149;150;153;154;155;156;157;160;161;164;165;170;172;175;176;179;183;185;186;187;188;189;190;191;192;193;194;196;199;200;203;205;206;207;208;210;212;213;215;216;220;222;223;224;225;228;236;237;239;241;248;254;255;256;257;258;260;262;263;264;266;267;268;270;272;273;274;276;278;281;283;284;285;286;289;290;293;296;299;301;302;303;304;305;308;309;311;313;314;315;316;317;318;322;323;324;326;327;333;334;335;338;339;340;344;347;350;352;354;356;357;359;361;362;363;365;367;369;370;376;379;380;383;385;386;389;391;392;394;396;397;399;403;407;408;409;411;416;417;418;421;423;425;426;430;431;432;433;434;436;442;443;446;447;448;449;452;461;464;465;467;468;469;470;471;476;477;478;479;480;486;488;489;490;491;496;497;499;501;506;509;510;514;515;517;518;520;521;522;524;526;530;532;533;534;537;541;544;545;546;547;549;551;552;554;555;558;561;562;563;566;568;569;572;574;575;576;577;579;580;581;582;584;586;590;591;592;595;596;598;599;600;601;604;605;608;612;615;616;617;621;622;623;627;628;629;630;631;634;635;640;642;644;645;646;647;649;651;652;656;663;668;669;670;672;676;678;679;683;684;685;687;689;693;694;695;696;698;699;700;702;708;710;714;716;718;719;721;722;724;726;727;731;733;736;737;739;740;741;742;744;745;747;748;749;750;752;753;759;761;763;767;769;771;773;775;776;777;778;780;782;785;786;787;789;790;792;796;800;803;804;806;807;808;809;810;811;812;813;815;816;817;821;824;825;827;830;831;832;836;841;842;843;847;848;856;862;865;867;869;871;874;876;878;879;880;881;882;887;894;895;899;900;901;910;912;913;915;918;921;925;928;931;936;937;939;945;947;951;953;954;956;957;958;959;960;961;962;963;964;965;967;968;971;975;976;977;978;979;989;991;997;998;1000
892;1;4;6;7;8;11;12;13;15;16;17;21;23;26;33;34;36;39;40;42;43;46;48;54;56;57;59;63;64;70;71;73;74;76;81;82;88;91;97;98;100;102;103;107;114;115;116;118;119;120;122;128;129;132;135;136;142;143;144;145;146;147;148;149;154;155;158;159;162;165;166;167;168;170;174;178;179;181;182;183;184;185;186;187;189;191;192;194;196;199;200;201;202;204;206;207;208;209;210;211;213;218;221;224;231;232;233;234;235;236;240;242;243;246;249;251;252;254;256;257;262;264;265;269;270;273;274;276;277;284;285;286;288;289;293;294;296;297;298;299;303;304;306;308;309;310;311;313;314;317;324;326;328;329;330;331;334;335;336;340;342;343;348;349;352;354;356;357;358;360;361;362;365;366;370;372;373;375;382;383;390;391;392;397;399;400;401;402;405;406;408;411;412;414;419;420;424;425;428;430;437;439;441;442;444;445;446;447;449;451;455;462;465;469;472;476;479;481;482;484;485;486;492;496;497;499;501;502;505;507;511;512;513;515;516;518;520;521;523;524;526;527;530;531;532;538;539;543;554;555;557;558;562;563;565;566;567;568;569;571;572;574;575;577;578;579;580;584;585;586;587;589;591;592;594;596;597;600;601;602;605;610;611;612;613;614;615;617;620;624;626;627;628;629;637;639;640;641;642;648;649;653;654;656;658;659;660;663;665;672;674;678;679;680;682;685;688;691;694;696;697;698;701;702;705;710;712;715;717;720;724;730;737;738;739;744;746;747;749;753;754;757;758;759;760;761;763;764;765;766;767;770;771;773;775;778;782;783;784;785;787;789;790;791;793;794;796;797;799;804;805;806;810;811;813;819;820;821;822;826;828;829;831;833;834;837;842;843;844;845;848;853;855;856;857;861;864;865;866;868;870;871;872;875;876;878;879;881;885;886;887;888;889;890;894;896;898;899;905;906;907;909;918;919;920;921;924;930;934;936;941;943;944;946;948;950;953;954;956;957;960;961;963;967;969;970;971;972;978;980;981;982;984;985;986;987;992;993;994;995;996;998;1000
893;3;5;13;18;19;20;22;23;24;30;33;35;36;37;38;40;42;43;44;47;50;51;52;53;55;56;57;59;61;63;64;65;66;67;69;70;71;73;74;75;78;79;81;82;83;84;85;88;90;91;92;94;96;98;102;103;105;106;107;108;109;110;111;113;115;117;123;124;125;128;129;130;133;136;139;140;142;143;148;152;153;154;156;159;160;161;162;165;167;168;172;174;175;176;178;179;182;183;184;185;186;187;188;189;190;191;192;194;196;199;200;205;208;209;210;211;212;214;215;219;224;225;226;228;230;232;233;234;235;238;239;240;241;244;246;247;250;252;253;254;255;257;262;263;264;265;266;268;271;272;275;276;277;280;282;284;287;288;292;294;296;299;300;304;305;307;308;311;312;321;322;323;324;325;326;327;328;329;330;331;332;333;334;337;339;340;341;342;343;344;345;347;349;350;353;355;357;358;361;366;368;369;380;381;384;385;387;390;394;396;397;400;401;402;403;405;406;407;408;409;410;412;414;415;416;417;418;419;420;421;422;423;424;425;426;428;429;430;433;435;437;438;440;442;445;447;451;452;453;455;456;461;462;463;467;469;470;472;476;477;480;483;486;491;493;495;499;503;505;506;507;508;510;512;513;516;519;521;522;523;526;527;528;529;530;531;533;534;535;537;538;539;540;541;542;543;544;545;546;548;549;550;554;559;561;562;570;572;574;575;577;579;582;585;590;591;592;593;595;600;601;604;605;606;607;609;611;613;614;619;620;621;622;623;625;626;628;639;641;644;645;648;650;651;652;653;657;660;661;664;666;667;668;669;670;671;672;673;676;679;682;683;685;688;689;691;693;697;698;700;702;703;709;710;711;712;714;717;718;719;720;723;729;731;733;734;735;737;738;739;740;741;742;743;744;747;750;751;754;762;763;764;767;768;770;771;774;777;778;780;783;784;786;787;788;792;796;800;802;805;807;808;812;813;814;816;817;818;820;825;826;828;829;830;832;833;834;836;838;839;840;847;852;853;855;857;862;864;866;868;869;872;874;877;881;882;883;886;890;894;897;898;899;907;911;915;916;917;918;920;923;924;925;926;928;939;940;942;944;945;946;948;952;955;959;961;963;964;965;968;969;970;971;978;979;982;983;985;986;990;993;995;996;997;998;1000
894;1;2;4;7;8;11;12;15;16;19;25;28;29;36;37;38;39;42;43;45;47;49;50;53;56;57;59;61;62;63;64;66;67;72;73;74;76;77;78;79;80;81;83;84;87;88;89;92;93;97;98;99;102;106;108;109;114;115;116;118;119;121;123;125;126;127;129;130;135;137;146;148;150;151;154;156;157;158;160;161;162;164;166;167;168;171;172;173;174;177;178;179;181;185;186;187;191;192;196;200;202;204;205;206;207;209;212;213;214;215;217;221;223;227;228;229;230;232;235;236;237;238;239;241;246;250;258;263;265;269;270;273;274;275;279;281;284;290;293;294;295;299;305;307;308;309;310;311;312;314;315;316;318;319;320;323;325;326;328;329;330;331;332;333;334;335;336;338;339;340;341;343;345;346;348;349;350;352;354;359;360;362;365;368;369;370;372;377;379;380;381;382;383;384;385;387;388;391;393;395;397;399;401;403;404;405;406;408;409;410;413;415;416;418;422;423;426;427;428;429;432;436;437;438;439;442;443;445;448;449;450;451;456;460;461;465;466;467;468;474;477;479;480;485;488;489;492;493;494;496;497;498;500;501;502;503;504;507;508;509;510;511;512;513;514;515;517;519;520;532;533;539;540;541;543;544;545;548;549;553;554;555;556;557;560;563;565;567;569;570;573;575;577;578;579;580;582;585;586;587;588;589;590;591;595;597;598;599;600;601;602;603;605;606;607;609;611;616;617;618;619;622;624;626;627;629;631;632;635;640;642;644;646;647;652;653;655;660;662;663;664;665;669;670;675;677;678;679;681;682;683;684;685;687;690;692;693;694;696;697;698;703;704;705;710;711;713;714;715;716;718;721;722;724;726;729;732;733;736;737;741;742;744;745;749;750;751;752;754;755;757;758;759;760;762;764;765;768;772;775;776;778;779;781;782;784;786;788;790;791;793;796;798;803;805;807;808;810;813;816;817;819;820;825;827;828;831;835;837;840;841;842;844;845;846;847;848;850;851;856;857;858;859;860;863;866;867;868;869;871;872;873;875;876;879;880;882;883;888;889;891;892;893;901;902;907;908;909;914;916;917;918;920;922;924;928;931;933;936;938;940;941;943;945;952;953;959;960;961;963;966;970;971;973;976;978;979;981;983;985;986;993;995;996;997;999;1000
895;1;3;5;7;11;15;16;19;21;22;23;27;30;31;33;34;35;36;38;39;40;42;45;46;48;49;50;53;54;56;58;59;60;62;63;68;70;72;74;78;79;82;86;87;89;92;93;94;96;100;101;103;104;106;110;111;114;115;117;119;121;122;123;125;126;127;128;131;133;137;140;143;146;147;151;152;153;154;155;156;157;158;159;161;162;164;165;167;168;170;172;174;175;176;177;179;180;181;183;185;189;191;193;196;199;201;203;205;206;208;209;216;225;229;230;232;234;235;236;238;239;240;241;244;246;247;248;249;251;252;255;257;259;261;262;267;269;271;272;274;275;278;280;283;285;291;297;298;299;300;301;305;306;307;311;312;313;314;315;317;318;319;321;324;327;329;332;335;337;338;340;343;344;346;347;348;350;353;354;357;358;362;363;364;366;368;369;370;378;383;384;387;394;395;396;398;400;401;402;404;405;406;408;410;414;415;416;417;420;424;427;430;431;433;434;435;437;438;439;443;447;448;450;452;453;454;455;457;459;460;466;467;468;469;470;471;472;473;474;478;479;480;481;482;484;485;486;490;491;492;493;494;495;496;498;499;501;502;503;504;506;507;509;510;511;513;516;517;519;522;524;527;529;531;532;534;535;536;537;539;541;542;543;547;548;551;553;555;557;560;564;565;566;569;570;571;572;573;574;576;577;579;581;582;583;584;586;587;590;591;593;594;595;598;600;601;602;603;605;607;608;609;611;612;614;617;618;619;621;622;627;631;637;638;639;642;643;645;648;649;650;651;652;654;656;657;658;659;660;661;662;663;665;666;667;668;670;672;673;674;676;679;680;685;686;687;692;693;694;696;698;701;703;708;711;712;713;714;716;717;718;719;720;721;722;723;724;726;728;729;730;732;735;737;738;739;741;742;744;748;750;753;754;755;756;757;764;765;766;767;768;772;774;776;777;781;782;784;785;786;787;792;795;796;798;800;801;802;803;805;807;810;811;812;815;818;819;821;823;826;827;829;830;832;833;834;839;840;842;843;848;851;852;854;856;857;858;859;861;864;867;869;871;873;876;879;880;881;883;884;885;888;889;890;891;896;898;904;905;908;912;913;914;917;918;919;922;924;925;930;933;936;937;938;939;940;944;945;946;953;955;957;960;963;968;971;976;978;982;984;986;990;991;993;996;997;998;999
896;3;7;10;12;13;20;22;23;26;27;28;29;30;33;35;36;40;41;43;49;50;52;53;54;58;59;60;61;62;66;67;69;71;72;73;75;77;79;80;83;89;90;92;95;97;98;109;110;114;117;118;120;126;127;131;132;135;137;141;142;145;146;147;148;149;151;154;157;159;160;161;164;167;168;171;172;173;174;177;178;179;182;183;184;185;187;191;192;194;195;198;205;206;208;213;214;216;219;221;226;227;230;232;233;237;238;241;242;243;245;247;250;252;255;256;260;261;262;264;268;270;271;272;273;274;275;277;280;281;282;283;285;286;289;290;293;295;296;297;298;299;301;302;303;304;305;306;307;308;309;310;311;316;317;319;321;322;323;325;328;330;331;332;333;334;335;338;341;344;352;353;360;361;363;365;366;367;370;375;377;378;379;382;383;384;385;386;387;388;389;391;393;394;396;398;399;400;402;405;406;411;416;420;421;422;424;425;426;428;429;430;431;432;434;435;439;441;443;444;446;449;450;451;453;455;456;457;458;462;463;464;465;469;470;471;473;475;476;479;482;483;489;490;491;494;495;496;498;501;502;503;506;508;509;510;512;513;515;516;517;518;520;524;528;529;530;535;536;539;540;541;542;543;544;545;548;549;551;554;557;558;559;560;561;564;565;568;570;571;572;573;574;575;577;581;584;585;586;587;588;591;592;595;596;597;598;600;603;604;608;611;614;618;621;627;631;632;633;634;642;643;645;646;647;648;650;654;655;657;658;659;660;661;662;663;664;665;666;668;670;673;674;677;678;679;681;683;684;689;690;691;692;693;694;695;696;698;703;704;705;708;709;710;714;715;722;725;727;728;730;731;732;735;736;737;739;740;741;744;746;747;748;749;751;753;759;760;761;767;769;771;774;781;782;783;785;787;789;790;791;796;797;799;802;804;806;807;809;811;814;815;816;817;818;819;824;826;827;828;830;834;836;837;838;839;840;843;845;848;861;862;863;864;865;870;871;872;874;875;878;880;886;892;895;897;899;901;902;903;908;909;914;916;917;918;921;926;928;929;931;932;933;936;937;938;939;940;943;946;947;949;950;951;953;955;960;961;964;967;968;969;971;972;974;975;978;981;982;983;987;992;994;998;1000
897;1;3;5;6;7;9;10;11;12;13;15;16;17;18;19;20;22;26;27;28;29;31;32;34;36;37;39;40;44;45;46;47;48;49;50;51;52;55;58;60;62;63;67;71;72;73;75;78;79;80;81;84;86;87;88;90;91;92;93;98;100;101;102;103;104;105;106;108;109;110;111;113;114;115;116;118;119;121;122;123;124;125;126;127;128;130;133;137;141;144;146;147;152;154;155;158;161;164;169;170;171;172;175;177;180;181;182;184;185;190;192;195;197;198;200;201;202;203;205;207;211;213;214;216;217;218;219;220;221;224;227;230;235;236;237;239;240;241;244;247;248;250;255;256;257;258;261;262;264;267;271;273;275;276;277;279;281;284;285;287;290;291;292;293;294;297;298;299;301;302;306;309;312;313;319;320;321;322;324;326;332;336;343;344;347;350;353;354;359;360;365;366;367;368;374;377;378;379;382;388;392;393;396;398;403;404;406;409;410;412;413;415;420;421;423;427;429;430;431;433;434;435;439;441;442;443;444;445;447;448;450;451;452;456;457;458;459;462;464;465;467;471;474;475;476;477;478;480;481;483;484;485;487;488;489;491;495;496;499;500;502;503;505;510;511;513;515;516;518;519;520;521;527;530;531;535;538;543;545;549;550;551;552;553;554;557;559;562;564;565;567;568;569;571;573;578;584;586;588;591;592;596;597;598;602;603;604;609;610;612;618;619;620;622;626;627;628;630;632;634;635;637;638;639;641;643;644;645;650;651;652;653;657;660;661;663;664;668;669;674;675;678;679;683;684;685;687;692;694;696;697;700;702;704;705;706;707;710;711;712;716;717;719;720;721;723;725;731;732;736;738;742;744;745;747;748;749;750;751;752;756;761;763;764;767;768;769;772;774;777;778;779;781;783;789;791;792;799;804;805;806;807;809;810;812;813;815;816;818;821;825;828;834;835;838;839;840;841;842;844;845;847;850;856;857;859;861;864;866;867;869;870;872;874;878;879;881;882;887;888;890;893;896;898;899;900;901;902;904;907;908;909;912;913;915;918;919;920;921;923;924;926;928;929;932;934;935;937;939;940;941;942;944;946;947;950;954;955;956;959;960;962;964;965;966;967;968;970;971;973;975;977;979;981;987;990;992;995;996;998;999
898;4;5;8;9;11;12;19;21;25;28;29;31;33;36;38;40;43;45;60;62;63;64;68;70;77;78;79;80;81;82;85;86;88;96;98;100;102;103;104;105;106;111;113;114;115;120;123;124;125;128;130;132;133;136;139;140;143;145;146;147;150;151;153;155;162;166;167;168;171;172;175;183;185;186;187;188;191;192;195;198;200;201;202;203;204;208;209;211;213;216;219;220;223;226;227;230;231;234;235;237;239;241;244;247;250;251;253;255;257;258;262;267;268;271;274;275;276;277;279;281;283;284;285;287;290;291;294;295;297;298;299;301;303;316;317;318;320;322;324;325;326;327;332;334;335;336;339;340;343;347;351;352;355;356;358;363;366;370;371;372;373;374;375;376;379;381;384;385;387;392;393;394;395;396;397;398;399;400;404;405;409;410;413;414;415;416;418;421;423;431;435;436;437;438;439;441;442;443;444;445;446;447;449;451;452;453;454;455;457;459;461;463;464;465;468;472;474;476;478;479;480;482;484;486;487;488;489;492;493;495;496;497;499;501;507;508;509;510;511;513;516;519;522;523;525;528;530;532;533;534;538;539;540;545;547;551;552;553;558;559;560;561;562;564;567;568;570;574;576;578;580;582;583;588;589;590;592;593;595;596;598;599;600;603;607;608;612;614;617;618;619;623;630;636;639;640;641;642;645;646;647;648;649;650;651;652;654;656;658;659;660;663;664;666;667;671;672;676;677;679;680;681;683;687;688;689;690;691;696;700;701;705;710;713;715;717;722;723;724;726;729;730;732;737;741;743;744;745;748;750;751;752;755;757;758;759;760;761;762;763;764;767;769;770;771;772;783;784;788;789;790;791;792;796;798;799;801;803;804;806;808;815;819;820;822;824;825;826;828;829;831;833;834;837;838;839;840;843;844;846;848;849;850;851;852;853;855;856;857;858;859;860;861;862;864;865;866;867;868;875;876;877;880;882;888;889;892;893;895;897;904;906;907;910;911;912;913;914;919;920;921;924;927;931;932;935;937;939;940;941;945;948;949;950;953;954;955;956;957;958;959;962;964;969;970;972;974;976;978;980;981;982;983;984;985;986;988;990;991;998
899;1;3;8;9;10;13;15;18;19;20;21;23;25;26;30;31;32;33;34;36;39;42;43;44;46;48;50;52;53;55;57;58;60;62;63;65;66;67;70;73;76;78;79;82;84;86;91;92;94;95;96;98;101;102;104;112;114;115;117;119;120;121;123;125;126;128;129;130;131;133;136;137;138;139;141;143;144;146;147;149;150;151;153;154;158;159;161;163;164;168;169;170;172;173;174;177;178;179;180;181;182;183;184;185;187;190;195;199;200;205;206;208;209;210;211;222;223;226;228;229;232;233;234;237;239;240;241;244;245;246;247;248;249;250;254;255;256;257;259;260;264;265;266;269;271;278;282;284;285;286;290;291;292;293;294;295;296;297;299;301;304;305;306;307;309;313;315;317;318;319;320;324;325;328;329;331;332;333;336;338;339;340;345;346;347;348;349;351;352;353;354;355;357;358;359;363;364;366;369;371;372;374;375;376;378;379;380;381;382;387;388;389;390;393;395;396;399;400;401;402;403;404;405;407;409;410;412;413;415;417;418;421;422;426;427;428;429;430;432;433;439;440;443;445;446;448;450;451;458;459;461;462;463;464;466;469;470;473;475;478;482;483;488;489;492;494;496;497;498;499;502;506;507;508;509;511;512;513;514;515;517;518;519;521;525;526;528;535;538;539;540;544;545;546;554;555;556;559;562;563;567;569;570;575;577;578;579;582;583;592;593;595;599;600;601;602;603;605;607;608;609;610;612;614;615;616;617;618;619;620;622;623;624;627;630;631;634;637;639;641;642;643;645;646;650;652;653;654;655;656;660;664;665;667;669;670;671;673;679;687;692;693;694;695;696;699;701;703;704;705;706;709;711;713;714;716;717;718;720;723;727;731;733;735;737;738;743;744;745;746;751;754;758;759;760;761;764;767;768;769;771;772;773;774;775;776;777;778;780;781;784;785;787;788;793;794;795;797;798;799;802;803;805;806;807;809;810;811;814;816;817;819;820;822;825;826;827;829;830;831;832;833;837;838;839;840;843;845;846;847;852;853;857;858;859;862;864;869;870;871;872;873;874;875;877;879;880;885;886;887;888;890;891;892;893;896;897;901;903;904;905;906;910;916;917;918;919;920;924;926;929;930;932;934;935;940;942;943;944;945;947;949;950;951;954;959;960;962;964;965;966;972;974;976;977;978;979;985;988;989;994;995;997;999;1000
900;2;3;4;6;8;9;10;13;14;17;18;19;20;22;24;27;30;35;41;42;44;47;49;50;58;61;63;64;65;66;70;78;79;84;85;87;90;92;93;94;95;97;101;102;104;108;109;115;116;117;120;121;122;125;127;128;129;133;134;136;137;138;139;141;142;143;147;151;152;156;159;164;167;169;170;172;174;175;176;180;182;183;187;188;191;195;197;198;202;204;205;209;212;213;214;216;217;218;219;220;222;223;224;225;232;234;235;236;238;239;242;244;247;249;254;258;259;261;263;265;266;272;273;274;275;279;280;282;284;285;287;292;293;294;295;296;297;298;299;300;302;303;304;308;309;310;311;312;316;317;318;319;320;321;322;324;325;326;327;328;329;330;332;333;334;335;336;337;339;340;341;345;346;348;350;352;354;355;356;358;361;362;363;365;367;369;371;372;374;375;376;378;380;384;388;389;391;392;394;397;399;400;402;404;406;408;409;412;416;417;418;422;426;427;429;430;431;433;434;435;437;440;442;443;445;446;447;448;450;453;454;457;459;462;463;464;465;466;467;469;473;474;475;476;478;480;481;483;486;487;488;489;492;495;497;498;500;502;508;510;511;512;514;515;517;518;523;524;525;528;529;531;533;534;536;537;539;540;543;544;545;546;547;548;549;552;553;557;558;561;562;564;567;568;569;570;571;574;576;578;579;581;583;584;585;590;591;592;594;596;598;599;600;602;606;608;609;610;611;614;618;620;623;624;625;627;628;634;643;645;646;649;652;653;654;656;657;658;659;665;666;667;668;671;674;675;676;679;680;682;687;688;690;691;692;693;694;697;699;701;702;703;706;708;709;714;715;717;718;719;720;722;723;724;726;727;728;729;731;732;733;734;735;736;738;740;741;742;747;748;750;751;752;754;758;759;761;764;765;766;769;772;774;777;778;779;780;781;782;783;786;787;788;792;793;794;797;800;802;803;805;806;807;808;810;812;813;815;816;817;818;820;822;823;827;828;829;831;832;833;836;837;838;839;844;846;849;850;854;857;858;859;861;863;864;865;866;868;870;871;873;877;882;889;890;891;897;901;902;904;906;907;909;913;914;919;924;926;928;929;932;933;935;938;940;944;946;949;950;952;953;956;957;959;960;961;963;964;965;967;969;971;972;973;975;976;978;980;981;982;985;986;990;996;997;1000
901;2;3;5;6;8;13;17;18;20;22;23;26;27;29;30;33;34;36;37;40;43;46;47;48;51;52;53;56;58;60;61;63;64;66;67;68;69;71;73;76;78;80;81;83;86;87;88;90;93;95;96;98;104;105;106;107;108;109;110;115;119;120;123;124;125;126;130;131;132;133;140;141;143;146;148;152;153;155;157;158;166;169;171;172;178;180;181;182;185;188;190;193;196;197;198;199;202;206;207;209;210;211;212;215;218;219;223;225;226;227;234;235;236;240;242;243;246;247;248;249;253;254;256;257;259;260;261;262;263;264;267;270;272;273;275;279;280;281;282;283;284;286;290;294;295;297;298;301;305;307;309;314;315;317;318;322;326;328;330;331;332;338;339;340;341;344;345;346;348;349;350;352;353;354;356;357;358;360;361;362;364;365;367;370;371;375;376;378;380;381;382;383;385;387;389;390;392;393;394;395;398;399;402;405;406;407;408;409;414;415;416;419;420;423;424;425;428;431;432;434;435;437;439;440;442;449;450;453;455;457;460;461;467;471;473;475;479;482;489;490;491;492;494;497;499;500;503;504;505;506;507;510;513;515;517;518;521;522;524;527;528;529;531;532;534;535;536;539;543;544;545;546;547;549;550;552;553;554;557;558;561;563;565;567;568;569;570;572;575;576;577;579;582;583;586;587;588;589;591;593;594;595;596;599;603;604;605;610;611;613;616;617;618;619;620;624;627;630;631;634;635;636;637;640;641;642;643;644;645;646;648;650;651;654;655;656;657;659;662;663;665;668;669;679;680;681;684;689;691;692;695;697;698;700;703;704;705;706;707;713;714;718;719;720;722;724;725;726;728;731;734;736;738;740;741;742;744;745;750;752;755;756;758;760;761;764;768;769;770;772;776;779;781;782;783;785;788;790;791;792;796;799;800;804;807;809;812;814;815;816;818;820;821;822;826;833;836;843;845;846;847;849;850;852;859;861;864;865;866;868;869;872;873;880;881;882;889;891;894;896;897;899;900;903;904;906;907;908;909;910;911;913;914;915;916;917;919;922;923;927;929;932;937;939;940;941;944;950;952;957;960;963;970;971;973;975;978;981;992;995;996;1000
902;3;5;6;7;8;9;11;14;16;18;21;23;25;26;29;30;31;33;34;35;36;37;38;40;46;49;53;56;60;61;63;65;67;68;69;70;71;73;84;85;89;91;92;95;97;104;105;109;110;111;112;114;117;118;120;121;122;123;124;125;129;130;131;132;134;135;136;137;138;141;142;146;151;152;155;157;159;163;168;169;170;171;173;177;181;183;184;185;186;188;190;191;193;194;195;196;198;199;201;202;204;207;208;210;213;214;215;217;220;222;223;225;227;229;230;232;235;236;245;247;248;249;251;252;254;255;256;258;261;263;266;267;268;269;270;271;278;281;282;284;286;290;291;294;299;301;303;305;306;307;310;313;314;316;317;320;323;324;326;330;332;333;334;336;341;342;344;345;347;348;351;355;357;361;362;363;369;370;371;372;374;375;377;378;379;380;382;383;384;387;388;389;391;394;395;396;397;398;401;402;405;407;408;409;410;411;413;414;415;418;420;421;422;424;426;427;428;430;434;436;438;439;440;443;446;447;448;451;453;456;457;458;460;461;464;466;471;473;474;476;479;482;485;487;489;490;492;493;495;498;499;502;506;507;508;510;514;517;518;522;523;526;529;530;531;534;535;542;548;550;551;552;556;558;559;560;562;563;564;565;568;570;574;576;580;585;587;589;590;593;596;598;604;605;607;609;612;613;616;617;620;623;624;625;628;629;632;635;638;639;640;644;647;648;649;652;654;660;661;662;663;665;667;668;670;671;672;673;679;681;682;684;688;690;691;692;694;695;696;698;699;700;703;705;706;708;711;713;714;715;716;717;721;722;728;730;731;734;736;737;740;743;745;746;747;750;751;753;757;758;759;760;761;762;763;766;769;770;773;777;779;781;785;786;787;788;789;791;794;795;797;799;800;801;803;805;806;809;811;812;814;817;818;819;823;824;826;830;831;832;834;837;838;844;845;850;852;853;854;857;859;864;865;867;868;871;872;873;876;877;878;879;880;881;882;885;887;888;889;890;894;896;897;900;903;905;906;908;912;914;916;922;924;925;926;930;933;935;940;945;951;953;954;956;957;959;960;963;966;968;969;970;971;972;973;974;978;983;984;985;986;987;989;990;992;993;994;996;999
903;2;3;6;8;9;11;12;16;17;18;21;23;25;26;27;28;30;34;36;37;38;40;41;42;43;47;48;49;51;53;54;55;59;60;61;64;67;69;72;73;75;79;80;82;84;85;86;88;89;92;94;95;102;103;104;106;110;111;112;115;118;119;121;125;126;127;129;131;134;141;142;145;147;148;151;153;154;155;156;158;159;161;162;167;168;170;173;174;177;179;180;181;182;186;187;188;190;195;196;197;200;201;202;204;207;208;209;212;213;214;215;216;219;220;224;225;226;227;229;232;233;237;239;240;242;244;247;250;251;253;255;257;259;260;263;266;267;268;269;270;273;274;276;277;282;283;285;287;288;289;293;297;299;300;303;304;305;306;309;312;314;315;318;319;324;326;331;332;336;337;341;344;345;347;348;350;351;353;354;356;358;359;360;361;362;367;371;374;377;378;379;380;382;384;387;392;393;394;397;401;404;406;408;409;416;418;419;420;422;423;424;425;427;428;429;431;433;434;437;442;444;445;447;448;449;450;455;456;459;461;464;465;471;472;473;474;475;477;479;481;483;484;485;487;488;490;492;494;495;496;498;499;500;501;502;503;505;509;512;513;514;517;520;521;522;525;527;528;531;533;535;536;537;538;540;543;544;545;546;549;550;552;553;556;557;560;566;568;571;572;573;575;577;578;579;581;582;583;585;587;591;593;595;597;599;601;604;607;613;614;620;622;623;624;625;628;629;631;636;638;642;644;652;656;657;658;662;664;666;668;669;671;674;678;680;682;683;684;687;689;693;694;695;698;702;705;707;708;711;712;714;716;717;718;719;720;721;722;724;725;726;728;729;730;732;733;736;737;740;741;742;744;745;746;747;749;751;752;754;755;757;758;759;760;762;763;766;767;768;770;772;774;776;781;782;783;784;785;786;789;790;792;793;794;797;802;804;805;808;810;811;816;817;820;821;822;826;831;833;839;841;842;845;846;848;849;850;851;853;855;856;859;861;864;866;868;869;870;871;872;874;875;879;880;881;886;888;896;899;901;902;905;907;910;911;912;913;917;918;921;922;924;925;926;930;931;934;935;939;940;944;946;950;951;952;953;958;959;965;968;970;972;975;976;980;983;984;987;988;992;993;996
904;1;2;3;4;5;6;8;9;12;13;16;17;18;23;25;28;29;30;31;34;36;37;38;41;42;47;50;52;55;56;58;60;62;63;66;68;69;70;71;72;75;76;77;78;81;82;83;84;85;86;87;91;94;95;96;100;101;102;105;111;113;114;115;116;117;119;120;122;125;126;128;129;130;132;134;135;136;138;139;140;141;144;145;149;152;154;155;157;159;160;162;165;166;169;171;173;174;179;181;182;184;188;190;191;192;193;196;199;201;202;203;206;207;208;209;211;213;214;215;217;221;222;225;228;229;230;232;233;234;246;247;257;258;259;261;264;265;267;269;270;271;274;281;282;287;288;289;290;292;293;298;300;301;303;305;306;310;313;315;319;320;321;322;323;324;325;327;329;330;331;336;337;338;340;344;346;347;348;349;351;352;353;354;361;363;364;365;368;369;371;372;374;377;378;379;380;383;384;385;386;387;388;389;391;392;393;399;401;402;409;410;411;412;413;418;420;421;423;424;426;428;429;430;432;434;436;437;444;445;446;449;450;451;452;454;455;461;462;463;464;466;469;470;472;474;476;480;481;482;483;485;487;490;491;492;493;495;496;497;500;502;504;505;506;507;508;509;510;511;512;513;514;516;520;522;524;525;531;532;534;535;537;538;540;541;545;551;553;554;556;557;560;561;564;565;566;568;570;571;573;576;577;579;580;582;583;588;589;590;592;593;595;596;597;598;599;600;603;604;605;606;607;609;610;614;620;625;626;627;631;634;637;642;643;648;649;653;659;662;663;668;669;671;672;675;677;679;680;681;682;685;687;690;691;693;694;695;697;699;701;702;704;706;707;710;712;714;715;717;718;721;722;725;726;727;728;731;734;735;738;739;740;741;743;744;747;748;750;751;753;755;756;760;762;765;766;767;768;771;772;773;774;779;781;784;787;790;791;792;793;794;795;797;798;799;800;802;806;808;809;810;811;812;813;814;815;816;817;818;819;821;823;824;827;828;829;830;831;832;835;837;838;839;844;845;846;851;856;858;859;860;863;864;865;871;872;873;874;875;876;877;878;879;880;881;882;884;885;886;887;890;895;897;898;899;900;901;905;907;908;912;915;920;925;926;929;932;933;934;935;936;939;940;941;951;953;956;959;960;961;962;963;964;965;966;970;974;975;976;979;984;986;987;988;989;990;991;993;994;996;998
905;2;8;9;10;12;14;17;24;26;29;33;34;36;37;39;42;44;46;47;48;49;51;52;55;56;58;62;64;65;69;71;72;74;76;80;81;82;84;86;87;88;95;97;100;102;103;105;106;108;110;114;116;117;118;119;120;124;126;128;129;130;134;136;142;143;146;147;150;152;155;159;160;161;163;165;167;170;172;174;177;179;180;181;182;183;186;187;188;190;191;194;195;196;197;200;202;203;204;207;208;209;212;221;223;224;225;226;227;228;231;234;235;237;239;242;245;250;251;255;257;259;261;266;267;273;277;279;281;285;287;288;289;294;297;299;300;303;304;306;307;308;309;310;311;313;314;315;318;320;321;323;324;326;327;328;329;332;334;336;337;338;339;341;342;343;345;346;347;350;352;359;360;361;363;364;372;373;375;376;377;379;381;382;384;385;386;387;389;390;391;394;406;408;410;412;414;415;421;425;426;427;432;435;436;439;441;442;443;444;445;450;457;460;464;465;467;468;470;471;472;474;478;481;483;484;487;488;489;490;492;496;497;506;508;510;511;513;514;515;516;517;519;521;523;524;525;526;527;530;531;532;533;534;535;537;538;539;540;549;550;556;559;560;561;562;564;569;570;573;576;578;579;584;585;588;589;591;594;596;597;598;602;603;604;605;606;607;608;612;613;614;615;619;620;621;622;624;626;627;630;632;636;637;638;641;643;648;649;650;652;657;658;659;662;663;664;668;671;672;673;674;676;679;680;682;686;687;688;689;692;699;700;703;707;708;710;711;712;713;717;719;720;723;727;730;731;732;733;734;738;742;743;744;745;749;753;755;757;758;759;760;761;762;766;770;772;773;774;777;778;780;781;785;786;787;800;801;802;804;805;807;808;809;811;814;815;820;821;822;826;828;831;832;834;837;840;841;843;845;847;849;852;854;856;858;861;866;867;872;875;878;881;882;884;885;886;887;892;895;899;902;903;904;907;912;914;915;917;919;923;924;926;927;930;932;933;934;935;936;939;940;941;942;943;944;947;948;949;950;951;956;958;960;961;962;964;967;970;973;974;975;979;982;984;985;986;988;989;990;992;996;997;1000
906;1;2;4;5;8;9;12;14;16;23;26;29;32;34;37;39;41;42;51;52;53;54;55;57;58;59;63;64;66;67;68;69;70;72;75;77;79;80;82;83;86;87;88;89;90;91;93;95;96;97;100;101;104;105;108;109;112;114;118;124;125;129;131;132;134;136;138;140;141;143;145;146;148;149;150;151;153;157;160;163;164;167;168;169;170;171;175;177;178;182;183;184;185;186;191;192;196;197;202;206;209;210;212;213;214;217;219;220;225;226;230;232;233;234;236;237;238;239;246;247;248;249;253;256;258;259;261;265;266;270;277;279;281;282;284;287;289;292;299;303;306;308;309;311;312;314;316;317;318;319;322;323;324;327;329;335;339;343;345;346;350;356;361;363;367;370;375;379;384;385;390;391;392;394;397;398;401;402;403;405;407;409;410;412;413;415;420;424;429;430;432;433;434;435;439;440;441;442;443;446;447;449;453;455;461;465;466;468;471;473;474;478;480;482;483;484;485;487;489;490;491;492;495;496;497;499;501;505;506;508;509;511;512;514;521;524;526;527;528;529;530;533;538;543;544;545;546;547;548;549;551;552;554;555;558;560;562;563;564;565;567;568;569;570;571;576;578;582;584;585;589;592;595;596;598;601;602;603;605;606;611;612;614;615;617;621;624;626;627;628;630;635;639;640;641;642;646;647;648;649;654;655;657;660;661;662;664;666;667;668;669;672;674;675;676;679;681;682;685;686;690;692;694;695;701;702;703;704;707;709;711;712;713;717;718;725;726;727;728;729;732;733;734;742;743;746;747;748;751;752;753;756;757;759;764;766;767;769;770;772;773;774;775;778;779;780;781;783;785;788;789;790;792;794;796;797;800;801;803;807;809;810;812;813;815;817;820;821;823;825;829;830;831;832;834;836;838;841;844;846;851;854;855;859;860;863;864;865;866;868;872;874;875;876;877;879;880;881;882;883;884;886;888;892;898;899;900;901;902;907;910;913;916;919;920;922;926;928;931;934;935;937;938;940;942;943;944;947;948;949;950;951;952;956;960;961;967;969;970;972;975;977;979;980;984;986;988;989;990;991;993;994;996;997;999
907;2;4;6;8;9;11;12;13;14;15;16;17;18;21;24;27;28;31;33;34;36;38;39;40;42;44;46;47;50;51;52;55;56;57;62;64;65;66;67;70;71;72;74;84;85;88;92;95;97;100;101;103;105;106;108;111;112;120;121;126;131;133;134;135;137;138;139;140;141;142;144;149;153;155;156;157;159;160;162;163;171;172;177;181;184;185;186;188;190;192;193;198;199;200;201;203;207;211;213;216;217;218;219;221;226;232;235;236;237;239;241;249;256;257;258;259;262;263;265;266;267;269;270;271;272;273;274;275;277;278;279;281;282;283;287;289;290;296;298;299;300;301;302;303;304;305;306;307;309;311;313;318;319;321;326;327;328;333;334;336;337;339;341;342;343;344;345;346;349;351;354;359;365;366;368;370;371;373;374;375;376;378;379;382;384;385;387;388;390;391;392;394;396;397;398;399;400;401;402;403;405;406;407;410;412;413;417;418;419;423;425;428;431;432;433;434;438;445;446;454;455;458;459;462;463;465;469;470;474;476;478;479;480;482;483;484;485;488;491;492;494;495;497;500;501;505;506;508;509;510;511;512;517;518;520;522;529;530;531;536;539;541;543;545;546;547;548;558;559;560;565;566;567;569;571;574;577;580;581;583;585;587;590;591;592;596;597;598;604;605;606;607;608;610;611;614;615;619;623;624;626;631;634;639;644;647;652;654;655;656;658;661;664;668;669;671;672;675;678;682;684;686;689;690;691;692;693;695;696;697;698;701;702;707;708;709;711;713;715;717;718;722;724;725;727;728;729;733;734;735;736;738;739;740;742;743;747;748;751;752;755;756;757;758;760;763;765;766;767;768;769;770;772;773;776;777;783;785;786;787;790;794;796;797;798;799;800;801;803;804;805;806;812;816;819;820;821;823;825;826;828;829;831;832;834;835;836;840;841;842;843;845;846;852;853;855;856;860;861;863;867;874;877;878;880;884;885;886;887;889;892;893;894;897;898;900;901;903;904;905;906;908;914;915;918;921;922;924;926;927;928;929;931;935;936;938;944;945;950;951;956;958;963;965;967;968;970;971;972;975;977;980;983;986;989;990;991;992;993;994;997;998;1000
908;1;3;4;7;10;11;13;14;17;20;21;22;24;25;27;30;31;35;36;37;41;42;43;44;46;47;48;52;53;55;56;57;58;59;61;66;68;71;73;74;78;82;84;85;89;90;94;98;101;103;107;113;116;123;125;127;129;133;134;135;136;137;138;139;140;142;143;146;148;150;151;152;156;158;164;169;171;172;174;175;176;177;178;181;182;186;188;190;193;194;197;199;201;202;203;206;207;208;209;211;212;213;214;216;218;222;225;226;228;229;231;232;234;236;239;241;242;245;246;247;249;250;253;255;256;257;260;265;266;269;271;274;275;276;278;279;280;283;285;289;290;293;294;295;296;300;302;303;304;308;309;310;313;316;317;320;321;322;323;324;325;327;328;330;333;336;339;340;342;345;346;351;352;353;354;355;357;360;361;365;366;371;374;378;380;384;385;387;388;391;399;400;403;404;406;407;409;411;412;414;416;418;421;422;424;425;426;428;429;430;431;433;434;437;440;441;443;444;446;447;448;450;451;452;453;454;457;459;465;466;468;469;470;472;475;478;481;482;483;487;488;490;491;492;493;496;497;498;499;500;501;503;505;507;510;511;513;514;516;519;521;523;527;531;532;534;535;537;539;541;544;545;546;547;549;552;553;554;556;557;558;562;565;566;567;570;571;573;576;577;578;582;583;584;586;588;589;590;591;592;593;596;597;600;602;603;608;609;610;612;613;617;618;619;622;623;624;625;626;627;629;630;631;632;633;637;638;641;642;643;645;647;651;653;654;657;659;663;672;677;679;680;682;685;686;689;690;691;692;693;694;696;698;703;706;709;710;711;713;714;715;717;718;720;721;722;724;725;727;728;730;732;733;734;736;740;743;744;747;748;750;751;753;754;755;760;761;767;769;772;774;777;778;780;782;783;785;787;788;790;791;794;795;796;797;802;805;806;807;814;817;818;821;822;823;825;828;829;831;832;833;836;839;840;842;843;844;848;852;853;855;856;857;858;859;861;862;864;865;866;867;868;869;870;871;872;873;874;876;877;879;881;882;883;884;887;888;890;894;895;896;897;901;902;904;907;909;910;911;912;913;916;918;919;920;925;926;927;928;929;931;932;934;941;944;945;947;950;952;953;956;957;959;965;966;969;970;972;973;974;975;980;981;982;984;986;988;992;993;994;996;997;998;999
909;8;9;11;13;14;15;16;17;18;20;21;22;23;24;25;26;28;31;32;33;36;44;50;54;55;58;60;61;62;65;68;73;76;77;79;82;85;86;91;92;93;94;96;97;98;100;101;103;105;107;108;110;112;113;114;116;117;118;120;121;122;128;129;130;132;134;139;142;145;150;152;153;156;157;159;160;161;163;164;165;167;169;174;176;177;178;179;180;182;184;185;189;191;194;195;196;199;200;201;204;205;206;207;208;210;211;212;213;218;220;221;222;225;226;231;232;233;235;236;237;238;239;240;241;243;244;246;247;251;253;255;257;258;260;261;262;263;265;266;268;271;274;279;280;281;282;284;285;287;290;292;297;299;300;302;304;305;308;310;312;313;315;316;317;318;319;320;322;323;324;325;326;327;328;329;330;332;333;334;336;340;341;344;346;347;348;351;355;361;363;365;366;367;369;371;372;373;374;375;376;378;381;382;383;386;387;389;390;391;392;394;396;400;401;403;404;405;406;407;408;412;413;414;418;419;420;421;422;424;425;427;429;430;433;435;437;438;441;442;446;449;451;452;458;459;465;466;467;468;470;471;477;478;480;484;486;489;493;494;495;496;497;500;502;504;507;508;511;512;515;517;520;521;523;524;525;527;529;530;531;534;535;537;538;540;544;547;549;550;551;553;554;557;558;560;563;565;566;567;568;569;571;572;575;577;582;583;589;590;592;593;594;595;598;599;600;603;604;606;608;609;610;611;612;613;617;623;624;627;628;634;636;637;638;640;641;643;645;650;651;654;655;660;662;667;669;670;671;674;676;677;679;684;687;688;689;690;691;692;694;696;697;701;702;703;706;708;709;710;712;713;715;716;718;721;722;725;726;727;729;732;735;736;738;739;743;747;748;751;752;755;759;762;766;768;770;771;772;774;776;777;778;779;783;785;787;788;793;794;801;804;805;807;808;812;819;822;824;825;827;829;833;834;835;837;838;841;842;843;844;846;847;849;853;856;857;858;859;863;866;867;868;869;870;872;873;878;879;880;881;882;883;887;890;892;894;896;897;900;901;908;910;912;913;914;917;919;921;924;925;926;928;929;930;931;932;934;936;937;939;941;944;946;947;949;950;954;956;957;958;960;962;963;964;965;966;967;968;973;974;977;980;983;984;986;987;988;990;993;996;997
910;1;2;5;8;12;13;14;16;19;20;21;24;25;27;28;30;31;34;35;37;39;40;41;43;45;51;55;59;60;61;65;66;71;72;73;74;75;76;77;79;80;81;83;84;85;86;87;88;91;94;96;97;99;100;102;103;104;105;108;113;114;119;123;124;125;126;127;129;130;131;133;136;139;141;146;148;150;152;153;155;156;158;159;160;161;162;164;165;166;169;174;175;177;178;179;180;182;186;192;193;194;196;201;203;206;207;208;211;212;215;217;218;220;221;222;224;225;228;230;232;234;236;239;240;242;245;247;253;256;259;260;262;263;268;271;273;276;279;284;288;290;295;297;301;303;313;315;316;317;320;324;327;328;329;333;335;336;337;339;340;341;344;345;346;347;348;351;354;355;357;358;359;360;361;362;364;365;371;372;373;374;376;377;378;379;380;381;383;387;389;390;391;393;394;395;396;399;401;402;404;405;408;409;411;412;413;415;416;418;420;421;422;424;427;429;430;432;433;436;437;438;439;441;442;443;447;451;455;457;459;460;463;464;465;466;470;475;483;484;489;491;493;497;498;499;500;503;504;507;509;510;511;512;514;515;521;523;525;528;529;530;533;538;539;541;547;551;552;553;554;559;560;563;566;567;568;569;572;574;575;576;577;578;579;581;582;583;585;588;589;591;593;594;595;597;600;602;603;604;606;610;614;616;617;618;620;621;624;625;626;628;630;631;632;634;635;636;637;639;640;641;642;647;648;650;651;652;653;659;661;663;665;667;670;674;676;677;681;684;688;693;694;695;696;697;699;701;704;708;709;712;714;715;717;718;719;720;721;723;728;730;731;732;735;740;741;742;744;746;749;751;755;756;759;761;762;763;764;765;770;771;773;774;775;777;779;784;787;788;789;790;791;792;796;799;801;802;805;808;811;812;813;821;823;825;832;835;836;844;845;846;849;852;854;857;860;863;864;865;866;871;872;873;874;878;881;884;886;889;890;891;898;899;901;903;906;908;909;914;915;917;918;919;920;922;924;927;928;929;931;935;936;938;939;942;944;950;951;952;953;954;956;959;962;963;967;970;973;975;977;980;983;984;985;986;989;991;993;994;995;997;999;1000
911;1;8;10;11;14;15;16;18;19;20;22;24;27;29;32;33;36;38;39;43;44;45;46;48;50;51;53;59;61;62;64;65;67;71;75;77;79;80;83;88;89;91;93;96;97;98;101;102;105;106;109;111;113;114;118;119;121;125;126;128;129;130;131;134;135;136;142;143;145;147;148;149;150;151;155;156;159;161;162;164;165;167;168;170;171;174;175;177;179;180;185;187;188;191;192;193;195;196;201;203;204;205;207;208;209;210;212;216;217;219;223;224;227;228;236;237;238;239;240;244;246;252;253;256;258;259;260;262;263;265;270;272;273;278;282;283;284;285;287;288;290;294;299;300;301;303;306;308;311;312;314;315;319;320;321;322;323;325;326;328;330;331;332;333;336;338;340;344;346;347;349;350;352;355;356;359;361;362;364;370;371;372;378;380;384;385;386;389;393;395;398;399;401;402;403;404;405;409;410;413;415;417;418;419;420;421;422;423;424;427;428;430;433;435;436;437;439;440;442;443;445;446;447;449;450;451;452;455;456;457;458;461;462;463;468;471;472;476;479;481;484;485;489;490;491;493;494;498;499;502;503;505;506;507;508;510;511;514;515;516;517;519;523;524;525;526;527;529;530;531;533;538;541;543;544;545;548;549;551;552;554;561;565;567;569;571;573;575;578;583;585;587;588;589;590;593;598;600;602;603;605;607;610;612;613;614;619;624;626;627;629;630;632;634;635;637;640;644;649;652;653;654;655;656;657;659;660;662;663;665;668;670;671;672;674;675;677;678;679;680;682;684;688;692;693;694;696;697;700;701;704;705;710;712;715;717;719;720;721;722;725;727;729;730;737;738;739;740;741;742;743;750;752;753;756;765;766;769;770;771;773;775;778;779;780;781;782;784;786;787;788;789;790;792;797;799;800;801;803;805;806;809;812;813;814;815;816;817;819;824;828;830;834;835;837;839;844;845;847;848;851;854;855;857;858;861;862;866;867;872;874;876;879;883;884;888;893;898;901;903;908;913;917;920;921;925;928;931;932;933;934;936;937;938;940;941;942;944;945;947;948;951;953;954;957;958;962;965;966;967;968;969;970;971;973;974;975;976;980;982;985;987;988;989;990;991;992;995;996;997;998;1000
912;2;4;5;6;7;8;9;15;16;17;24;25;26;28;29;30;31;32;33;34;35;42;44;45;46;47;49;52;53;54;57;58;59;61;64;66;68;69;70;71;72;74;76;78;79;86;90;91;94;95;97;99;100;102;108;109;113;114;119;120;121;122;124;125;126;127;128;131;132;133;135;138;141;142;143;144;145;149;150;151;155;157;161;162;164;165;169;170;172;173;175;178;183;187;188;189;192;200;204;208;211;212;215;216;217;221;223;225;228;229;230;232;238;240;241;243;245;246;248;251;252;254;256;258;259;260;261;262;263;264;265;268;269;270;271;272;275;277;278;279;287;288;290;291;292;293;294;295;297;298;300;301;304;307;310;312;315;316;317;322;323;324;326;327;330;332;334;340;341;342;343;345;347;348;349;351;353;354;356;357;362;363;364;365;366;372;374;377;382;384;385;386;388;391;394;395;396;398;400;402;406;409;411;412;417;421;425;427;428;429;430;431;434;435;437;438;439;440;442;443;446;449;450;452;453;454;457;458;460;461;463;464;466;467;469;471;473;474;476;478;482;485;486;489;492;495;496;499;501;502;504;512;514;517;518;519;520;521;522;523;524;525;526;527;528;529;531;532;534;535;536;539;541;542;546;547;553;554;555;556;559;563;568;569;570;576;577;578;579;580;581;583;585;586;587;590;591;592;593;594;597;600;602;603;604;606;607;611;613;614;615;617;619;621;624;625;626;627;630;631;634;636;637;638;639;640;642;643;645;648;649;654;655;656;659;662;663;666;669;672;674;675;676;677;683;684;685;686;688;689;691;692;695;697;698;700;702;703;706;708;709;710;711;713;715;721;722;723;727;728;732;734;735;736;739;747;751;752;755;766;768;769;770;771;772;773;774;775;776;780;782;783;784;789;790;792;793;794;797;799;802;804;805;806;807;809;811;815;816;817;819;820;825;826;827;828;833;836;838;843;845;848;849;851;854;857;860;861;862;866;871;873;875;876;878;879;881;882;884;886;888;890;891;895;897;898;902;903;904;905;908;909;913;915;916;917;919;922;923;924;927;929;931;932;933;935;939;942;943;944;947;950;952;954;955;957;959;963;964;965;969;970;971;972;975;981;983;984;986;988;990;991;993;994;997;1000
913;2;4;6;9;10;13;14;18;20;23;25;27;29;30;34;35;36;38;39;40;42;43;44;47;48;49;55;58;62;63;64;65;67;68;69;70;71;72;73;75;78;80;81;82;83;86;89;91;94;96;97;98;101;102;105;106;109;116;118;120;121;123;126;127;130;131;135;136;138;139;140;141;148;149;150;152;153;154;156;160;162;166;170;171;172;173;176;177;180;182;190;191;195;200;202;205;206;207;209;211;212;214;215;216;220;224;227;231;235;238;242;243;245;248;249;250;251;252;255;258;261;263;264;266;267;268;269;270;272;274;276;277;279;281;282;283;285;286;287;288;291;295;296;298;299;301;302;303;304;305;306;307;308;309;313;316;324;325;326;331;332;333;335;336;337;339;341;344;346;347;348;349;350;351;352;354;356;358;363;364;365;366;369;370;372;377;379;383;388;391;394;396;397;398;401;405;407;409;411;414;415;418;420;421;423;425;427;428;429;430;431;432;434;436;437;438;442;443;444;449;450;452;453;455;456;458;459;461;463;466;467;470;472;473;475;476;477;479;480;481;483;485;486;489;490;493;494;495;496;500;501;503;508;509;511;512;513;514;518;519;520;521;524;525;527;529;530;531;533;534;538;540;541;542;544;548;550;554;555;556;559;561;566;567;569;572;573;574;578;581;586;587;588;589;592;594;600;601;602;604;606;608;609;610;612;613;614;615;617;618;621;622;624;625;627;628;631;632;633;641;643;644;646;647;649;650;652;653;654;657;659;660;663;664;665;666;667;668;669;671;673;675;679;680;681;685;692;693;694;695;697;698;704;705;706;707;708;709;711;712;714;718;720;721;723;725;727;729;732;733;734;736;738;740;742;743;744;745;748;749;750;755;759;761;763;765;766;768;769;770;772;773;775;776;779;781;782;785;787;788;789;790;795;797;799;803;805;807;813;815;816;817;819;823;824;825;828;829;832;834;835;838;839;841;842;847;849;850;863;865;866;870;872;873;876;877;878;879;880;885;886;888;891;895;897;898;900;901;903;906;908;909;911;912;914;915;917;921;922;924;925;926;927;930;931;932;933;934;935;936;937;939;940;942;943;944;947;949;951;952;953;955;956;962;963;964;965;969;970;971;975;976;978;979;980;981;984;988;991;992;993;994;995;998;1000
914;1;2;3;6;8;9;10;11;14;16;17;18;20;21;23;24;26;30;31;32;33;34;35;37;39;41;43;44;45;48;52;54;58;59;61;67;68;69;71;73;74;78;79;81;83;86;88;89;95;97;99;100;102;105;106;107;110;111;112;114;118;120;121;126;127;130;131;136;137;142;144;145;147;150;152;155;157;160;162;164;168;169;171;172;174;177;186;187;188;189;190;192;193;194;196;198;200;201;202;203;204;205;206;207;210;212;217;219;220;225;227;228;229;230;232;233;235;236;237;240;242;247;248;253;256;259;260;262;264;265;266;269;271;273;276;279;281;282;283;284;286;289;292;296;298;300;304;306;308;311;313;314;319;327;328;329;330;332;335;338;341;344;345;346;347;348;349;351;354;356;357;358;361;362;368;370;373;374;375;376;377;378;379;380;383;384;386;388;390;395;399;400;401;403;404;406;407;408;409;410;414;415;417;418;419;420;421;422;423;426;428;429;433;434;438;442;445;447;448;451;452;453;454;455;456;458;461;464;471;473;477;479;480;481;482;484;489;490;491;492;495;497;503;504;505;508;510;511;512;513;514;516;518;519;520;524;525;526;527;528;529;530;531;535;542;543;544;545;546;549;550;554;555;556;558;561;563;566;569;570;572;576;578;579;582;584;587;591;598;600;601;603;604;606;607;608;609;611;613;614;616;618;619;620;622;626;628;629;630;631;633;634;635;637;638;640;642;643;647;648;650;651;652;653;656;657;660;661;662;663;664;667;668;669;673;674;677;681;682;684;686;687;688;690;692;699;702;703;706;708;710;711;713;714;719;722;725;730;732;733;736;737;740;746;748;749;751;752;753;756;757;758;759;760;762;763;764;767;768;770;773;774;777;778;779;781;782;784;786;787;788;789;790;791;792;793;795;796;797;798;799;800;802;803;807;809;814;817;819;820;824;828;833;836;837;844;848;849;850;851;852;854;856;863;864;865;869;871;874;875;877;879;881;883;884;887;888;890;894;895;896;898;900;901;902;905;907;909;910;913;915;920;921;922;927;928;930;931;932;933;934;935;936;938;940;946;948;950;951;954;956;958;960;962;964;966;970;973;976;977;981;982;986;987;988;989;990;991;992;993;994;997;998;1000
915;1;6;7;8;9;10;12;13;14;15;16;18;19;22;25;30;31;32;36;37;38;41;42;43;45;46;49;50;54;55;59;60;63;66;68;69;73;74;77;78;79;80;82;83;85;86;87;89;92;95;97;102;103;104;105;108;109;112;113;114;116;117;121;122;124;126;128;129;130;132;133;134;135;140;142;144;145;148;151;152;154;160;161;162;166;167;169;170;171;172;174;175;176;179;180;187;194;197;198;201;202;203;204;208;211;212;215;216;221;222;224;225;226;228;229;230;231;232;233;235;239;242;243;244;245;247;252;254;255;258;259;260;261;262;263;267;268;269;271;272;275;276;277;278;280;282;285;287;289;298;299;301;308;309;310;311;312;314;316;317;319;321;322;324;325;328;329;330;331;332;335;336;338;339;340;343;344;345;347;353;355;356;360;361;362;363;366;368;370;372;376;380;382;384;385;387;388;390;393;394;395;397;399;404;409;412;414;416;417;418;420;421;422;428;429;430;432;441;443;446;449;454;455;456;461;462;465;467;468;470;471;472;473;474;475;476;479;480;482;488;489;490;493;498;502;503;505;506;507;508;509;511;512;515;516;519;523;530;531;532;533;535;536;537;538;540;541;546;548;550;552;553;555;556;560;561;565;566;569;573;574;575;576;580;581;582;586;588;590;592;593;594;596;597;602;605;606;610;611;612;616;617;620;624;625;629;631;632;633;635;636;637;640;641;646;648;651;654;656;659;660;662;663;665;666;668;669;672;673;674;675;676;678;679;680;683;688;692;693;698;700;703;704;707;708;709;710;711;712;716;718;719;721;722;724;725;726;728;731;732;733;734;736;737;739;741;744;745;746;748;750;751;752;753;754;755;756;758;761;762;763;764;768;770;771;773;774;778;781;783;784;786;787;788;789;790;791;793;794;795;796;798;799;805;806;808;810;812;814;815;816;818;819;821;824;827;830;832;834;836;837;838;840;842;845;847;849;854;855;857;859;860;862;863;864;865;867;868;869;871;872;873;876;877;880;885;886;890;891;893;897;901;904;905;907;910;912;913;914;916;917;920;923;924;925;927;928;944;945;947;948;950;954;959;961;963;964;967;970;973;975;976;978;979;981;982;984;987;990;991;992;994;995;996;997;998;999;1000
916;1;2;4;6;10;11;14;15;16;17;19;24;25;26;31;34;38;41;42;47;48;50;54;55;59;61;66;67;70;72;74;76;78;80;81;82;84;86;88;91;92;93;94;95;96;105;107;108;116;118;119;120;122;129;132;133;134;136;137;140;141;142;143;144;147;148;149;152;154;155;156;157;162;163;164;166;167;168;170;171;174;175;177;180;181;185;188;189;190;191;194;197;198;200;202;203;206;209;210;213;215;216;221;223;224;225;227;229;233;234;235;237;238;241;247;249;252;253;261;262;266;267;271;273;274;276;278;280;281;286;287;291;292;293;294;296;297;298;299;300;301;302;303;304;305;306;313;314;315;316;317;318;319;320;325;327;329;330;331;335;337;340;341;342;343;346;347;349;358;359;363;366;367;368;369;372;373;374;375;376;380;382;384;385;386;387;388;390;391;392;394;396;398;399;400;403;404;406;409;411;412;415;422;423;425;427;428;430;432;433;434;437;441;442;444;446;447;449;452;453;456;457;461;462;464;465;474;475;477;478;481;483;486;487;488;489;490;491;492;498;499;502;505;506;507;508;509;510;511;514;516;518;520;521;522;523;524;525;526;527;529;533;534;536;538;539;541;542;543;544;547;549;552;553;557;559;561;562;563;565;567;568;572;574;578;579;583;585;589;592;593;595;598;602;604;605;606;608;610;611;613;614;617;619;622;623;624;625;626;628;631;634;635;637;643;644;647;648;650;651;652;653;654;655;656;657;660;661;664;665;666;667;669;671;672;675;676;679;680;681;683;684;685;689;690;692;693;695;696;698;700;702;703;705;710;711;712;713;721;722;727;728;730;731;741;743;744;746;751;752;753;756;757;758;761;762;765;766;767;771;778;780;781;786;788;789;792;793;794;795;796;799;802;807;809;810;814;816;817;818;819;820;824;827;828;829;833;840;842;843;845;847;850;852;854;857;858;859;861;862;863;866;867;868;869;872;873;876;881;885;893;894;896;899;901;902;906;908;912;915;919;923;924;926;927;929;932;935;937;938;939;940;942;943;947;948;950;953;955;956;957;961;962;967;969;971;977;979;981;982;984;986;987;988;989;993;998;1000
917;1;6;7;9;10;12;14;15;17;21;22;23;24;28;29;32;33;36;38;39;46;47;49;50;52;54;56;57;59;63;67;68;69;73;74;75;76;79;80;84;85;86;87;88;89;90;101;102;103;105;110;111;112;113;114;117;119;121;123;125;127;129;130;131;132;133;138;140;143;145;146;147;152;158;165;166;167;171;172;173;174;175;176;177;178;179;181;182;183;185;186;187;190;191;192;197;200;202;203;204;206;209;210;211;212;215;217;223;224;230;233;237;245;246;247;249;250;252;253;254;255;257;259;261;262;263;264;267;270;271;273;275;280;281;284;285;288;289;290;294;295;296;297;300;301;303;308;314;316;317;318;319;320;323;324;326;328;330;331;334;335;336;337;339;340;342;343;344;349;350;351;352;353;355;356;360;361;363;367;368;369;370;372;373;374;375;378;379;381;383;384;386;388;389;392;393;394;396;397;398;399;400;401;403;406;407;410;412;413;414;416;418;421;422;424;425;427;428;429;434;435;436;437;438;442;443;444;451;453;456;457;458;459;460;466;467;468;469;471;474;475;477;479;484;487;488;490;491;495;498;501;502;503;506;508;509;510;511;512;513;516;521;522;524;525;526;527;528;531;533;534;535;536;537;538;541;542;543;544;547;549;551;552;553;556;557;559;560;562;564;565;568;573;577;578;581;582;583;586;589;596;601;602;606;607;611;613;615;618;619;621;622;623;624;626;628;629;630;631;632;633;634;635;638;639;641;642;643;645;646;649;651;653;654;656;661;662;664;665;666;670;673;677;678;680;681;682;684;687;688;689;690;691;693;698;699;700;701;703;704;705;709;711;713;717;718;719;720;722;723;724;725;727;728;731;737;738;741;742;744;745;746;751;752;753;754;755;758;759;762;763;766;768;770;771;776;777;779;782;784;786;787;788;790;791;792;793;796;797;798;799;801;804;805;807;811;812;813;814;816;817;819;820;821;822;823;824;825;828;829;830;832;834;838;842;844;845;846;847;851;852;853;855;856;857;858;864;865;866;868;869;877;878;879;880;881;882;883;885;886;887;890;893;894;895;896;899;901;903;905;909;910;911;912;913;915;918;922;923;926;928;929;931;932;935;937;939;941;943;944;946;947;948;951;952;954;956;959;960;961;962;963;965;966;967;968;970;972;975;976;979;982;983;984;987;988;989;990;999;1000
918;1;2;3;4;6;12;13;15;16;19;20;21;22;30;31;32;33;36;37;41;42;49;54;55;59;63;65;67;68;69;70;71;73;75;78;79;80;82;84;87;89;90;92;94;96;97;99;102;103;104;105;110;112;113;115;116;118;120;121;122;124;127;130;131;134;135;137;140;141;145;148;149;150;151;152;155;156;160;161;163;164;165;166;168;169;170;176;178;179;180;181;184;185;188;190;191;192;193;195;199;201;204;207;209;211;213;217;219;220;222;224;225;226;227;228;229;232;235;237;243;246;248;251;252;254;259;260;261;264;266;271;275;279;282;284;287;288;290;291;293;294;295;296;297;300;301;303;304;308;309;310;313;318;319;321;328;330;331;332;333;334;340;341;342;344;346;347;351;352;353;354;356;361;366;367;369;370;373;375;376;378;379;380;384;385;386;387;389;391;393;396;397;398;399;406;408;410;415;416;422;423;424;426;430;431;433;434;435;436;438;440;441;442;443;444;446;455;456;458;465;467;472;473;477;478;480;481;482;483;485;486;490;492;497;501;502;503;508;510;512;513;514;515;516;517;519;520;523;524;525;526;531;533;534;536;543;544;545;546;548;549;550;551;552;554;555;556;558;562;564;565;568;569;572;573;577;578;582;585;588;589;590;591;593;596;597;599;601;603;604;605;606;608;609;610;611;613;619;622;623;624;627;629;630;632;637;640;641;642;643;647;649;651;652;653;655;660;662;665;667;672;675;676;677;678;679;681;682;684;685;687;688;689;690;692;693;695;696;698;700;701;704;705;706;707;709;711;712;713;714;715;718;720;721;722;723;724;731;732;734;737;739;746;748;749;752;753;754;756;762;763;764;766;769;770;771;773;774;775;777;778;779;780;781;782;783;787;793;794;795;796;797;798;799;801;802;805;806;807;811;813;814;815;816;817;818;821;823;828;829;830;834;836;844;845;847;848;849;850;852;853;855;856;858;861;863;865;867;870;872;875;876;878;880;884;891;892;893;894;895;896;897;899;903;907;908;910;917;919;923;924;925;927;929;932;935;936;938;940;941;942;943;946;948;951;953;957;960;961;963;965;966;967;970;971;972;974;979;980;983;985;986;987;992;995;996;999;1000
919;1;5;6;8;10;11;12;15;16;17;18;20;21;22;23;25;26;29;33;34;36;38;39;40;42;46;51;52;60;65;66;67;73;75;76;77;79;80;81;85;86;91;93;94;95;96;97;99;102;105;106;107;108;111;112;113;114;115;117;118;120;123;124;126;128;129;130;131;132;133;135;137;138;139;140;143;144;145;148;150;151;152;153;154;156;161;163;164;166;169;170;171;173;176;178;179;181;182;186;187;189;192;193;194;198;199;200;201;202;203;206;208;209;210;212;213;214;219;221;222;225;227;229;231;232;235;238;239;240;242;246;248;250;252;254;255;257;258;259;260;261;262;263;265;269;272;275;276;282;283;284;285;286;288;289;291;292;293;294;296;297;298;300;301;302;303;305;307;308;312;313;316;320;321;322;323;324;325;326;333;334;344;345;347;350;351;353;356;358;359;360;367;368;370;371;372;374;375;376;378;379;380;381;382;383;387;389;390;391;393;394;398;401;402;405;406;407;412;413;414;415;417;420;422;423;424;426;429;430;431;432;435;436;437;438;440;446;448;449;453;454;456;457;459;461;462;467;468;470;471;474;475;478;479;480;481;483;485;486;489;490;493;496;498;501;503;504;506;507;509;513;514;515;521;522;523;528;532;533;535;536;537;539;541;542;543;546;549;551;552;554;555;557;569;575;576;581;585;589;590;592;593;595;596;598;601;602;604;605;606;607;610;613;615;617;622;623;625;626;627;630;631;632;634;637;638;639;641;642;643;648;651;655;656;657;658;660;662;667;668;669;670;673;676;682;683;685;689;691;692;694;696;697;698;699;701;703;705;706;707;709;710;713;717;718;719;720;721;722;723;725;728;734;742;743;744;746;747;749;752;753;754;755;756;758;760;761;763;764;765;766;769;774;775;776;777;778;779;780;783;787;790;791;792;793;794;797;800;801;803;804;806;808;809;810;811;815;819;822;823;824;827;830;832;835;839;840;842;849;855;857;858;859;861;862;864;866;869;872;873;877;880;882;886;887;889;890;892;895;897;898;899;900;901;905;906;908;909;910;912;916;918;920;921;922;923;925;927;929;931;933;934;936;937;939;941;943;945;947;949;950;951;952;953;954;957;958;959;961;962;964;966;968;969;970;971;972;975;978;979;982;984;985;986;988;990;992;993;994;996;997;998;999;1000
920;1;2;5;9;16;17;18;20;21;26;30;33;36;39;40;42;44;45;47;48;50;52;53;54;59;68;69;71;72;73;74;75;76;79;81;82;85;90;91;96;98;100;102;104;105;106;110;112;114;116;118;119;120;121;123;124;125;127;129;130;131;132;133;135;137;138;141;142;143;144;149;150;153;156;162;163;165;169;172;174;175;176;178;180;181;182;183;186;189;190;193;195;197;198;199;200;201;202;205;209;211;212;215;216;220;221;227;228;231;232;234;238;239;241;242;243;244;245;246;248;249;252;255;258;262;264;265;266;269;270;271;273;275;278;279;282;283;285;287;288;289;290;291;292;293;294;296;297;298;299;301;302;304;306;307;309;310;313;314;316;325;327;329;330;333;335;336;339;340;345;347;348;349;350;351;353;358;361;363;368;373;374;375;376;378;382;384;385;386;388;390;391;393;395;396;397;398;399;402;404;410;412;414;417;419;422;423;424;425;427;428;429;431;434;435;437;438;439;440;441;443;444;446;447;451;452;453;454;455;456;457;460;462;465;466;467;468;471;472;473;474;475;476;477;480;481;482;485;486;488;492;493;495;497;498;499;504;505;506;507;509;510;516;518;519;524;525;527;529;531;532;535;536;538;542;543;544;546;547;549;552;557;558;559;564;566;574;576;577;579;581;585;590;591;592;594;595;596;599;602;603;605;606;610;611;616;618;619;622;624;626;627;631;633;634;635;637;638;640;642;645;647;648;649;653;654;655;656;659;661;663;666;669;679;682;686;688;689;692;694;695;697;706;709;710;711;712;713;714;716;718;719;720;721;722;725;726;730;731;732;733;736;741;742;743;744;750;754;757;759;761;766;771;772;774;779;781;783;786;789;794;796;799;801;803;804;805;806;807;810;811;813;817;819;820;824;825;826;829;830;832;834;836;837;840;841;842;856;858;859;861;862;864;865;869;871;876;880;881;883;886;887;889;892;893;894;897;898;899;904;906;908;910;911;914;915;919;921;922;923;924;925;926;931;933;937;938;940;942;945;946;948;950;951;952;961;962;965;966;968;969;971;972;973;974;975;976;977;983;984;985;986;987;989;990;994;996;999
921;4;5;7;9;12;14;17;18;19;25;28;30;31;33;34;39;40;41;42;44;47;50;52;55;56;57;58;62;63;64;65;66;72;74;75;76;78;85;86;87;88;90;91;97;98;99;100;102;104;107;111;112;113;117;121;127;129;131;135;136;138;140;141;143;145;146;147;150;151;153;157;158;164;166;168;169;173;175;176;177;179;180;181;182;183;185;188;191;192;193;196;199;200;203;210;213;216;219;220;221;225;227;232;233;235;237;239;241;242;244;248;252;255;257;259;264;265;266;267;269;270;271;272;274;275;276;277;281;283;285;287;290;292;293;297;303;307;308;309;311;312;314;317;318;319;321;323;330;332;333;336;337;340;341;342;343;350;352;355;357;364;365;370;371;372;375;376;377;378;379;381;384;385;386;387;392;394;397;398;399;400;402;406;407;410;414;416;417;418;421;424;429;430;431;433;434;436;438;441;442;443;445;446;449;453;457;458;461;463;465;471;473;474;475;476;477;478;479;480;485;487;490;493;496;497;499;501;502;506;510;511;514;515;516;517;520;525;526;527;528;529;531;532;533;538;540;541;544;545;546;552;553;560;564;566;568;570;573;574;575;576;579;580;582;583;585;586;588;589;590;592;593;597;598;599;605;606;608;614;618;621;623;624;625;626;631;632;633;634;636;638;639;641;643;645;648;650;652;653;654;657;659;660;664;666;667;669;672;673;677;680;683;684;687;688;689;691;692;694;696;698;700;701;704;705;706;707;709;710;711;712;714;715;717;718;719;722;723;725;730;736;737;741;742;744;745;748;751;752;753;754;757;762;763;766;767;769;770;771;773;776;777;778;780;781;782;785;787;790;791;792;793;795;796;797;798;802;804;805;807;808;810;815;816;818;819;820;824;826;827;828;832;833;835;837;839;840;842;844;845;850;856;857;858;859;860;862;864;866;867;870;871;872;876;877;878;882;884;885;889;890;891;892;896;897;898;903;907;909;911;913;914;919;920;922;923;924;927;929;933;937;939;940;941;944;945;946;949;951;953;955;957;959;960;961;962;964;965;966;967;968;969;972;973;974;975;976;978;979;981;985;986;987;993;994;997;998;999
922;1;2;4;5;7;10;13;15;16;18;19;22;23;25;29;31;36;37;41;43;45;48;50;51;52;53;54;55;56;58;59;62;63;66;70;71;72;75;77;78;79;81;82;84;86;88;92;93;95;97;98;100;102;103;104;108;114;115;116;119;121;123;124;131;133;139;140;144;146;151;153;154;155;158;161;164;167;168;169;173;175;177;180;181;183;184;189;190;191;192;193;196;198;201;202;203;204;205;206;212;213;215;217;218;220;223;224;225;230;232;235;237;238;239;240;242;244;245;246;247;250;252;254;257;258;259;260;261;263;264;265;266;267;269;270;271;274;275;277;278;279;280;282;283;284;285;286;290;291;295;298;299;300;309;311;319;321;322;325;328;329;333;334;338;343;346;347;348;350;351;352;355;356;358;362;366;367;368;369;371;374;375;377;378;379;380;382;385;387;389;390;392;393;396;398;399;400;401;403;404;405;406;410;412;416;417;418;420;421;422;423;424;425;426;428;430;435;439;440;441;442;443;447;448;452;454;455;456;459;460;464;465;468;469;470;473;474;476;478;479;483;485;486;487;488;489;492;495;499;500;501;502;503;504;505;506;507;509;510;512;513;514;515;516;517;518;519;521;524;526;528;529;534;537;538;540;541;544;549;552;554;555;556;558;559;561;562;563;568;573;576;580;581;582;583;584;585;586;587;589;590;594;596;598;599;602;603;605;606;607;608;609;612;615;617;618;620;621;622;623;624;625;626;627;629;632;633;634;637;638;639;641;642;644;647;648;649;653;654;655;660;661;662;663;664;665;666;667;669;672;676;678;681;682;686;687;688;692;693;694;697;698;700;701;702;703;704;705;707;711;715;716;717;719;721;723;724;726;727;728;729;734;736;738;739;740;742;743;744;745;747;748;751;753;755;759;761;763;765;768;769;770;771;772;776;777;780;782;783;784;785;786;787;789;790;792;794;796;800;801;802;805;806;809;810;812;815;816;819;820;822;824;828;831;832;833;839;840;842;844;845;851;852;854;857;860;864;865;870;871;872;874;878;881;882;887;890;894;895;901;902;903;906;907;910;912;913;914;917;919;920;921;923;925;926;931;932;933;934;936;940;942;943;947;949;950;951;952;953;954;957;959;962;967;968;969;970;973;975;976;978;980;981;982;983;985;986;988;989;990;991;993;994;995;996;997;998;999;1000
923;1;2;3;6;9;10;12;13;14;17;19;22;24;25;26;27;28;29;34;35;36;41;42;45;48;49;51;53;56;59;61;62;63;64;65;66;67;68;75;76;79;84;85;86;88;89;90;91;93;96;98;101;103;105;106;110;113;115;116;121;122;123;126;128;129;134;135;138;140;147;148;150;151;152;154;155;158;159;160;162;164;170;173;174;176;177;178;180;183;184;186;189;190;191;192;193;194;198;199;200;202;204;205;206;209;210;211;214;215;216;218;220;221;222;223;225;226;231;232;233;236;237;240;242;243;245;250;251;252;253;255;256;257;258;259;262;263;264;266;268;270;272;273;278;281;288;290;291;292;294;296;301;302;305;306;307;311;312;318;320;322;323;324;325;326;327;328;329;330;331;332;333;335;340;341;343;344;346;350;351;352;353;354;356;357;363;364;367;369;370;373;374;377;379;380;383;386;387;392;394;395;396;399;400;401;403;405;410;412;413;415;416;418;419;420;421;424;425;430;433;434;435;437;438;440;441;444;445;446;450;453;454;456;462;464;468;470;471;474;475;477;478;479;480;483;485;486;487;488;489;491;494;495;496;498;501;503;505;507;508;509;510;511;512;513;514;516;517;519;521;523;524;526;527;533;534;535;536;537;538;541;543;545;546;549;553;554;556;559;562;563;566;569;570;571;573;574;576;578;581;584;586;588;593;594;599;600;601;602;605;608;615;616;617;618;619;620;623;625;630;632;635;636;640;641;643;646;647;648;649;650;652;653;654;656;661;665;670;672;674;675;676;677;682;683;685;686;689;690;693;694;697;699;700;705;707;710;711;713;716;718;720;721;722;724;725;726;727;729;730;732;733;737;738;742;745;746;747;749;751;752;753;755;757;758;764;765;767;770;771;773;774;776;777;778;781;784;789;790;791;793;794;795;798;799;800;804;805;806;811;813;817;818;819;822;825;826;827;832;834;835;841;843;849;850;852;855;856;858;862;864;865;866;867;868;871;873;875;876;879;883;884;885;889;890;893;897;901;905;912;915;916;917;918;919;920;921;922;925;926;927;928;933;934;935;936;937;938;940;944;948;949;950;955;956;957;958;961;962;964;969;973;974;975;979;980;982;983;984;986;987;988;993;994;999
924;8;10;12;14;15;16;19;20;21;23;24;25;26;29;30;32;35;37;41;42;43;47;50;51;54;57;58;59;60;61;63;64;66;72;73;78;82;83;87;91;94;95;96;97;100;101;102;105;108;109;110;111;112;117;119;121;123;126;127;129;130;131;132;133;136;137;141;142;144;145;148;149;150;151;154;155;158;163;164;165;166;167;170;172;175;176;177;178;180;181;182;184;186;188;190;193;194;195;196;198;201;203;207;209;212;215;217;218;219;220;222;223;224;225;231;234;236;239;242;244;247;249;251;252;255;259;262;263;264;267;268;269;273;274;276;278;286;287;289;295;297;298;299;300;302;303;305;309;315;316;317;318;320;321;322;323;326;328;329;330;333;335;338;339;343;344;347;349;353;355;360;361;362;364;365;366;367;371;374;377;378;379;381;389;390;392;397;398;399;400;401;406;409;410;412;414;415;417;421;423;424;426;427;430;431;433;437;438;439;441;442;444;445;448;451;452;454;459;461;465;469;470;472;474;478;479;481;482;485;487;488;490;491;497;498;500;501;502;503;504;506;508;509;511;513;514;521;522;525;528;529;535;536;538;539;540;541;543;545;547;548;549;551;552;553;556;557;559;561;562;563;564;565;571;573;575;576;577;582;583;585;586;588;589;592;596;597;599;604;605;608;609;610;611;612;613;615;617;619;620;626;630;631;633;635;636;637;639;640;641;642;646;648;651;653;654;657;662;664;665;666;671;675;677;683;684;686;687;688;689;691;692;694;695;696;697;698;699;704;706;708;709;710;711;713;714;716;717;719;722;723;725;726;727;729;731;735;736;737;739;742;745;746;748;750;753;755;756;757;760;761;763;764;765;767;768;769;770;771;773;774;777;778;779;780;781;782;787;791;792;795;796;798;799;800;802;803;805;806;808;810;811;812;813;815;817;818;819;820;821;823;824;827;830;831;832;834;835;838;844;848;849;850;851;856;858;860;861;862;864;868;869;871;872;873;875;878;879;880;881;883;885;886;887;888;889;892;893;894;895;897;898;899;900;902;903;905;907;909;910;912;913;915;916;918;920;921;928;930;933;937;943;949;950;951;952;953;956;957;960;961;962;963;966;967;968;969;970;971;973;974;975;980;982;983;988;989;996;998;999;1000
925;1;2;3;7;9;11;12;13;14;16;17;19;21;22;25;26;27;28;31;33;35;38;40;43;47;49;52;54;55;57;60;68;72;73;75;80;83;84;85;87;88;89;92;93;94;99;102;103;105;106;110;111;113;114;115;121;123;124;125;128;129;131;132;133;136;137;139;143;145;147;148;149;152;153;156;159;163;164;165;166;167;170;171;175;176;177;180;182;187;191;195;196;200;201;203;205;211;212;215;217;219;220;221;224;227;228;229;230;233;234;236;237;238;240;241;247;248;250;252;253;254;262;263;266;267;268;273;274;275;277;279;281;283;285;287;289;291;292;293;294;296;297;300;301;302;304;306;308;310;311;315;316;318;319;320;322;325;331;333;334;335;337;340;342;344;346;347;348;349;352;356;360;362;363;364;368;370;372;373;377;378;380;381;383;384;385;387;391;393;394;395;396;397;398;402;404;405;406;407;408;411;412;414;415;416;417;418;419;424;425;435;439;441;442;444;445;446;447;448;451;453;454;455;456;458;459;460;464;468;469;471;472;473;474;476;478;480;481;484;486;487;488;492;495;496;500;503;505;506;509;512;513;515;516;517;519;520;521;522;524;528;531;532;534;535;538;541;542;543;544;546;547;548;550;551;553;558;561;562;563;564;567;569;570;573;575;583;586;589;591;594;595;596;597;600;601;605;606;607;608;614;618;619;624;626;627;628;634;635;638;642;645;647;651;652;653;655;656;657;658;659;660;665;666;667;671;679;680;681;682;684;685;686;687;688;689;692;695;696;701;702;703;706;707;714;715;716;717;718;719;720;722;723;724;725;727;729;730;731;733;734;736;739;741;743;744;745;746;749;750;752;753;759;762;763;765;766;768;769;771;774;776;777;780;781;782;786;790;791;795;797;798;799;800;801;803;804;805;806;808;809;811;813;815;816;820;822;824;827;830;832;833;835;837;838;839;841;842;843;844;847;849;850;854;856;858;862;863;865;867;869;872;873;874;875;880;881;883;884;885;887;888;889;890;891;893;895;902;903;904;908;909;911;913;915;918;919;920;922;923;927;928;929;930;931;933;934;938;939;941;943;948;949;953;954;956;962;963;964;965;966;967;968;971;972;973;975;976;978;980;981;982;986;988;989;990;991;992;993;994;995;996;998
926;1;5;6;9;10;12;16;17;18;19;20;21;23;24;25;28;29;30;33;35;37;39;40;41;44;45;46;49;51;52;53;56;57;58;60;61;65;67;68;70;71;76;78;79;83;84;86;87;88;89;90;94;95;96;100;103;106;107;108;109;110;111;113;114;115;119;120;121;122;123;124;127;129;131;133;134;135;136;138;140;141;142;143;144;146;149;150;154;155;157;161;162;163;164;165;166;168;169;171;172;173;174;176;178;179;180;181;182;186;187;189;191;192;195;196;197;198;200;201;202;203;204;206;207;208;209;210;212;213;217;218;219;223;224;227;228;230;231;235;238;245;246;247;248;251;254;258;261;262;263;264;268;269;278;279;280;282;287;288;290;291;294;298;299;300;301;309;310;315;316;317;318;319;320;322;324;325;327;328;329;330;333;334;337;339;340;341;342;343;344;346;348;355;356;358;359;360;361;362;363;364;365;367;370;371;373;375;376;380;381;383;385;387;388;389;390;392;395;397;400;401;403;404;407;408;411;413;415;416;417;418;419;421;423;427;429;430;432;435;438;440;444;445;446;447;448;450;456;458;459;460;462;464;467;468;469;471;473;474;475;477;479;481;488;489;491;492;493;494;497;501;504;505;508;509;510;511;513;514;515;516;518;519;520;521;524;525;526;527;529;530;531;532;533;534;535;537;541;542;545;550;552;553;554;555;557;559;560;562;568;570;571;573;576;577;578;580;581;583;586;588;589;591;597;599;600;601;607;611;617;618;627;630;632;633;635;636;637;638;639;640;641;647;648;649;651;652;656;657;659;667;668;670;673;674;677;678;681;682;683;684;687;689;690;692;694;700;701;702;704;705;707;708;709;710;714;715;720;723;724;725;726;728;732;734;735;736;737;738;740;741;742;744;745;746;748;751;755;756;757;759;760;762;764;765;766;768;769;770;771;773;775;776;777;780;781;788;789;790;793;795;797;798;800;801;802;804;805;806;807;808;810;813;814;816;820;822;823;824;825;826;827;832;833;834;835;836;839;846;847;848;850;853;855;863;864;866;867;868;870;872;873;876;878;879;881;884;885;893;896;897;899;900;902;903;904;905;906;907;908;909;913;916;917;920;922;923;928;929;932;933;934;935;936;939;941;942;943;945;949;952;955;957;960;961;962;965;966;967;968;970;972;974;975;980;982;983;984;987;988;991;992;994;995;996;997;998;999
927;1;5;6;9;13;16;17;18;19;20;21;22;24;25;26;28;30;31;32;33;35;36;38;39;40;41;42;43;46;48;49;50;51;53;54;61;62;63;64;66;69;70;71;72;74;75;76;77;79;80;81;82;83;84;85;88;93;94;95;96;97;98;100;101;102;105;107;109;112;114;116;117;118;121;122;124;125;129;133;134;135;136;139;141;144;145;146;148;149;150;151;159;161;165;166;167;170;171;172;175;176;179;180;181;183;186;187;188;189;191;194;195;198;201;202;203;205;206;207;208;211;212;215;217;219;220;221;224;225;228;231;236;238;239;241;243;245;247;248;249;252;254;255;257;258;262;263;265;269;270;272;273;276;278;281;285;289;290;293;294;295;296;297;298;303;304;307;309;313;314;316;317;319;321;322;324;325;326;327;329;330;331;335;337;338;346;348;351;353;356;359;360;362;363;365;367;368;369;370;373;374;376;378;379;382;384;389;390;393;396;398;399;401;402;405;406;411;412;413;416;417;418;419;424;427;428;430;432;433;434;437;438;439;443;446;448;451;453;456;457;459;462;464;467;470;473;475;477;478;481;483;486;491;492;495;496;498;500;502;507;514;515;516;518;521;522;524;529;530;534;536;537;544;545;546;548;549;552;553;554;555;560;566;567;568;570;571;572;574;575;577;580;582;587;590;593;594;598;599;601;602;604;606;613;614;616;617;618;620;623;624;625;627;628;630;631;638;639;640;641;645;646;648;651;653;656;661;666;670;671;672;673;678;680;681;682;685;686;691;693;697;700;702;704;705;708;709;711;712;714;715;719;720;721;724;725;728;730;732;733;735;738;741;742;745;748;749;752;753;755;761;762;763;766;767;770;771;772;774;776;777;778;780;781;782;783;784;786;787;788;793;795;796;798;799;801;803;804;805;807;808;811;812;813;814;816;817;818;824;827;829;830;831;835;836;837;841;842;843;845;848;850;852;853;856;858;860;863;864;867;869;871;874;876;878;879;881;885;886;887;890;898;901;905;907;908;910;912;913;914;915;916;918;919;921;923;925;928;929;934;935;939;940;941;942;946;948;949;951;953;954;955;956;957;958;959;962;964;966;969;970;972;979;981;982;984;985;986;987;988;990;992;993;995;997;998;999
928;1;2;6;8;9;11;12;18;19;20;21;22;23;26;28;29;34;35;38;40;43;45;47;48;50;56;58;60;61;64;65;70;72;73;74;77;81;82;84;85;87;88;89;91;96;97;98;102;103;104;105;106;107;108;110;111;112;114;116;119;120;121;122;126;127;129;131;132;134;135;136;137;138;139;140;142;143;144;145;148;149;152;153;157;158;159;160;161;163;165;167;168;169;170;171;172;174;176;186;188;189;190;194;197;201;202;203;204;205;206;208;209;213;215;216;217;218;219;223;224;225;226;227;229;230;232;234;235;236;238;242;245;246;248;249;251;254;255;260;263;264;265;266;267;268;269;270;271;275;277;279;281;286;289;291;292;293;294;298;300;302;307;308;309;310;312;313;314;317;321;323;324;326;328;330;332;333;335;339;343;344;345;346;351;354;356;358;360;361;362;363;365;367;368;369;370;371;372;374;376;377;380;381;382;383;384;386;388;391;392;393;394;396;397;399;401;402;403;406;408;412;413;415;416;419;421;425;427;428;433;434;435;439;447;448;449;451;452;454;455;458;460;461;462;463;464;465;466;467;469;470;472;473;474;475;476;479;481;483;486;489;491;493;495;498;501;502;503;505;508;509;510;512;513;514;515;516;517;519;521;522;523;524;525;527;528;529;530;532;533;536;538;539;540;541;542;543;546;547;550;551;553;554;557;558;559;562;563;568;569;571;572;573;576;579;580;582;583;585;586;587;591;592;595;599;601;602;603;608;609;611;612;613;617;618;619;620;626;627;629;630;634;637;638;640;641;644;645;649;650;651;652;653;654;656;658;660;661;663;665;666;667;668;670;671;673;674;676;677;680;684;685;686;689;690;691;695;696;699;700;701;703;706;709;710;711;712;714;716;717;719;722;724;726;727;728;730;731;733;735;736;738;741;742;743;744;745;746;748;749;751;752;754;755;756;759;764;766;768;769;771;776;777;778;779;781;782;785;788;789;793;795;796;799;800;801;802;803;809;815;816;819;820;823;824;826;828;829;831;832;833;836;838;841;844;845;849;851;858;859;860;864;866;869;871;872;874;877;885;886;887;891;893;894;896;897;900;906;907;908;909;910;911;914;915;917;923;924;925;926;927;938;941;942;946;947;951;952;953;954;955;956;959;961;962;963;965;967;970;975;977;979;980;981;982;984;985;988;989;990;994;996;998;999;1000
929;1;4;5;7;8;13;14;15;16;17;23;24;25;26;28;29;30;32;35;38;42;47;48;50;51;52;53;57;59;60;66;67;68;70;74;77;81;83;84;87;88;91;94;97;99;100;101;104;110;111;113;115;116;119;122;123;124;125;129;131;132;135;136;138;141;143;146;147;148;149;150;152;154;155;157;159;161;162;163;166;167;169;172;173;174;175;177;179;180;183;184;186;191;192;194;195;196;197;200;202;203;205;206;207;208;209;213;215;216;218;219;221;222;223;225;227;228;232;235;236;237;239;240;241;242;246;247;248;253;254;255;260;261;262;266;267;268;269;270;271;272;275;278;280;284;286;294;296;297;305;306;307;308;311;314;317;318;319;320;328;330;333;334;339;340;341;344;345;346;347;348;350;351;352;355;356;357;358;360;362;364;365;366;367;368;369;370;371;375;376;379;380;381;385;389;390;394;395;397;398;399;400;404;406;407;410;411;412;415;417;418;420;422;423;424;426;427;430;431;434;435;436;437;438;439;441;443;444;446;447;448;450;451;452;455;456;457;459;462;463;465;466;468;469;472;474;475;477;481;482;483;487;488;489;491;496;497;498;501;502;507;508;509;510;511;513;514;519;523;524;525;526;529;531;532;533;534;536;538;540;541;544;546;547;549;552;555;556;557;558;564;569;574;580;582;583;586;588;591;596;597;600;601;603;608;610;612;616;619;620;621;625;628;630;631;634;635;636;638;639;640;643;644;650;652;656;663;664;665;666;667;668;669;671;672;673;674;675;678;681;689;691;694;695;696;697;699;701;704;706;710;711;712;713;715;716;717;719;721;723;726;727;728;729;730;731;732;733;734;737;738;740;741;742;743;745;746;748;749;750;753;756;757;759;761;762;765;766;767;768;771;772;774;775;776;777;779;783;786;787;788;790;791;795;799;800;803;804;805;808;812;813;815;816;818;819;823;826;829;830;834;835;838;840;843;844;846;848;849;850;852;855;856;857;858;859;861;862;863;864;867;870;871;873;878;880;881;883;886;888;889;896;897;899;900;901;904;907;908;909;910;912;916;917;918;919;921;925;926;927;931;934;941;944;946;947;948;949;950;951;954;955;956;957;958;960;961;962;964;965;966;968;969;970;973;975;976;979;980;982;983;985;986;987;989;994;997;999;1000
930;1;2;3;5;6;8;9;10;12;15;16;17;20;21;22;23;28;29;32;33;35;36;38;39;42;43;44;46;47;56;58;59;61;62;65;68;70;71;72;74;76;77;83;84;85;86;87;89;90;92;94;97;100;103;104;105;106;107;112;113;114;116;119;121;122;127;128;131;132;135;140;143;144;146;147;148;149;150;155;156;157;158;159;161;163;166;170;171;173;175;176;177;179;181;182;183;185;186;187;191;192;193;196;197;199;200;201;202;203;204;205;206;208;211;212;213;214;216;218;220;222;223;226;232;233;235;236;237;242;244;247;250;251;252;256;257;260;262;266;267;271;272;273;277;280;286;287;288;289;291;295;296;298;301;303;304;305;307;311;313;316;318;319;320;323;326;327;328;332;334;335;337;338;340;343;345;347;349;350;351;352;353;354;355;356;357;360;361;362;365;366;368;370;371;376;379;380;381;382;383;385;386;387;390;391;395;398;401;402;403;406;410;412;413;415;416;418;422;423;424;428;429;430;432;433;434;435;436;437;448;449;451;452;453;454;455;456;459;461;462;463;466;468;474;475;478;479;480;482;484;487;488;489;492;493;501;504;506;511;512;513;514;515;518;521;522;523;525;526;527;529;530;532;533;534;535;537;544;549;551;552;556;558;559;562;563;565;569;570;571;572;574;575;576;577;578;579;580;583;585;586;590;592;594;596;599;601;603;605;606;608;610;611;613;615;616;619;621;622;623;624;628;630;631;632;633;634;635;637;638;639;640;641;642;643;644;646;648;649;654;656;658;659;665;668;671;672;673;674;677;680;682;684;687;688;691;692;693;696;697;701;703;706;707;709;710;713;714;715;716;718;719;720;721;722;726;728;730;731;732;733;734;738;739;743;745;750;751;756;758;761;763;767;773;776;777;778;780;785;786;789;790;791;792;796;797;798;799;800;803;805;808;809;810;811;812;815;816;817;821;823;824;825;827;830;832;833;836;837;838;844;847;848;849;850;851;852;854;857;859;864;865;866;867;869;870;873;881;882;883;885;889;892;895;899;902;903;905;909;913;914;924;925;931;939;942;945;947;948;954;957;958;962;964;965;968;969;970;976;979;981;983;985;986;993;995;996;997;1000
931;2;5;6;8;9;11;12;13;15;16;19;22;24;25;29;31;32;33;34;36;40;41;42;43;45;47;48;51;52;54;55;56;57;58;62;64;65;66;69;71;72;74;75;77;78;79;80;81;82;84;88;89;92;94;95;100;103;106;108;109;111;112;113;114;115;117;119;120;121;122;123;125;126;127;129;130;132;137;138;139;141;142;145;147;149;150;151;153;154;156;159;162;171;172;175;176;177;179;181;183;185;186;187;189;190;192;195;196;197;200;202;203;204;205;206;211;213;214;215;218;221;222;225;231;234;235;236;237;238;241;245;247;249;251;252;255;256;258;260;262;264;267;270;272;274;275;276;277;278;287;288;290;292;295;297;298;299;302;305;309;312;313;314;315;317;318;323;327;330;331;332;334;336;343;347;348;349;352;353;354;361;362;363;364;367;370;372;376;378;379;382;383;388;389;391;392;393;395;396;397;398;399;404;406;408;410;411;412;413;415;416;417;418;422;423;426;427;429;430;431;435;436;437;438;440;441;442;443;445;447;452;453;457;458;461;463;464;467;468;470;472;475;476;479;480;482;483;485;487;489;490;491;492;494;498;499;500;503;505;506;507;509;510;511;517;518;519;520;523;525;527;528;530;532;533;534;537;540;542;543;544;545;547;549;550;551;552;553;556;557;558;560;561;562;564;565;566;571;572;573;574;577;578;580;581;583;587;588;590;591;594;596;600;602;603;604;605;607;608;610;612;616;617;618;619;621;623;624;625;628;629;630;631;634;636;637;638;642;643;645;647;649;652;653;656;659;660;661;662;667;669;677;678;681;684;685;686;687;688;689;690;691;692;695;696;697;698;699;701;702;703;705;707;711;716;717;722;723;724;726;728;729;730;733;734;738;739;742;743;744;747;748;751;752;753;754;759;763;764;765;767;769;776;780;782;789;790;800;801;803;804;810;811;812;814;820;821;822;823;824;825;828;832;833;834;838;839;841;844;847;849;853;856;857;861;862;863;864;866;867;871;873;874;875;876;877;878;880;883;886;887;891;894;896;898;903;906;907;908;909;910;911;912;913;914;917;919;920;922;925;929;930;932;936;937;938;940;941;944;946;953;955;956;962;969;971;972;973;974;975;978;979;984;986;988;989;993;999
932;2;6;8;9;11;13;14;18;19;23;25;28;29;31;35;37;41;42;49;50;53;55;57;59;62;63;64;67;68;70;71;75;76;77;78;79;80;81;84;91;97;99;100;104;106;107;108;109;110;111;114;115;117;119;121;123;125;128;129;131;134;136;139;146;147;149;150;151;152;154;155;156;158;159;160;161;162;165;166;167;168;170;171;173;174;175;176;178;181;182;183;188;192;193;195;199;200;201;203;207;209;210;215;220;221;222;223;225;227;230;231;235;237;238;240;241;246;247;250;252;253;254;256;258;259;261;268;269;271;275;277;283;284;288;289;290;291;294;295;300;304;310;317;318;321;322;323;327;328;329;330;333;334;342;343;344;345;346;347;348;349;352;354;355;357;358;362;364;373;376;378;379;384;386;387;390;391;392;393;394;397;398;402;403;405;407;408;410;415;418;420;421;422;424;427;428;429;430;432;436;438;439;440;442;444;446;447;449;453;454;455;458;461;462;463;464;469;470;473;477;478;479;480;481;486;491;493;496;497;498;500;501;502;504;506;509;511;512;514;517;518;520;522;523;524;529;530;531;532;534;536;538;543;545;553;556;557;560;562;564;565;567;568;569;570;573;581;583;584;585;586;589;591;592;593;594;597;598;602;603;604;606;607;608;610;611;615;616;622;623;624;627;639;640;641;642;643;645;646;647;648;649;651;653;655;656;657;658;659;661;662;667;668;675;676;677;679;681;687;688;690;691;694;695;697;699;701;703;704;705;708;716;718;720;723;724;727;730;737;739;740;741;742;745;748;752;754;755;756;757;759;760;764;771;772;773;776;781;782;784;785;786;787;788;792;793;794;797;798;800;801;802;803;807;809;811;814;815;817;822;825;826;828;830;833;835;836;839;841;842;845;850;853;854;856;857;859;861;863;865;869;871;875;881;882;885;887;890;896;897;898;899;900;901;904;905;908;909;911;912;913;914;916;917;918;922;926;931;935;939;940;941;944;947;949;953;958;959;960;961;963;964;966;967;968;971;972;975;976;980;982;985;987;988;992;993;994;996
933;1;2;3;4;7;9;12;13;14;15;16;17;18;19;22;28;29;32;35;36;42;43;44;50;51;52;54;57;58;59;60;64;65;67;68;70;71;73;74;76;77;79;80;82;86;90;97;98;99;101;106;108;109;112;113;114;116;117;119;120;121;123;124;126;127;129;130;132;134;135;137;141;142;145;146;147;149;150;151;152;156;157;159;162;163;164;165;167;169;171;172;176;178;180;181;182;184;185;187;189;190;191;192;193;196;199;200;201;202;203;206;208;209;210;216;217;219;220;221;222;223;226;227;229;230;232;233;234;235;237;242;247;253;254;255;256;257;260;261;262;264;265;267;270;271;272;274;275;277;278;279;281;283;285;287;288;292;293;295;296;298;299;302;303;304;305;307;308;309;311;312;313;317;319;321;322;324;326;328;330;332;333;337;338;340;342;349;350;353;354;359;362;365;367;368;369;370;371;376;378;379;380;381;382;383;386;390;391;393;396;397;398;400;403;404;405;406;407;408;411;412;415;419;420;421;423;424;425;427;430;432;433;435;442;443;444;450;452;454;455;458;459;461;463;465;467;468;469;475;476;478;482;483;486;487;492;493;494;495;497;498;499;500;501;505;506;507;513;514;515;521;529;530;531;533;535;536;537;539;540;541;542;544;545;549;550;552;554;558;560;562;563;564;565;567;568;569;572;574;576;578;579;581;582;583;586;587;589;593;594;595;597;598;599;603;607;608;611;612;613;619;621;622;623;625;626;627;628;629;635;639;643;645;647;649;650;652;654;655;657;661;662;664;666;667;669;675;676;678;679;681;684;685;688;690;691;692;693;694;695;696;698;702;703;704;705;708;709;710;719;722;724;725;732;733;736;737;738;740;744;749;751;752;753;754;756;757;762;769;772;776;781;782;784;786;789;792;793;794;795;800;801;804;805;807;808;810;811;814;815;816;819;821;823;825;826;827;828;829;830;831;832;833;834;837;839;840;842;844;847;849;851;854;855;856;857;859;860;864;866;867;868;872;874;879;881;884;888;889;890;894;895;896;900;902;904;905;911;912;913;914;919;920;921;922;923;924;925;926;934;935;937;938;939;942;943;944;948;950;954;961;963;965;966;967;968;971;972;976;977;978;980;982;983;984;986;988;992;993;994;995;996
934;1;2;4;8;10;12;13;14;18;21;22;23;24;25;27;30;31;34;36;38;39;40;45;48;50;54;56;57;61;62;63;69;70;71;74;77;78;81;82;84;90;91;92;97;98;99;101;103;106;108;110;111;114;115;116;118;119;121;123;126;128;133;136;138;140;141;149;151;155;156;157;159;164;169;171;176;178;181;183;184;185;188;191;192;194;195;198;204;209;210;211;215;217;221;224;226;227;231;232;236;237;238;239;240;242;245;246;249;250;251;258;260;261;263;269;270;274;276;277;278;279;282;284;286;287;293;299;300;301;302;304;305;306;307;308;309;310;311;313;319;320;322;324;327;328;329;331;334;335;337;340;341;342;343;346;350;352;354;358;361;363;364;365;366;367;368;369;370;371;379;380;384;385;393;394;396;398;400;402;405;409;410;411;412;413;416;417;425;429;430;432;433;435;436;437;443;444;445;450;451;453;455;456;458;461;463;464;468;469;470;471;477;478;480;482;491;495;498;500;502;503;504;512;513;514;516;518;519;523;527;529;530;533;534;535;537;538;541;544;545;546;548;551;552;553;556;557;558;561;567;568;572;573;575;578;580;591;592;593;595;597;598;600;602;603;606;608;610;611;612;616;617;618;620;621;626;627;629;632;633;634;635;637;638;642;643;644;651;653;654;655;657;659;660;662;663;666;667;668;670;671;672;677;678;680;681;682;684;687;688;689;690;691;692;693;694;695;696;697;700;702;703;705;706;708;709;714;715;718;719;721;725;727;734;735;737;740;742;743;744;745;748;749;751;753;754;758;761;763;764;766;768;769;771;772;777;779;780;782;783;790;791;792;793;794;795;803;804;807;808;809;810;813;816;821;823;824;825;828;829;831;833;835;837;838;839;840;841;843;844;845;847;848;851;854;855;856;857;858;862;863;869;870;871;874;875;877;882;886;887;890;892;897;899;903;904;905;906;908;909;911;913;914;919;922;923;925;926;927;929;933;935;938;941;942;943;944;945;949;951;953;954;957;959;963;965;967;969;971;972;974;975;979;980;981;982;983;986;992;995;996;997;998;999;1000
935;1;2;3;8;9;12;14;15;18;20;21;22;24;26;29;30;32;33;36;39;42;44;45;46;48;51;56;61;65;68;69;70;75;76;80;81;83;84;85;88;89;90;93;94;97;99;100;103;107;108;109;111;112;117;120;121;123;124;125;126;127;129;130;131;133;134;135;137;142;143;144;146;148;149;150;155;156;157;158;159;160;165;168;172;174;175;176;178;179;181;182;183;185;187;190;191;194;196;197;198;199;200;202;203;207;214;216;220;221;224;225;228;233;237;238;239;240;245;246;248;249;251;254;256;258;260;261;264;266;267;271;276;279;280;283;289;292;300;301;302;304;305;308;309;310;314;315;316;317;318;320;323;324;326;327;328;329;331;334;336;337;338;339;340;341;342;343;347;354;356;361;363;366;367;368;369;370;372;373;374;375;379;380;381;382;383;384;385;386;387;388;389;392;394;396;398;399;400;404;407;409;411;412;414;415;417;418;420;425;426;427;428;429;430;432;435;436;438;441;442;443;445;446;450;451;452;455;456;461;465;466;467;468;472;473;474;478;479;483;485;486;487;488;494;495;496;497;498;500;502;503;508;509;510;511;515;517;518;519;520;523;524;525;526;528;529;532;533;536;537;539;541;543;545;546;551;553;554;559;560;561;562;563;564;568;571;572;574;575;581;583;584;586;587;588;589;590;591;595;598;601;602;604;608;609;611;612;613;614;616;618;621;623;624;625;626;628;629;630;631;632;635;636;640;641;643;645;648;649;651;652;654;657;658;659;660;661;664;665;666;667;669;670;671;672;673;674;677;680;681;686;689;690;691;693;695;696;698;699;700;704;705;707;709;711;713;714;715;717;720;721;722;723;724;725;726;727;728;730;733;734;738;741;744;745;748;749;750;752;754;756;757;759;760;761;766;767;768;770;772;773;774;775;776;783;785;788;789;791;793;796;797;798;799;800;801;803;804;806;811;812;813;816;820;821;822;824;825;827;828;829;831;833;836;837;838;839;841;843;844;848;851;852;853;856;857;859;862;864;866;867;870;872;879;880;883;888;889;890;897;898;899;900;902;903;904;905;906;907;910;912;913;914;916;917;918;923;926;927;932;933;934;937;938;939;940;941;943;944;945;948;950;951;953;959;961;962;965;969;975;976;977;981;982;983;988;989;991;992;994;995;998
936;1;2;6;7;9;12;14;15;16;17;18;20;24;27;28;29;31;33;34;35;36;38;39;41;42;43;45;47;49;50;52;54;55;56;58;61;62;68;69;70;71;75;77;80;82;84;86;93;98;99;100;101;102;103;108;109;110;111;116;117;118;120;122;123;125;126;128;131;133;135;137;139;140;143;144;145;146;147;148;149;150;151;153;155;160;161;164;165;166;167;169;170;171;172;173;174;175;177;178;182;183;184;185;186;188;189;190;191;193;194;195;196;197;198;199;201;204;205;206;211;214;221;223;225;226;229;230;231;233;235;238;239;241;242;247;251;252;254;255;256;262;263;264;266;268;270;271;272;273;274;276;278;279;281;282;285;288;289;293;297;300;303;304;306;307;308;311;313;314;315;322;323;325;326;327;329;330;332;334;335;338;339;341;342;343;344;345;347;348;349;355;358;359;363;365;366;367;368;371;376;380;382;383;385;387;393;398;400;401;402;405;406;408;409;410;411;417;418;419;421;422;423;424;425;429;430;432;435;438;439;441;443;449;450;456;457;458;459;461;462;466;467;468;469;470;473;474;475;481;483;484;487;489;492;493;496;499;501;502;504;507;512;514;517;519;520;521;522;523;525;529;534;535;536;537;538;539;540;542;543;547;551;552;553;555;558;559;561;562;564;568;569;571;572;575;580;581;586;589;590;595;596;597;598;599;600;601;604;607;610;614;617;619;622;623;626;628;634;635;636;637;638;639;640;643;649;650;651;652;654;664;665;666;670;674;676;677;679;680;681;685;689;692;693;694;699;701;703;704;705;708;709;710;711;712;713;716;718;722;723;724;725;726;727;729;730;731;736;738;739;740;741;744;745;748;755;756;757;764;766;767;771;773;774;775;776;777;778;780;783;784;785;786;788;791;794;800;803;804;806;809;811;812;813;819;820;825;826;830;831;833;834;837;841;842;843;846;850;854;856;860;864;866;871;873;875;879;880;886;887;888;890;891;892;894;895;896;904;905;907;909;910;911;913;914;918;919;922;923;926;931;937;940;942;943;945;946;947;949;952;953;954;956;957;958;959;960;961;963;966;968;969;971;976;980;981;983;985;986;989;990;997;999
937;1;2;4;5;6;7;9;10;12;14;15;16;17;20;21;22;24;32;33;37;38;40;41;42;43;45;46;47;48;49;52;53;54;60;61;62;65;68;69;70;72;74;78;79;83;84;87;88;92;94;98;106;108;109;111;113;115;116;117;118;119;120;121;122;124;131;136;138;141;142;146;147;151;154;155;157;158;160;164;168;176;178;184;185;186;188;189;192;194;195;196;198;201;204;206;209;210;211;214;215;217;218;219;220;223;224;225;226;227;230;231;238;241;243;244;246;247;248;257;259;262;267;272;273;274;275;278;283;284;287;288;290;291;292;293;296;297;299;300;302;303;306;310;311;313;316;319;320;322;326;327;328;329;331;340;341;342;345;347;351;352;353;355;357;362;363;367;368;373;376;379;381;383;384;385;386;387;388;389;390;392;393;396;397;400;401;402;403;406;407;408;413;414;415;416;417;418;420;423;426;429;430;431;433;435;436;437;438;439;442;443;447;449;450;451;452;455;458;459;462;466;470;471;472;476;477;478;479;480;482;488;489;492;495;496;498;500;502;504;506;507;508;509;511;515;516;519;521;525;527;529;530;532;534;535;536;537;540;543;547;550;551;554;555;558;560;562;563;565;567;568;570;572;575;580;581;584;585;586;587;590;591;592;594;595;596;598;599;600;601;606;611;613;621;622;623;624;625;630;631;634;635;636;638;641;643;645;646;653;657;659;660;661;663;671;672;673;675;677;678;679;681;682;688;690;692;694;696;697;698;699;702;703;704;705;706;707;709;710;711;712;716;718;720;723;727;728;730;731;735;736;737;738;739;741;742;743;744;746;747;749;750;751;753;757;758;759;760;761;762;763;764;766;768;769;771;772;776;777;779;781;782;783;785;786;788;789;791;792;793;794;795;796;798;801;803;804;805;808;812;813;815;816;817;818;821;822;824;825;826;827;829;831;832;835;836;837;838;839;840;844;846;848;849;850;855;856;857;858;861;862;863;866;867;868;870;873;874;875;880;881;882;884;885;886;887;891;895;896;897;898;901;906;909;911;913;916;917;919;920;921;923;924;931;933;935;936;940;942;946;951;954;956;958;959;960;962;963;964;966;967;969;970;971;972;980;983;986;987;988;992;995;999
938;1;4;6;9;14;17;19;21;23;25;26;27;28;32;33;34;35;36;37;38;40;41;44;51;52;53;54;56;57;58;59;60;61;62;63;64;66;68;70;71;72;73;77;80;81;82;87;90;92;94;96;97;98;99;101;102;104;106;107;108;111;116;117;118;123;129;131;132;135;137;139;142;143;144;146;147;148;151;152;155;156;158;161;162;164;165;166;167;168;170;172;173;174;175;180;185;186;188;191;193;196;201;202;204;205;207;208;209;211;212;213;214;216;218;222;224;233;235;236;237;240;243;244;247;248;250;252;253;254;255;257;260;267;269;273;274;275;278;279;280;283;285;288;289;291;294;297;298;300;302;303;304;305;306;310;311;315;316;318;320;322;324;329;331;332;337;338;339;344;345;346;349;351;353;354;357;358;359;361;362;364;365;368;370;372;374;375;376;379;380;383;384;385;386;387;388;389;390;395;397;398;403;405;409;413;414;415;418;419;422;423;428;429;431;432;435;437;438;443;444;445;446;447;448;449;452;455;456;457;458;459;460;461;465;466;468;473;474;475;476;478;479;480;481;482;483;484;485;486;487;490;491;492;493;494;495;496;498;503;504;505;508;517;518;519;520;521;524;527;528;530;534;535;536;537;539;543;544;545;546;550;552;553;555;558;561;562;563;569;571;572;573;577;579;580;583;585;587;589;595;596;597;598;599;603;604;606;608;612;613;615;618;620;622;627;628;630;631;636;637;641;642;643;645;646;647;648;649;653;654;655;657;658;659;660;661;664;665;668;669;670;672;673;674;677;679;683;688;689;690;692;693;695;696;701;707;709;710;714;719;720;722;723;724;725;728;729;735;736;743;747;748;750;752;755;757;758;759;760;764;766;767;768;772;773;774;776;777;778;779;781;783;788;791;795;796;799;800;803;808;810;811;812;813;816;820;822;823;824;828;829;832;837;838;839;840;841;847;848;850;851;852;853;854;856;858;860;863;864;865;871;873;874;876;879;881;882;885;886;888;889;894;895;896;900;906;907;910;911;914;916;918;920;923;925;928;931;933;934;935;940;946;957;959;962;973;974;975;979;981;985;986;987;989;992;994;996;1000
939;1;3;4;7;11;12;13;15;16;20;21;24;25;27;32;33;36;38;43;49;51;54;56;57;60;62;63;64;67;70;74;84;86;87;88;91;94;100;101;102;108;109;110;111;115;118;119;120;126;127;135;136;143;145;146;151;152;153;154;155;156;157;158;160;162;163;169;171;172;174;176;180;182;183;187;189;190;191;199;201;203;204;205;206;207;210;212;214;216;219;221;222;223;224;225;226;229;230;231;235;236;237;239;240;242;248;250;252;262;263;268;270;271;273;274;280;282;283;284;285;287;288;291;292;294;296;298;304;307;310;311;313;314;316;317;318;319;322;323;325;326;327;328;329;331;332;333;334;335;336;337;338;339;341;344;349;351;353;356;357;358;359;360;361;362;363;366;368;370;371;373;375;378;379;380;381;382;383;385;387;389;391;393;394;395;397;398;399;400;401;402;405;407;409;410;411;414;419;422;423;424;425;426;427;428;429;430;432;433;435;437;438;442;443;445;447;449;450;454;457;458;459;460;463;466;470;471;472;473;474;478;479;481;482;483;484;487;491;492;494;497;498;499;504;506;507;508;509;510;513;515;516;519;523;524;525;528;530;533;535;537;539;540;541;543;544;548;551;553;558;559;560;561;563;566;567;568;571;572;576;577;582;583;586;587;591;594;595;598;601;602;605;608;610;611;612;615;617;618;619;621;622;624;626;627;630;633;634;635;637;639;641;642;645;646;647;648;652;656;657;658;660;661;662;663;665;670;671;673;676;679;684;687;691;693;694;697;698;699;700;701;703;704;705;708;709;711;712;713;714;715;716;717;718;720;721;722;723;724;727;730;731;732;733;736;738;740;743;744;745;749;751;758;760;764;765;766;767;768;769;770;771;773;774;775;777;779;780;781;783;785;786;789;791;792;793;794;797;799;801;802;803;804;806;810;811;812;815;816;819;822;827;828;830;831;832;833;834;837;839;840;841;844;848;850;851;857;860;861;863;865;866;868;869;874;876;877;882;890;891;893;895;896;897;898;901;903;904;905;909;910;912;913;916;917;919;921;925;926;927;930;932;933;935;941;942;947;948;949;951;953;960;962;965;968;969;970;971;972;973;974;975;976;977;980;981;982;986;988;990;992;995;997;999
940;2;3;5;6;7;16;18;20;21;24;29;33;34;35;37;38;39;40;42;45;46;48;52;53;54;56;58;60;61;62;64;67;69;72;73;74;75;77;79;82;85;87;91;92;93;94;95;103;108;109;112;113;114;117;119;120;121;122;126;129;132;134;135;136;140;142;145;146;148;150;154;155;158;167;168;173;176;177;178;181;183;190;192;193;194;195;196;199;205;206;210;211;212;213;214;215;216;217;218;220;221;222;223;228;230;232;233;236;245;246;250;254;256;257;259;261;262;265;266;268;269;270;272;273;275;276;279;281;285;291;292;293;297;298;300;301;302;305;306;307;311;313;317;319;320;322;324;326;330;332;334;336;339;341;342;344;345;346;347;352;353;355;356;358;359;360;363;364;365;367;369;370;371;372;373;375;377;381;383;387;389;390;392;393;398;400;401;403;404;405;407;408;409;411;413;415;416;420;422;428;429;430;432;434;435;438;443;446;448;451;452;453;454;456;458;459;460;461;463;465;467;468;469;470;473;480;481;482;483;484;485;487;491;492;493;494;496;497;499;502;504;507;508;510;511;513;516;519;520;526;530;531;533;534;535;537;538;539;540;541;543;545;546;549;553;555;556;558;559;560;563;566;568;569;571;575;577;580;582;583;584;585;587;588;590;591;593;594;597;598;600;601;603;605;606;608;609;611;612;615;617;619;622;623;624;626;628;638;640;641;646;648;649;650;652;653;654;655;656;660;661;664;665;666;669;670;672;673;676;679;680;682;689;690;691;692;694;695;697;698;701;702;703;705;706;708;714;716;721;722;725;726;727;728;729;733;740;742;750;751;752;755;756;757;758;759;760;761;762;768;770;771;773;776;779;780;783;784;787;791;792;794;795;798;799;805;808;810;811;817;818;819;820;822;823;825;826;827;829;833;835;839;840;842;844;846;849;851;852;853;854;856;858;860;863;865;866;867;868;871;872;873;874;878;880;881;882;883;884;885;888;889;890;893;894;895;896;897;898;899;900;901;902;903;904;905;906;911;913;914;916;918;920;921;922;923;927;931;932;935;936;937;938;941;945;947;949;950;954;955;956;961;962;964;965;967;968;970;977;979;980;984;989;993;996;997;998;1000
941;2;3;8;10;11;13;14;16;17;18;19;22;24;28;31;34;38;39;41;43;44;45;47;49;57;58;60;61;62;66;69;70;74;75;76;77;78;79;83;84;86;88;89;92;94;95;96;97;100;102;104;107;109;112;118;120;121;123;124;125;127;128;131;134;135;136;137;139;141;143;146;147;149;152;153;154;157;158;160;162;164;165;174;176;177;181;182;187;189;190;193;194;197;198;199;200;201;202;203;204;205;208;209;212;215;216;217;219;220;221;223;226;227;228;229;230;231;234;235;236;237;238;239;242;243;244;246;248;250;253;255;257;265;267;269;271;275;277;280;281;284;285;286;287;288;290;291;294;295;297;298;300;305;307;310;312;314;320;324;326;327;328;329;331;333;336;338;339;340;342;343;344;348;349;350;354;359;360;362;363;364;365;370;372;373;377;378;381;382;383;384;385;387;388;389;390;393;394;397;398;399;401;404;405;412;413;415;416;417;419;420;421;422;423;426;427;429;432;433;436;437;438;440;443;444;445;446;448;449;451;452;457;461;463;464;465;466;471;472;473;475;476;480;483;484;488;492;494;496;500;502;504;506;511;512;513;514;516;517;518;519;520;521;523;526;527;534;535;539;541;543;546;548;552;553;555;556;558;559;562;566;567;568;570;571;573;575;578;580;582;583;585;588;591;592;593;594;598;599;600;602;603;604;605;608;612;614;617;619;621;622;629;631;632;636;641;648;653;657;658;659;662;668;671;673;675;677;682;683;687;688;690;693;695;696;698;699;702;703;705;709;710;711;713;714;718;719;720;721;725;726;727;733;734;735;739;740;742;743;745;747;748;753;755;757;760;762;764;767;771;773;776;777;780;781;783;786;788;792;796;798;800;801;802;803;805;806;811;812;816;820;822;823;827;831;832;833;834;835;839;842;843;848;849;853;855;859;860;861;864;867;868;870;875;877;878;879;881;887;888;889;892;894;897;898;901;904;905;908;909;911;917;918;919;921;925;926;927;928;929;931;932;934;935;939;940;948;950;954;956;957;958;959;960;963;965;969;970;977;979;982;983;984;986;987;988;991;993;994;995;996;997;998;1000
942;2;3;8;13;15;16;18;19;22;23;25;26;27;31;32;34;37;38;39;42;43;46;49;51;52;53;54;55;56;58;59;61;62;66;67;68;69;74;76;77;80;85;87;89;90;91;92;94;98;101;104;105;107;110;114;115;116;117;119;123;126;129;130;133;134;135;137;139;140;141;144;146;147;150;151;152;154;155;156;157;159;161;163;164;168;170;172;174;175;177;179;181;184;185;186;190;191;192;198;199;200;201;202;205;206;208;210;211;212;214;215;216;219;222;223;224;226;228;229;231;234;237;240;243;245;246;247;249;251;254;258;259;260;261;262;263;268;270;271;273;274;276;281;282;283;284;285;287;288;291;293;295;298;300;304;306;307;308;309;312;313;314;318;320;321;322;323;328;332;335;338;339;341;342;347;350;356;357;358;360;362;366;370;371;372;375;376;379;380;381;382;383;386;388;390;392;393;395;396;397;398;399;400;402;403;404;406;407;409;411;413;416;417;419;420;421;423;424;427;428;429;430;432;433;436;437;442;443;444;445;447;448;449;453;457;461;469;470;472;475;480;481;482;484;486;488;489;495;497;501;505;506;507;508;510;512;513;514;515;516;517;519;520;521;522;524;527;528;529;531;534;541;542;544;550;552;553;556;561;562;563;566;567;568;569;571;572;576;580;583;584;585;586;589;591;592;599;600;601;603;604;607;608;614;616;617;618;620;621;622;623;624;625;628;629;630;631;633;634;636;639;644;645;646;649;650;657;658;659;661;664;665;667;669;674;675;679;682;683;684;685;687;688;689;690;692;694;697;698;703;706;707;710;712;713;714;716;717;718;719;720;722;723;727;729;730;731;732;733;736;737;738;740;742;743;746;748;749;751;752;753;755;757;759;760;761;762;763;765;767;769;771;773;774;775;777;779;781;782;783;784;785;786;787;788;789;790;791;792;796;797;802;806;810;811;812;815;816;818;819;824;825;828;830;831;835;838;840;842;849;852;853;855;856;857;860;861;862;863;864;872;874;875;876;877;880;881;883;884;887;889;893;897;899;905;906;910;911;912;913;916;918;920;922;926;927;928;930;933;934;936;937;939;943;945;949;957;960;961;965;966;971;972;973;975;977;978;980;981;985;987;989;990;991;992;993;994;996;999;1000
943;3;4;12;13;15;16;17;19;21;22;23;24;25;28;31;32;35;37;38;39;41;44;45;47;49;51;52;54;55;56;57;59;61;62;63;64;65;66;69;70;71;72;74;76;77;78;79;86;87;88;89;92;95;96;97;100;101;102;103;109;111;113;115;116;117;120;122;124;126;127;128;130;132;135;142;143;144;148;151;155;157;158;161;162;165;166;168;169;170;174;175;177;178;179;180;182;190;191;192;194;195;196;199;200;201;202;207;209;210;212;213;214;215;216;218;219;220;221;223;227;231;234;235;236;240;241;242;245;249;250;254;256;257;258;262;266;268;269;270;271;273;274;275;276;283;284;286;287;288;289;292;293;296;297;299;301;304;307;309;310;312;313;315;316;317;318;321;325;326;329;334;335;336;338;339;341;342;345;347;348;351;353;355;357;358;359;362;364;368;370;371;373;376;379;383;385;386;387;389;392;395;399;400;402;406;408;411;413;414;420;422;423;425;430;432;435;437;438;441;444;446;450;455;456;457;459;460;461;462;463;467;470;473;474;475;476;477;478;484;485;486;487;488;489;490;491;492;493;495;496;497;498;499;500;501;505;506;507;508;511;512;513;514;516;517;518;520;523;530;531;538;541;543;545;549;550;552;555;559;563;564;565;566;568;569;570;571;573;576;579;581;583;587;588;589;591;594;598;599;601;603;604;605;609;613;615;616;617;618;619;620;624;626;628;633;634;635;636;637;638;639;640;642;643;645;646;647;649;650;652;653;654;656;657;658;663;664;665;666;667;668;671;673;675;677;678;679;685;686;687;691;692;693;694;695;698;700;701;702;703;704;706;710;711;713;714;718;719;720;721;724;725;729;732;736;738;739;740;741;743;747;748;750;752;757;758;760;761;762;764;765;773;775;776;777;778;780;782;783;785;786;787;788;794;795;797;800;804;806;807;808;810;813;817;821;824;825;829;831;834;835;836;837;840;843;844;848;849;850;851;853;854;856;858;859;860;861;866;867;869;872;875;876;877;880;881;887;888;889;890;892;894;896;899;905;906;912;913;916;917;918;919;922;924;925;926;933;934;935;936;942;944;946;947;948;949;952;955;960;962;964;965;966;969;970;975;976;980;982;983;985;988;989;990;992;995;1000
944;1;3;4;6;7;8;13;15;19;20;21;22;25;27;29;35;37;39;41;42;46;48;50;53;55;57;58;59;60;64;66;69;71;72;74;75;76;79;88;90;93;95;100;101;102;106;108;111;115;117;118;119;120;121;122;124;125;128;129;130;134;135;144;146;148;149;150;152;153;155;158;161;164;165;166;167;168;169;170;172;174;177;178;179;180;181;183;184;185;186;188;190;191;192;197;200;201;203;205;208;209;210;211;212;213;215;216;219;220;222;226;230;232;234;235;237;238;239;246;248;249;250;252;253;254;256;257;262;264;268;269;270;273;275;277;281;283;284;285;286;289;290;293;294;295;297;298;299;307;309;312;313;314;315;317;321;322;323;324;325;327;328;330;331;332;333;334;335;338;341;342;344;345;346;348;349;351;352;353;355;358;359;360;361;362;363;365;371;373;374;375;377;379;380;381;382;384;385;386;387;389;390;391;393;394;398;399;402;405;408;411;413;414;417;419;422;424;425;429;434;435;437;440;441;443;444;445;446;448;450;452;458;459;460;462;464;465;466;469;471;472;475;478;481;482;484;485;487;489;490;491;492;496;499;504;505;507;509;510;511;513;515;516;517;519;522;523;524;525;526;527;531;532;533;534;535;537;539;541;542;543;544;546;548;549;550;551;557;563;572;573;577;581;582;583;584;585;586;588;591;593;595;597;598;599;601;603;605;606;609;611;612;613;621;623;625;626;629;631;633;639;640;644;648;649;652;653;654;655;657;658;659;662;663;665;667;668;671;672;674;676;678;680;681;682;686;687;688;691;694;695;696;699;700;701;702;703;705;707;708;710;711;713;714;715;716;717;718;720;721;722;723;726;727;733;734;735;736;737;738;740;741;742;745;747;748;750;751;755;757;758;759;761;762;764;765;770;774;775;777;782;784;788;789;790;792;793;795;796;797;802;803;804;805;807;809;810;813;815;816;817;818;819;821;823;824;826;828;829;832;836;837;839;840;844;846;848;851;852;853;856;857;858;860;861;862;863;866;868;869;872;873;875;876;877;878;885;886;887;888;892;893;895;897;899;900;901;903;905;906;907;908;909;910;911;912;913;915;917;921;923;929;931;932;933;934;935;943;945;947;949;951;952;955;956;958;960;962;964;967;971;972;973;976;977;980;981;983;987;989;990;992;993;1000
945;1;2;4;5;8;9;10;18;19;22;25;27;28;29;32;34;36;39;40;41;42;47;48;49;50;52;57;58;60;63;64;68;69;70;72;76;77;78;79;80;81;83;84;86;87;89;90;92;97;98;101;103;105;106;107;116;117;120;121;128;129;131;133;134;140;143;144;145;147;148;151;153;154;155;156;157;158;160;162;163;166;171;172;173;174;175;177;185;187;192;193;195;198;200;202;203;204;205;207;209;210;211;212;213;214;217;218;221;222;225;226;227;229;232;233;234;241;244;245;250;251;254;256;260;261;262;263;267;270;271;272;273;274;275;276;278;279;280;282;283;284;285;286;287;288;291;292;294;295;296;297;302;304;305;306;309;310;311;312;315;316;317;318;319;320;321;323;326;330;332;333;334;335;338;342;344;346;347;349;353;356;357;360;365;367;368;369;372;374;375;377;378;379;380;382;387;388;389;390;391;392;395;396;400;402;403;404;405;408;413;416;418;420;424;428;433;435;436;438;439;440;441;444;445;446;449;450;451;453;454;456;457;458;459;460;463;465;467;468;469;470;471;473;474;475;477;478;484;486;487;488;490;492;493;494;499;502;505;506;508;511;514;516;521;522;525;526;528;532;534;536;537;538;539;540;541;542;548;549;550;553;554;556;559;560;563;564;565;567;568;569;571;572;573;574;577;578;579;581;584;585;594;598;603;605;607;609;613;615;617;620;623;627;628;629;630;631;632;634;638;641;642;643;644;645;647;649;652;654;655;659;660;661;662;663;664;668;670;671;672;674;675;678;679;680;682;683;689;690;696;697;699;703;704;707;710;711;713;714;715;716;717;718;724;725;726;728;729;730;731;732;736;737;738;739;741;743;744;746;748;749;753;754;756;757;762;763;765;766;767;768;769;770;772;773;774;779;783;784;785;786;787;790;792;794;796;797;800;802;803;805;807;808;812;813;817;819;824;827;830;833;834;835;840;842;843;847;848;849;853;854;856;857;860;862;864;867;868;872;874;882;887;889;890;891;893;894;895;898;899;902;907;908;911;915;919;920;921;926;930;934;935;936;940;942;944;948;949;950;952;958;961;962;965;967;968;969;971;973;974;975;976;978;979;980;981;986;987;990;991;992;993;994;995;998;999
946;1;3;7;8;9;10;11;13;14;17;19;20;21;23;24;25;29;30;33;35;36;37;40;41;43;49;51;54;56;58;65;66;68;69;70;78;79;80;81;87;88;89;90;91;95;98;99;102;105;109;111;112;114;115;116;118;120;122;123;124;126;128;130;133;136;140;144;145;146;149;152;153;155;156;157;159;160;163;165;166;167;171;176;177;178;183;187;188;190;191;192;193;197;198;199;200;203;204;205;209;210;211;214;215;217;220;223;225;226;229;230;231;232;233;241;242;245;248;249;252;253;256;261;263;264;270;273;274;275;278;280;283;285;286;287;288;289;290;293;294;295;296;297;298;299;301;302;303;305;306;307;316;319;321;322;326;327;328;329;330;331;335;340;341;342;346;347;348;349;350;351;353;354;355;357;358;360;363;366;371;372;373;374;375;377;380;383;384;385;387;388;391;392;393;400;401;404;406;407;408;412;415;416;418;420;422;426;427;429;430;431;433;434;435;437;442;444;445;447;452;453;456;457;458;459;461;462;463;466;472;477;479;480;482;484;486;488;489;490;495;496;498;499;502;505;513;514;515;518;520;521;525;527;533;534;536;537;542;544;546;548;550;551;552;553;554;556;560;562;563;564;571;572;575;578;584;586;587;596;598;600;601;602;603;604;606;608;609;613;616;617;618;621;623;624;625;626;630;632;633;636;637;638;644;645;646;647;648;652;653;656;657;658;660;661;666;667;669;670;671;673;675;679;680;681;684;685;687;689;690;695;696;701;703;704;705;706;709;713;714;715;716;718;719;720;725;726;727;729;730;731;735;736;737;739;742;744;745;746;749;750;751;753;754;757;758;765;768;769;775;776;784;785;788;790;793;794;795;796;797;800;801;803;805;807;808;810;811;814;815;819;820;823;825;826;827;828;832;835;838;839;843;844;845;849;850;851;854;857;858;862;863;865;866;867;868;871;872;873;875;878;882;883;884;888;889;892;893;895;896;897;900;903;909;914;917;918;920;921;927;928;929;931;936;937;938;943;949;953;957;958;960;962;963;964;967;968;969;970;971;973;975;979;980;981;984;985;991;993;994;997;998
947;1;2;3;4;5;6;10;11;12;16;17;18;23;24;25;26;28;29;32;33;34;37;41;42;43;44;46;48;50;51;52;53;59;60;61;68;69;70;72;77;79;85;87;89;90;92;93;95;96;98;99;101;102;104;109;111;112;113;115;116;117;118;124;129;132;133;135;136;137;138;141;144;145;147;148;149;155;157;159;160;161;163;164;169;172;174;175;177;178;180;181;182;183;185;186;187;188;189;191;192;193;196;197;200;201;202;209;210;214;216;218;220;221;222;223;231;232;233;234;235;237;239;240;242;243;245;248;250;253;255;256;258;259;260;261;263;264;265;269;271;272;273;274;276;279;281;283;284;285;286;287;288;293;297;299;300;301;303;304;308;309;313;314;318;319;320;321;323;325;326;329;331;333;335;336;337;339;340;341;347;350;354;355;356;357;359;360;361;362;363;364;365;367;368;376;380;383;384;386;388;390;391;392;395;399;400;401;404;406;407;410;412;413;414;417;419;421;424;430;432;433;435;437;438;439;440;442;443;444;445;446;447;448;449;451;452;455;456;457;459;460;462;464;468;470;474;475;476;478;479;480;482;486;488;489;491;496;497;500;503;504;509;513;516;518;519;520;521;523;525;529;530;532;534;535;537;538;539;540;541;542;545;547;548;549;550;551;553;554;555;556;557;559;560;564;566;568;573;574;575;578;584;585;587;592;598;600;601;604;605;606;610;611;620;625;626;627;629;630;632;635;638;641;642;649;650;653;654;661;662;663;664;665;666;671;673;675;676;680;681;682;685;686;688;690;693;694;696;697;698;700;704;706;709;710;711;712;713;714;715;716;718;719;721;722;723;724;726;729;735;736;737;738;739;744;748;756;760;761;764;768;769;776;782;783;784;787;791;792;793;794;795;796;797;798;799;801;803;804;806;807;810;811;812;815;816;818;824;826;830;832;836;837;838;839;841;844;845;846;847;848;850;851;852;853;855;856;860;861;866;869;870;871;878;880;881;883;884;887;889;891;896;897;899;905;906;908;909;911;912;913;915;916;917;919;922;928;929;930;932;936;939;940;943;944;948;952;953;954;957;958;960;961;962;966;967;970;971;976;977;978;979;982;984;987;991;992;993;994;995;996;998;999;1000
948;1;5;9;10;11;12;14;15;16;17;18;20;21;22;23;24;26;27;31;33;35;38;39;40;43;45;50;55;56;61;63;65;71;72;75;76;77;78;80;82;83;84;87;88;90;92;94;95;96;100;101;103;104;105;106;108;110;111;113;120;121;125;126;127;128;129;130;131;134;135;136;137;141;142;144;148;149;151;152;153;154;156;159;160;161;162;164;165;166;167;168;170;171;172;173;175;180;181;183;185;186;189;190;191;193;197;198;201;203;205;206;207;210;212;214;215;219;222;226;227;229;231;232;233;236;237;240;241;242;244;245;246;247;251;254;255;256;258;260;264;266;268;269;270;271;273;277;288;289;290;294;296;297;298;300;301;303;307;309;312;316;317;319;321;322;324;326;327;328;330;332;333;335;339;340;343;345;348;352;355;360;362;366;367;368;369;371;374;376;377;379;381;384;385;387;392;395;399;400;403;404;406;408;411;412;416;417;421;423;425;430;432;436;437;438;439;441;443;446;449;451;453;455;456;457;460;462;463;466;469;470;471;473;474;476;477;478;479;480;481;482;483;484;485;487;488;489;491;494;496;498;499;502;503;505;512;514;515;516;521;523;526;527;528;530;533;534;536;538;539;541;542;544;546;549;550;551;553;556;557;558;560;561;564;567;574;575;582;586;587;589;593;594;595;597;599;600;601;602;603;605;607;608;609;612;613;615;616;617;622;623;625;626;627;628;629;630;632;634;636;637;639;641;642;644;649;652;655;657;658;662;665;666;673;677;679;685;686;689;690;693;694;697;704;705;708;710;713;715;716;719;721;726;727;730;731;737;739;741;742;743;745;749;750;753;754;755;756;757;759;760;767;768;769;771;772;773;774;775;777;778;780;785;786;787;788;789;791;793;795;799;803;805;807;808;809;810;812;813;814;816;818;819;820;821;822;828;832;833;840;841;845;850;854;857;858;859;860;861;862;863;864;865;867;868;870;871;872;874;878;882;884;887;892;893;898;905;906;911;914;915;916;917;918;920;923;925;927;929;930;933;935;939;941;943;945;947;949;950;951;953;958;959;961;963;965;966;967;968;971;973;974;975;977;978;979;980;981;984;985;986;987;989;991;992;993;995;996;997;998
949;2;3;4;6;7;9;12;16;17;18;19;24;25;27;28;29;30;31;36;38;39;41;43;44;45;46;53;57;58;60;64;66;67;69;70;72;73;74;75;77;79;80;81;82;84;85;88;90;93;94;95;98;99;100;101;103;104;107;110;111;112;115;116;119;123;124;126;128;129;132;133;136;138;140;141;142;145;146;147;150;151;152;155;158;160;162;164;167;169;171;176;177;179;180;182;184;186;187;192;193;197;198;200;205;206;207;208;209;210;211;212;215;218;219;222;223;226;227;228;229;230;233;235;236;238;239;240;241;246;249;250;253;256;257;258;259;263;264;265;266;271;274;278;279;281;284;285;286;288;291;292;293;295;296;297;298;299;303;305;306;307;310;311;312;315;317;321;322;323;324;325;326;327;333;334;335;336;337;338;339;340;342;343;346;347;348;350;351;353;355;356;357;359;360;365;366;367;372;373;375;381;383;385;387;388;389;390;391;392;394;395;396;397;399;400;401;402;404;405;408;409;411;413;414;416;417;418;420;421;423;425;428;429;433;435;437;438;441;443;444;447;448;450;451;452;454;456;459;460;465;467;469;470;472;474;476;478;486;489;491;493;495;497;498;499;500;501;502;503;508;509;510;511;512;521;525;528;529;531;533;534;535;540;542;543;545;547;549;550;551;552;554;558;559;560;561;565;566;569;571;572;575;576;577;578;579;581;582;583;584;585;586;588;590;593;595;598;602;605;607;608;612;613;617;623;624;625;627;628;632;633;634;635;636;637;639;640;642;644;646;648;650;652;653;655;659;661;662;664;665;666;667;671;672;673;680;682;683;684;686;687;690;694;695;696;697;698;699;700;701;702;706;714;718;719;721;729;730;731;733;735;738;739;741;742;743;745;749;751;752;757;762;763;765;766;767;768;769;770;771;772;776;777;778;779;781;785;786;787;788;790;792;793;795;797;800;802;806;808;810;811;812;813;814;815;818;819;822;825;826;827;828;829;830;833;834;837;839;840;841;843;844;845;848;849;850;854;857;858;860;862;864;865;868;870;873;875;878;880;881;884;886;888;890;896;898;899;900;905;906;909;913;919;921;922;923;924;925;926;927;929;932;934;936;939;940;942;943;944;945;946;948;951;952;953;955;956;961;964;966;967;968;969;974;975;977;978;979;981;982;983;988;990;994;995;996;998
950;6;7;8;11;17;18;19;20;22;26;27;30;32;33;34;35;37;39;40;42;44;45;48;53;56;61;62;65;69;71;74;75;76;77;79;84;89;90;91;92;93;94;96;98;102;106;109;110;113;114;115;117;119;122;123;124;133;139;143;144;145;146;148;150;151;152;154;155;156;157;160;162;163;164;169;170;176;178;181;182;185;187;191;194;195;197;198;201;202;203;204;210;211;212;214;215;216;217;218;219;220;221;223;224;225;226;227;229;230;231;232;234;236;244;246;247;248;249;251;253;254;258;260;261;262;264;266;269;271;275;280;281;283;284;287;288;291;292;294;295;297;298;299;301;303;304;305;307;308;310;312;313;314;315;316;317;320;321;324;327;328;329;330;332;333;338;341;343;344;345;347;350;353;354;361;362;363;368;371;373;376;379;380;382;383;385;386;389;390;393;396;398;400;403;404;406;410;411;413;414;415;416;420;421;426;427;428;429;432;433;436;437;439;440;441;442;443;445;446;447;451;453;456;460;461;466;469;470;474;475;476;478;481;482;485;487;489;490;495;496;498;499;501;503;506;508;510;511;515;517;518;524;525;526;527;528;529;530;532;533;534;535;536;538;542;543;545;546;547;554;558;559;561;562;563;565;566;569;571;572;574;576;577;584;585;586;587;588;589;590;593;597;598;599;601;605;607;609;610;611;612;613;614;615;619;620;623;624;625;626;627;631;632;633;635;636;637;640;641;642;645;646;647;648;649;652;655;657;659;660;661;662;663;665;671;676;677;680;682;683;686;690;692;694;695;696;697;698;699;700;701;702;705;706;708;710;712;713;717;722;723;724;728;732;733;735;737;738;740;743;744;745;747;749;750;756;758;759;762;763;766;770;775;778;780;781;782;783;787;789;793;796;797;800;802;805;806;812;818;820;822;823;824;825;826;827;829;830;832;833;835;837;839;840;842;844;847;853;856;858;860;861;862;863;865;866;867;868;869;870;872;873;874;875;876;878;879;883;884;886;888;892;896;897;898;899;900;901;903;905;906;907;908;909;910;912;914;915;916;919;920;922;923;924;929;933;935;940;941;945;948;952;953;955;956;959;961;962;963;964;966;967;969;970;976;979;981;983;986;987;988;989;991;994;995;998
951;1;4;5;6;7;12;13;14;18;22;25;26;27;29;30;31;33;37;38;40;42;43;44;46;49;50;51;53;54;56;59;61;65;66;67;68;69;72;74;75;76;77;79;80;83;85;86;89;90;91;93;94;96;98;100;102;103;104;107;111;113;114;115;118;119;120;122;123;127;129;130;132;135;136;138;139;141;144;148;155;156;158;159;163;167;168;169;170;171;172;173;174;175;176;177;179;182;185;189;192;193;194;197;203;205;210;213;216;219;220;222;223;225;229;230;231;233;234;236;238;239;240;241;242;244;245;246;254;257;259;263;264;266;268;269;270;272;274;276;277;279;283;285;286;287;289;290;291;292;293;296;297;300;301;303;305;306;307;309;312;314;316;319;321;324;327;331;334;337;339;340;341;342;343;345;348;349;353;356;358;360;362;364;369;381;388;390;391;392;394;399;401;404;408;410;411;412;414;415;418;420;421;422;423;426;428;429;430;431;437;438;439;440;444;445;446;447;449;451;453;454;458;462;463;464;467;469;471;476;477;478;480;481;483;486;487;492;494;496;498;504;506;508;509;510;511;512;516;519;520;522;523;524;525;527;531;533;534;535;536;539;540;541;542;543;546;547;548;551;554;556;557;558;559;562;563;564;566;567;569;573;574;579;580;581;585;586;589;595;598;599;600;601;602;603;605;607;609;610;612;619;620;621;622;625;626;627;629;631;632;634;635;637;640;641;642;643;644;647;653;654;656;657;660;662;664;665;666;667;668;672;673;676;679;680;681;683;684;686;687;689;691;694;700;701;702;703;705;706;709;711;713;719;720;721;722;725;726;730;731;733;739;742;743;744;747;748;750;755;756;760;761;764;767;769;770;771;772;774;775;776;781;782;783;784;785;791;792;796;798;799;800;802;804;805;808;809;813;815;816;819;821;823;824;825;827;828;829;830;831;833;834;835;836;840;841;842;846;850;852;853;854;856;857;863;864;865;866;868;869;870;872;873;876;878;879;882;883;886;888;890;891;896;899;902;903;904;905;906;907;910;911;913;914;917;918;919;920;921;922;924;927;928;929;934;935;937;939;944;948;949;952;953;954;959;960;968;970;971;973;976;978;979;980;987;988;990;994;995;997;998;999;1000
952;3;6;7;8;11;12;13;14;20;26;27;30;31;34;35;36;38;40;42;43;45;46;54;56;59;60;61;62;67;68;69;70;71;78;81;83;85;86;87;88;90;91;92;93;95;99;101;102;103;104;105;106;107;108;110;111;112;114;115;116;118;119;122;123;125;129;131;132;135;136;137;138;141;142;143;147;148;149;156;157;158;159;160;162;164;167;168;169;171;172;174;177;178;180;181;182;183;187;188;192;193;194;195;198;201;207;210;214;215;218;224;225;229;230;234;237;238;239;241;242;251;252;253;259;261;262;265;268;269;272;274;275;277;282;283;285;286;287;288;290;291;292;294;297;299;300;301;303;304;306;309;310;312;314;315;316;318;319;320;321;322;323;324;325;326;327;328;329;331;335;336;337;339;344;345;348;349;350;351;354;360;361;364;365;366;367;369;372;373;380;382;385;386;387;388;390;393;394;396;398;403;404;407;411;413;414;415;424;425;428;429;430;431;433;434;436;437;438;439;440;441;443;446;447;450;452;455;456;460;461;462;463;464;466;467;472;473;474;475;478;480;481;482;485;487;488;490;491;492;494;498;502;503;504;507;509;514;515;516;518;520;523;524;532;533;536;537;538;540;541;544;547;550;551;553;556;557;563;564;565;566;567;568;571;572;575;578;581;582;585;586;587;588;589;593;594;595;596;598;599;600;603;604;605;607;608;609;610;613;614;617;618;619;620;621;625;626;628;630;633;635;636;637;640;643;645;647;648;651;652;654;655;657;658;659;661;662;663;664;667;673;674;675;676;679;680;681;683;684;685;687;689;691;697;702;706;708;709;712;714;715;717;718;720;721;722;726;727;728;730;734;736;737;738;740;741;742;748;750;751;753;754;756;757;758;759;760;761;762;764;767;768;769;770;771;772;773;774;775;780;781;782;786;789;790;792;794;795;796;798;799;802;804;807;808;809;810;812;813;814;816;817;820;821;825;826;830;831;832;834;836;838;839;844;847;849;851;853;863;865;866;871;873;874;876;879;880;881;882;883;884;885;886;888;893;894;900;901;903;906;908;910;912;913;917;919;920;922;924;926;928;936;943;944;945;947;949;950;951;953;955;957;958;965;969;971;972;976;977;979;981;985;986;989;990;993;994;995;997
953;2;5;9;11;13;15;18;19;20;23;24;28;30;32;33;34;37;39;40;41;42;46;49;52;53;55;58;60;61;62;63;64;68;70;71;74;76;77;78;79;82;84;85;90;92;96;99;100;101;104;108;111;113;115;117;121;122;123;124;127;128;129;131;135;136;137;140;141;142;145;146;148;151;152;153;154;155;157;158;160;161;162;163;164;167;170;171;175;176;178;179;181;182;183;186;191;194;195;197;198;200;201;202;203;204;205;206;208;209;210;216;217;220;222;232;234;238;239;241;242;246;247;248;249;250;251;253;254;256;258;259;260;262;263;264;266;269;270;271;272;274;278;280;281;283;286;288;294;297;299;302;304;308;309;310;311;312;314;318;319;322;323;324;327;330;331;333;334;335;336;337;338;339;341;343;344;346;351;355;358;359;360;362;363;364;365;366;367;369;372;373;379;382;383;384;386;387;390;391;398;401;402;406;407;409;411;412;413;415;416;418;419;420;422;423;427;431;432;435;436;438;440;443;444;445;446;449;451;452;454;456;457;459;461;462;465;467;468;469;471;473;474;479;481;483;486;487;490;492;496;497;498;499;507;511;512;513;516;520;522;523;525;526;527;528;529;530;536;540;544;545;546;547;549;551;552;553;557;558;559;560;561;562;565;567;569;570;574;575;576;578;581;583;586;590;592;593;596;597;598;599;600;601;602;604;605;607;609;610;611;613;614;616;617;618;620;621;624;626;628;629;633;638;639;641;642;643;645;648;649;651;653;654;655;656;657;658;659;660;661;664;667;668;673;674;676;678;690;691;692;693;701;704;707;709;710;711;713;715;717;718;719;721;724;725;726;727;737;738;743;744;749;750;751;753;757;758;759;760;763;765;768;777;778;780;781;783;786;787;788;790;792;794;795;796;797;800;801;802;803;804;810;811;814;816;817;819;825;826;827;828;829;830;831;832;838;839;844;846;855;858;859;860;862;863;864;866;868;871;872;876;877;878;881;882;883;886;887;888;890;891;892;894;895;896;898;900;902;903;904;908;910;911;913;916;918;919;921;922;924;925;927;928;931;932;934;935;936;939;946;947;948;949;950;951;952;954;955;956;957;959;962;963;964;967;975;978;981;983;988;989;990;998;999
954;2;4;7;11;13;14;15;17;18;19;22;25;27;32;34;35;36;37;38;41;42;49;53;55;56;57;58;63;64;65;70;74;77;78;82;86;88;89;91;92;94;96;97;98;100;104;105;109;114;116;117;118;120;121;124;127;128;131;132;136;140;141;143;144;145;146;147;148;150;152;154;156;157;158;163;164;168;170;171;174;177;178;180;182;183;188;191;193;195;197;198;200;202;205;207;208;213;214;218;219;221;226;227;230;231;236;243;247;250;251;252;256;257;263;265;266;268;270;271;273;275;277;278;279;280;284;288;289;293;294;295;296;297;299;301;302;305;306;308;309;311;316;318;323;325;327;328;331;333;336;341;345;347;353;354;363;364;365;369;372;373;375;376;377;379;382;383;385;389;391;392;393;394;395;396;400;404;405;406;407;408;412;413;417;420;422;425;427;432;434;437;438;440;443;444;447;450;454;457;459;460;461;462;464;465;466;467;470;471;472;473;475;478;479;480;481;482;483;484;485;486;490;491;494;495;499;500;501;503;506;508;509;510;511;512;516;519;523;524;525;528;533;534;537;540;541;542;545;547;550;552;553;555;557;558;559;560;561;562;563;564;566;568;571;572;573;576;577;578;581;582;585;586;590;591;592;594;595;599;601;605;608;609;614;616;618;620;624;629;631;632;633;635;636;639;640;641;643;644;645;646;647;648;649;650;652;653;655;656;657;658;659;662;664;666;670;672;673;676;677;678;679;680;681;682;686;688;689;692;693;698;701;703;704;706;707;708;714;715;716;717;722;724;725;728;729;730;732;733;734;735;738;739;742;743;744;745;746;747;748;750;751;752;754;756;757;761;762;763;765;767;769;775;777;779;780;784;785;787;788;789;792;794;795;796;797;800;801;803;804;806;808;809;812;813;814;820;823;824;825;826;827;831;839;840;843;844;845;847;849;853;854;857;858;859;861;866;867;869;870;871;872;873;875;877;879;880;881;883;887;888;891;892;897;898;899;902;909;910;911;912;914;915;917;919;922;925;927;928;929;930;933;934;936;937;940;941;947;951;953;955;956;957;958;959;963;964;967;970;972;973;974;975;976;978;979;981;982;983;987;988;989;995;996;999;1000
955;6;7;8;11;12;13;14;16;17;20;21;22;24;25;26;27;28;29;33;36;37;38;39;45;46;49;50;53;56;57;58;59;60;62;63;65;67;68;69;70;71;72;73;74;75;76;77;81;82;83;86;88;89;91;92;93;94;95;98;99;100;104;105;107;109;120;123;125;127;128;133;134;136;140;141;142;144;145;146;149;152;153;156;157;158;159;160;161;163;165;168;169;171;176;177;180;181;183;185;188;191;192;193;199;202;203;205;207;208;210;212;213;215;216;217;219;220;221;222;223;224;226;228;232;234;235;236;237;238;239;240;242;245;246;248;249;250;252;253;257;258;259;260;261;262;263;264;269;271;272;273;276;277;279;280;281;282;284;285;288;290;292;294;296;299;300;301;302;303;304;305;306;308;312;315;316;318;319;320;321;325;326;330;331;332;334;338;341;344;345;348;349;352;354;356;357;362;366;368;369;370;372;374;375;379;382;383;384;386;387;388;391;392;393;394;397;398;399;400;403;405;406;408;413;414;417;419;422;432;433;434;437;438;439;440;441;444;446;450;451;452;453;454;455;456;462;463;465;467;469;470;472;476;477;478;483;484;489;491;494;495;497;498;500;502;503;506;511;512;513;514;515;516;517;522;526;527;530;531;533;534;535;536;537;541;542;544;545;547;548;552;553;556;557;558;559;560;561;562;568;571;572;575;577;580;581;582;583;584;585;587;589;590;591;592;594;596;597;599;605;609;612;615;616;618;620;623;624;627;628;629;630;631;635;640;642;644;646;648;649;652;654;661;662;663;664;665;667;670;672;673;675;676;677;678;679;682;684;685;686;691;693;696;697;699;700;701;702;703;706;707;708;709;711;712;715;718;719;720;721;722;723;726;727;729;730;731;732;734;735;736;740;741;746;747;748;750;753;754;755;756;760;765;767;771;774;775;777;778;779;780;783;784;785;786;789;790;791;793;795;797;798;799;800;802;806;807;812;814;816;818;819;822;824;825;826;827;829;830;831;833;835;836;837;838;839;840;847;848;850;851;853;855;857;858;859;861;862;863;865;868;870;871;872;875;879;880;882;885;887;888;889;893;895;896;897;898;912;913;916;921;923;926;927;928;929;931;940;943;944;949;950;952;953;954;957;958;960;963;965;968;972;973;974;976;979;981;982;983;986;989;991;994;997;998
956;3;4;5;6;7;9;10;11;13;14;15;17;19;20;21;22;23;25;26;28;29;30;32;34;36;43;44;47;49;53;54;57;58;59;61;62;63;64;67;69;71;72;73;74;77;81;82;85;89;93;96;98;101;103;104;105;108;109;111;114;115;117;118;119;123;126;127;128;129;130;136;139;143;144;147;149;151;152;160;161;162;163;164;165;166;168;171;172;174;177;178;179;180;181;182;183;184;185;186;192;193;194;195;196;200;201;202;203;207;209;210;211;213;214;215;216;217;222;224;227;231;233;238;239;243;245;246;247;250;251;252;253;256;258;261;264;265;269;271;273;274;276;283;284;285;286;292;293;296;298;302;303;307;312;314;315;316;317;319;320;322;323;327;329;330;331;333;334;338;339;341;342;344;346;347;348;349;351;352;355;356;357;358;359;361;363;366;367;368;369;370;371;378;379;380;382;385;391;392;393;398;399;401;403;404;406;407;408;413;414;415;416;417;419;422;427;429;430;431;436;437;438;439;441;445;446;448;454;457;458;459;460;461;463;464;465;466;467;468;471;472;474;475;476;477;480;482;485;489;491;492;495;500;501;502;504;505;507;511;512;513;521;522;524;527;528;529;532;538;539;546;548;549;552;553;554;555;557;558;559;560;562;563;564;565;566;567;569;574;581;584;586;587;588;593;594;596;597;599;601;603;604;605;606;611;614;615;616;619;620;622;623;625;626;627;628;629;632;634;636;637;638;639;640;643;644;653;657;658;660;662;667;668;670;671;672;676;678;680;681;682;683;684;686;687;688;690;693;695;697;698;699;701;702;705;706;709;710;713;714;715;718;719;720;722;727;729;730;731;734;736;738;739;742;745;747;748;749;756;761;764;765;766;773;774;775;776;778;782;783;784;785;787;788;789;790;793;794;795;796;799;800;802;803;804;805;806;810;812;813;816;817;821;822;824;826;832;836;837;840;841;842;848;849;851;854;856;860;863;864;865;866;867;868;870;873;874;877;882;883;886;889;890;891;892;897;898;900;902;904;905;906;907;908;909;910;913;914;916;917;923;924;925;927;928;929;931;936;937;940;941;944;949;950;953;954;961;962;963;964;965;966;968;970;971;972;974;975;976;982;983;984;990;992;994;995;997;999;1000
957;1;6;7;9;11;14;15;17;19;20;21;22;24;31;36;41;43;44;45;49;55;56;57;58;62;63;64;66;67;68;70;74;77;78;79;80;84;86;87;88;93;95;105;106;111;116;117;118;119;121;123;124;127;130;134;136;137;138;142;143;144;147;148;150;151;152;155;156;157;158;163;166;167;169;171;177;178;183;184;186;188;189;190;191;192;195;198;200;205;207;210;211;214;219;220;227;229;230;234;235;236;237;238;239;241;244;246;249;253;254;256;258;260;261;264;266;269;270;271;273;275;277;278;279;281;282;283;284;288;289;290;291;292;293;295;296;298;299;301;303;304;309;310;313;314;315;316;317;318;319;320;322;324;326;328;329;334;337;338;340;341;343;345;347;349;352;354;358;359;360;361;362;365;367;369;371;374;376;382;384;387;389;390;394;395;398;400;401;403;407;409;410;411;412;418;420;422;423;424;427;428;431;432;434;435;436;439;442;446;450;451;452;455;456;459;462;463;466;467;474;475;476;481;482;483;484;487;488;489;492;497;498;499;501;503;504;506;507;510;511;513;514;515;520;521;522;528;529;531;535;542;543;544;545;548;550;551;554;556;557;558;566;570;571;573;575;581;584;586;590;591;592;593;594;595;597;599;600;601;603;608;610;613;614;615;619;621;631;632;633;634;635;639;641;645;646;647;648;650;651;652;655;656;659;664;665;669;671;672;673;674;675;677;678;679;681;682;683;684;685;686;687;692;693;695;696;697;701;702;703;704;705;709;710;712;717;719;724;726;728;730;732;733;735;738;739;740;742;743;744;745;746;747;749;750;753;754;755;756;758;759;760;761;762;765;767;770;771;772;775;776;777;778;783;786;787;788;789;790;792;794;796;797;798;804;806;807;810;811;816;817;818;819;822;823;827;829;833;837;839;840;841;845;847;848;849;855;856;859;865;869;877;878;880;883;884;885;890;891;892;895;898;900;901;902;908;909;911;912;916;918;919;921;922;923;924;926;927;929;930;934;936;938;941;942;946;947;952;953;954;955;958;960;961;964;965;967;969;971;972;973;975;976;977;979;981;985;986;987;988;989;991;993;994;996;997;998;999;1000
958;1;2;3;6;8;9;11;12;13;16;17;19;20;21;25;26;27;28;30;36;37;42;44;45;47;49;50;55;59;61;64;68;69;73;74;76;77;78;79;87;88;90;92;94;96;100;102;103;104;105;107;108;111;115;117;124;126;132;133;139;143;145;149;150;158;159;160;163;167;168;173;177;178;179;180;181;182;184;187;190;191;192;193;194;197;198;203;207;209;211;212;214;215;216;218;222;223;224;225;227;228;234;236;237;238;239;241;242;243;244;245;246;247;248;249;253;254;255;257;258;259;260;261;262;265;266;267;268;271;274;275;277;278;283;289;294;296;301;307;308;309;311;312;313;317;320;321;322;324;330;335;336;338;340;343;346;349;351;352;355;359;360;361;362;363;365;367;369;372;373;374;377;382;384;385;386;387;390;391;392;393;395;396;397;399;401;402;404;406;409;412;415;416;417;422;424;425;426;427;429;430;431;432;433;434;435;436;437;438;439;440;441;443;444;449;453;456;457;459;460;464;465;467;469;474;480;486;489;490;493;495;496;498;499;501;502;503;507;508;511;512;513;516;517;519;520;521;525;526;527;530;531;537;541;542;550;553;558;559;564;567;569;571;572;573;574;576;577;578;579;580;581;584;585;586;589;590;591;593;594;595;596;597;601;605;606;607;609;611;612;615;617;623;624;625;626;627;630;632;633;634;635;636;638;639;640;642;643;648;649;650;655;657;658;659;660;662;663;664;665;666;669;670;674;677;680;681;683;684;685;686;688;689;691;696;698;699;701;702;703;707;708;710;712;714;718;719;720;721;722;724;726;728;731;732;735;736;737;738;739;742;744;746;747;748;749;752;753;756;759;760;761;764;765;767;768;771;775;777;778;780;781;782;784;787;788;789;791;794;795;796;797;798;801;804;808;811;815;817;818;820;823;827;832;835;836;837;839;841;842;846;848;849;850;852;853;857;859;862;865;866;868;869;870;873;876;877;878;881;884;885;888;891;898;903;905;907;909;911;914;919;923;927;929;930;932;936;937;941;944;945;946;947;948;952;954;955;957;960;963;964;968;969;972;973;974;975;976;978;980;987;988;993;995;997;998;999;1000
959;1;2;4;5;7;8;10;14;16;17;18;19;21;22;24;25;28;31;32;33;35;36;37;38;39;41;45;51;52;62;64;65;67;69;70;74;75;78;80;83;85;86;88;89;91;92;95;96;97;99;100;104;105;111;112;113;114;118;119;122;123;125;126;128;132;134;140;141;144;146;147;150;152;153;156;157;158;159;160;161;162;165;166;167;168;170;171;178;179;183;185;186;189;190;191;196;197;200;201;203;205;208;210;211;212;216;217;219;225;226;229;230;233;235;236;238;239;240;241;242;243;244;246;247;249;250;252;255;256;257;261;262;263;264;271;272;274;276;277;278;279;280;281;283;285;286;288;289;290;291;292;295;297;300;301;303;304;306;307;309;311;312;315;317;318;319;320;321;323;325;328;329;330;331;333;335;336;338;345;346;347;351;352;353;357;358;359;361;363;364;369;370;372;373;374;375;376;379;381;382;383;384;388;391;392;395;397;400;403;405;406;407;408;409;411;412;419;429;430;431;433;434;435;437;438;439;441;443;446;448;451;454;455;456;458;461;464;465;467;468;469;470;471;472;473;475;476;477;479;481;482;483;484;486;488;490;491;492;493;495;500;501;507;508;509;510;511;513;515;516;517;518;520;521;523;525;526;527;528;530;531;534;536;540;541;543;545;547;548;549;550;553;555;556;557;560;561;562;563;564;566;568;569;570;572;575;577;578;579;580;582;584;585;586;587;590;593;602;603;604;611;612;613;614;615;617;620;622;624;626;628;637;639;640;644;645;647;651;652;655;656;659;660;661;663;664;665;670;671;673;677;680;681;682;684;685;690;692;696;698;700;701;702;708;710;711;712;716;720;723;727;728;729;733;739;740;742;743;744;746;748;751;756;758;759;760;761;762;766;767;769;770;772;773;778;779;780;781;782;786;790;793;796;797;798;802;806;808;809;810;812;814;820;822;825;827;828;830;835;836;838;845;849;850;853;857;859;860;861;864;866;871;872;873;874;877;878;879;881;886;888;890;891;893;894;897;898;899;900;902;903;904;908;910;912;915;917;919;921;922;927;928;932;934;935;936;937;938;941;948;950;951;953;954;960;961;962;963;965;966;967;968;970;975;976;980;984;986;987;988;990;992;995;996;998;999;1000
960;3;4;7;8;9;10;12;14;16;17;18;20;21;29;30;37;44;46;47;48;51;52;57;60;62;65;67;69;71;72;76;78;81;82;85;87;90;91;92;94;97;98;99;103;106;107;109;110;111;114;116;117;118;119;120;121;122;123;124;127;128;130;135;140;141;143;146;150;158;159;160;161;163;164;165;170;173;174;176;180;182;184;185;189;191;192;193;196;197;199;200;201;202;203;205;206;207;208;209;210;214;217;221;222;225;226;231;233;235;236;240;243;245;246;253;254;255;256;258;259;260;262;263;265;266;267;269;270;271;273;274;278;279;280;281;284;285;286;289;292;294;295;298;299;300;301;302;303;305;307;310;315;316;323;324;328;329;332;333;334;335;336;337;338;339;340;341;343;344;346;347;348;350;355;359;360;363;364;365;366;370;372;373;374;375;377;378;380;382;383;387;388;389;390;391;392;393;395;396;397;402;404;405;406;407;410;412;414;415;416;417;419;421;423;425;426;428;431;432;436;437;438;441;442;443;444;446;448;449;450;451;452;453;455;457;459;460;462;463;464;465;470;471;474;482;486;491;494;498;499;500;501;506;508;509;510;512;515;516;518;520;524;528;529;532;533;534;535;537;538;539;540;541;543;544;545;546;548;550;551;552;553;555;557;559;561;562;563;564;567;568;569;572;573;576;580;583;584;586;587;588;589;591;592;593;595;597;599;602;604;605;606;607;608;610;612;613;614;616;619;620;621;623;627;629;633;634;636;637;638;641;643;644;645;646;647;650;651;657;658;659;663;665;666;667;668;669;670;671;673;675;676;681;682;683;684;685;688;691;692;693;694;695;700;701;702;703;705;706;707;712;714;719;720;722;723;724;727;732;733;738;739;742;743;747;749;754;755;759;762;763;764;765;766;767;768;769;770;773;774;776;777;778;781;783;784;786;787;788;793;796;800;801;803;804;806;808;810;811;813;814;815;826;828;830;832;834;836;839;840;845;854;855;857;858;860;861;865;866;867;870;872;873;875;876;878;880;881;885;886;887;889;891;892;894;895;896;897;899;900;901;902;904;905;906;909;914;917;918;921;924;926;929;932;936;937;939;941;942;943;944;946;947;951;955;957;958;959;964;966;967;969;970;972;975;977;978;980;982;983;984;986;987;988;989;990;991;993;997;998;999;1000
961;1;2;3;4;6;7;9;14;15;16;20;23;24;25;26;27;29;30;31;34;35;36;37;38;39;41;42;44;48;49;53;55;56;58;59;60;65;73;74;75;76;77;78;80;85;88;89;92;94;95;98;100;104;106;108;109;112;115;118;119;120;121;122;123;124;125;128;132;134;135;137;138;140;141;145;149;151;152;154;156;160;162;165;169;170;172;173;174;176;177;179;180;181;189;190;192;194;195;197;198;199;200;202;205;210;212;213;218;222;223;226;227;229;231;232;234;239;242;244;246;247;248;250;251;252;260;261;262;263;264;266;268;269;272;273;275;277;279;283;285;288;290;291;296;298;299;303;304;306;307;308;311;312;313;314;317;320;323;325;328;333;336;337;342;343;345;348;352;354;357;360;362;363;364;365;366;370;371;374;375;380;381;385;386;387;389;391;393;395;397;400;401;403;404;405;407;408;413;415;423;424;425;427;429;432;433;434;435;436;439;441;442;444;447;449;451;452;460;461;463;464;465;467;468;470;473;476;478;479;481;484;487;488;489;491;493;494;495;498;499;502;504;505;508;512;513;514;515;516;521;523;524;526;529;531;537;538;541;543;544;545;547;549;551;553;554;557;558;559;562;563;565;567;568;569;570;572;573;576;578;580;581;585;586;590;591;597;599;603;606;607;611;613;614;617;619;620;621;622;623;626;630;636;640;641;645;646;647;648;652;653;655;657;660;661;663;665;668;669;670;671;673;678;679;680;683;684;685;688;690;691;696;697;698;699;700;702;703;705;706;713;714;715;717;719;720;725;726;727;729;730;731;735;736;737;740;741;742;743;744;754;757;758;764;767;769;771;774;777;778;780;781;782;783;786;788;790;791;793;795;796;797;798;799;800;803;804;806;807;808;810;811;812;815;816;817;819;820;821;822;823;827;830;832;834;835;836;837;838;840;841;844;845;846;847;849;850;852;853;854;855;858;864;866;868;869;871;872;873;880;881;882;884;885;887;890;891;892;893;894;896;900;904;905;906;915;916;917;918;919;920;921;923;924;926;928;929;932;933;935;936;940;942;945;947;948;949;950;956;957;959;969;970;972;973;974;975;978;981;983;987;988;989;991;992;994;995;997;998;999
962;1;3;7;10;13;14;15;16;20;22;24;25;29;30;31;34;36;38;40;41;43;55;56;57;60;61;63;67;68;73;74;75;78;80;81;82;85;86;88;90;91;95;96;98;102;103;104;106;108;110;112;115;116;117;118;120;123;124;126;127;128;129;130;132;136;137;140;141;144;145;148;153;155;156;157;158;159;161;162;164;166;167;168;171;174;177;180;181;186;188;192;195;201;203;210;212;213;214;216;217;218;222;223;224;225;227;229;230;232;234;237;238;239;241;242;243;248;251;252;254;256;257;258;259;261;262;263;264;265;266;267;268;269;271;274;277;279;281;283;284;285;286;287;289;291;293;294;297;298;301;306;308;310;311;313;315;316;318;319;320;323;324;327;328;331;334;337;341;343;344;346;347;350;352;353;354;355;356;357;358;361;363;364;365;366;368;370;371;376;377;378;381;382;391;392;393;394;397;400;402;403;415;416;417;418;419;420;422;423;424;426;428;429;430;434;435;436;438;440;441;442;445;446;449;451;452;453;456;458;459;462;463;465;466;467;468;470;471;474;475;476;478;479;481;482;483;484;486;488;489;490;494;496;497;498;500;501;503;504;506;508;510;511;512;513;515;516;517;518;519;520;521;523;528;529;531;532;533;538;542;543;544;545;546;547;548;552;555;556;557;559;560;567;568;576;578;580;582;583;584;585;586;588;589;592;597;606;607;612;613;615;617;618;619;620;622;623;625;626;627;628;629;633;636;639;641;643;645;646;648;650;654;656;658;659;660;661;662;664;665;666;668;670;672;674;683;684;685;687;689;692;696;697;699;702;707;708;710;711;714;716;719;721;723;725;727;728;730;731;732;733;737;740;741;745;748;751;753;755;756;757;758;759;761;763;765;766;769;770;771;773;775;777;779;780;781;783;784;785;788;789;792;794;800;801;802;803;804;807;809;813;814;818;820;823;826;827;830;831;833;834;836;838;842;843;845;846;850;852;853;854;855;856;857;861;863;864;865;866;867;869;871;873;875;876;877;878;879;880;881;882;884;885;888;890;891;897;898;899;904;905;909;910;911;913;914;916;917;919;920;921;922;923;924;925;926;927;928;929;930;931;935;937;938;939;940;943;944;945;946;947;950;953;956;959;964;965;969;970;971;974;976;977;978;979;980;981;983;984;987;990;991;992;993;994;995;997
963;2;3;4;7;8;11;15;16;17;18;23;25;26;28;30;32;34;37;40;41;43;46;47;48;49;50;52;54;56;58;61;62;63;64;65;67;69;73;74;75;79;80;81;82;83;84;85;87;88;89;90;92;93;94;95;98;99;101;103;104;107;109;111;112;114;118;119;120;121;123;124;127;130;132;133;134;135;137;138;141;145;148;150;157;158;159;164;165;166;169;171;176;177;178;179;180;181;183;184;185;186;187;190;192;195;198;199;202;203;204;205;206;207;208;209;210;211;214;215;218;219;221;222;223;230;231;235;236;237;238;240;241;243;244;245;246;248;252;256;259;260;262;264;267;268;270;272;273;274;276;277;278;280;281;283;284;285;291;292;294;295;296;300;301;302;303;304;305;306;307;309;311;312;318;322;325;326;334;335;336;337;338;341;342;343;344;345;346;349;350;351;352;354;355;356;360;362;363;365;367;369;370;372;374;375;376;378;381;382;386;387;390;391;392;395;396;398;399;401;402;404;405;406;412;415;417;418;420;421;424;427;429;430;433;434;435;436;438;440;444;449;452;456;459;460;462;463;464;467;471;472;473;474;476;477;479;480;481;482;484;485;488;489;490;492;493;498;500;502;504;508;510;511;513;516;517;518;519;520;521;522;525;527;528;529;531;532;533;537;538;540;541;543;544;546;550;551;553;555;556;558;559;562;563;564;566;568;570;578;579;580;581;582;583;586;587;588;591;592;595;597;598;599;603;604;605;607;611;613;618;620;622;625;631;637;638;639;640;642;645;647;648;651;652;656;657;660;661;662;663;666;667;668;669;675;679;680;682;684;686;687;688;691;692;694;698;699;700;701;702;703;706;708;710;711;712;713;714;716;717;720;722;724;725;728;730;731;732;734;736;738;739;740;743;744;745;747;748;750;751;752;762;764;765;766;770;772;773;774;777;779;780;781;783;785;790;792;796;797;798;799;800;801;803;804;807;811;812;813;816;817;820;821;822;823;824;827;829;830;834;835;836;840;842;843;844;845;846;847;849;855;856;859;862;866;867;870;871;873;876;877;880;881;885;888;891;892;893;894;895;900;901;902;904;907;909;910;912;913;915;917;918;924;925;928;932;933;934;936;937;941;946;948;950;953;954;955;956;958;959;964;968;969;972;975;976;977;978;983;986;987;991;992;993;994;996;997;1000
964;1;2;4;5;6;7;8;9;10;11;13;14;15;16;17;22;25;26;27;29;30;31;32;34;36;37;38;40;41;42;43;44;46;47;48;49;53;58;60;61;64;68;71;74;75;76;80;81;82;83;85;86;87;88;91;92;94;95;96;98;100;102;103;107;110;112;113;114;115;118;122;123;125;128;129;132;137;142;144;154;155;156;158;160;163;165;166;167;168;170;172;174;175;176;179;181;182;183;184;186;187;189;190;192;193;201;202;204;205;209;210;212;218;220;221;223;225;226;227;229;231;232;233;234;235;236;237;239;241;244;248;250;252;253;254;260;262;263;267;268;269;273;274;275;276;280;283;284;290;293;298;300;303;304;307;310;311;313;314;315;317;318;320;323;325;327;328;330;331;332;338;341;343;344;345;350;353;354;355;357;358;359;360;364;366;368;372;375;377;379;380;381;382;384;386;387;388;389;393;394;396;398;399;400;406;408;412;413;416;417;421;422;426;427;433;434;435;437;438;439;440;444;448;452;454;455;456;457;458;459;460;465;466;467;469;471;474;476;477;479;483;484;485;488;492;493;498;499;501;503;505;506;507;508;509;510;513;516;518;519;523;526;530;537;540;541;542;543;544;545;549;550;551;552;553;554;558;559;560;561;562;568;569;576;577;578;581;583;585;587;588;589;592;593;596;599;601;602;603;605;607;608;609;610;614;615;619;621;622;624;627;632;638;639;640;642;643;644;645;646;647;649;650;651;652;653;654;655;656;657;658;660;662;664;665;668;669;670;672;673;674;676;677;678;679;688;690;691;693;695;696;697;699;700;705;706;708;709;710;711;712;714;715;716;718;719;722;726;728;729;730;731;733;736;737;738;739;741;742;743;744;749;754;756;759;760;762;768;770;771;775;776;777;780;782;784;785;789;790;791;792;794;798;800;803;804;805;809;814;815;817;819;825;827;831;835;837;840;847;849;851;853;854;855;856;858;861;862;863;868;870;871;872;873;875;876;877;878;879;881;882;883;884;886;888;889;891;893;896;897;898;899;900;904;905;909;912;913;914;915;919;921;923;925;927;929;930;932;937;940;943;944;946;949;950;953;954;956;957;958;960;962;963;965;966;968;971;976;977;978;979;981;982;985;986;990;992;993;994;999;1000
965;2;5;6;7;9;10;11;14;16;17;20;24;27;29;31;32;34;35;36;38;46;47;49;50;51;54;55;56;59;65;66;69;75;77;81;82;84;88;89;96;100;102;106;111;113;114;117;120;123;124;125;129;130;131;132;134;136;137;138;139;140;141;142;145;146;148;149;150;153;155;156;157;159;160;162;165;166;167;168;169;170;173;175;178;180;181;182;183;184;189;191;192;194;195;196;197;198;199;204;205;207;210;211;213;216;221;222;223;224;226;229;230;231;232;233;234;235;236;237;241;242;243;244;246;247;249;250;251;252;253;254;255;257;258;259;261;262;263;264;266;267;268;269;270;272;274;276;280;282;283;285;287;292;294;295;297;299;301;302;304;305;309;310;312;321;322;323;325;327;330;333;338;344;345;347;354;356;358;359;360;361;363;364;369;371;375;377;380;383;384;385;387;389;391;392;393;395;398;399;400;401;402;403;404;405;407;408;413;418;419;420;421;425;427;430;431;437;438;439;440;444;445;446;449;451;452;453;459;460;461;462;464;466;471;475;479;480;481;485;486;488;489;490;491;492;494;502;504;505;506;509;510;512;514;515;517;519;521;523;525;528;534;537;538;539;541;543;544;549;550;552;555;556;559;563;565;568;569;570;571;573;575;576;577;578;579;590;603;605;606;608;611;612;615;618;619;621;622;624;625;634;637;638;639;642;645;648;649;651;652;658;660;664;667;670;673;674;676;678;682;683;684;685;686;687;689;690;691;694;698;699;700;704;706;707;708;714;718;720;721;722;724;725;727;728;729;732;735;736;737;739;746;747;748;750;751;753;756;760;761;766;767;768;775;777;780;783;789;790;791;792;795;798;800;801;802;803;806;809;813;814;816;819;821;822;825;834;835;836;840;841;842;843;846;848;851;853;856;864;865;867;868;869;871;877;878;881;883;886;887;889;891;893;897;899;900;903;904;907;908;909;911;912;913;917;918;920;921;925;926;928;929;930;933;934;935;939;940;941;942;943;945;948;952;955;956;957;959;962;964;967;968;969;970;971;976;977;979;981;983;988;989;990;995;996;997
966;1;3;6;9;11;13;14;15;16;17;21;24;29;31;33;36;40;43;45;47;50;51;52;54;60;63;64;67;68;69;71;74;75;76;79;86;87;88;90;91;94;95;97;98;99;101;106;107;111;114;115;119;121;122;127;128;131;134;135;137;141;143;145;146;147;148;155;159;160;161;162;163;164;165;171;173;175;181;184;185;186;189;190;193;195;196;199;201;203;205;206;211;213;215;217;219;222;224;225;226;227;230;231;232;233;235;237;238;239;243;246;247;248;249;250;252;254;255;259;260;263;269;271;273;274;279;280;281;282;285;286;291;292;294;296;297;298;299;301;302;303;306;307;313;315;316;317;318;319;321;324;325;328;333;334;335;336;337;340;341;342;347;348;349;352;355;356;358;359;360;363;365;369;371;376;378;380;381;382;383;384;386;387;388;389;391;392;394;395;396;398;400;403;406;410;411;413;417;420;422;423;424;430;431;432;433;436;438;442;443;446;450;452;453;454;456;458;460;461;462;467;468;469;470;473;478;479;480;481;482;484;487;492;498;499;500;501;502;503;510;513;514;515;516;517;518;521;522;523;524;527;528;529;533;536;538;539;540;541;542;543;544;545;546;549;551;552;554;555;556;557;558;559;560;561;564;565;568;570;576;577;578;585;588;592;596;597;599;600;607;608;611;613;614;616;618;619;620;621;623;627;628;629;631;632;633;635;640;641;645;646;649;651;652;656;657;659;662;666;670;671;672;673;675;676;677;680;681;682;684;685;686;687;688;690;691;692;693;694;695;697;699;704;706;708;709;711;712;713;714;716;725;730;731;732;737;738;740;741;743;745;746;747;748;749;752;753;757;758;766;767;770;771;772;773;774;777;779;782;784;788;789;791;794;796;798;799;800;803;806;808;809;814;815;818;821;823;827;828;829;830;832;833;838;841;843;844;845;846;847;851;852;854;855;856;858;859;860;862;864;865;866;867;870;872;873;874;875;876;877;880;882;886;887;888;890;894;897;899;902;904;908;909;911;914;917;918;919;920;921;924;925;926;927;929;932;933;936;937;942;943;947;948;949;950;956;959;960;964;967;970;971;974;975;976;977;983;984;986;987;988;989;991;996;999
967;1;3;4;5;7;8;9;13;14;18;19;20;21;25;30;31;32;34;38;41;42;44;46;47;51;53;57;60;61;68;69;70;73;74;75;76;80;81;83;84;87;88;89;93;94;95;96;99;101;106;108;109;112;117;124;126;129;133;134;137;140;141;142;143;144;146;149;150;151;152;156;157;160;161;162;164;166;167;169;174;175;177;178;179;180;181;185;187;191;193;195;196;198;199;200;201;202;204;205;207;208;213;214;215;217;218;219;220;221;222;228;231;233;237;238;240;241;242;243;244;245;246;247;248;251;252;253;255;256;258;259;261;263;265;266;267;271;275;276;282;283;284;285;288;289;290;291;292;295;297;299;300;304;306;308;309;310;311;313;314;316;318;321;323;325;326;327;330;331;332;333;334;335;338;342;343;345;346;347;349;351;352;353;358;359;363;364;365;366;367;368;369;370;371;375;378;379;381;382;383;384;385;387;389;391;392;393;394;401;405;409;412;413;414;416;417;420;427;428;431;433;435;436;440;441;444;445;447;449;450;457;458;459;460;462;463;465;467;469;471;472;476;477;479;481;483;484;486;488;490;491;492;493;496;497;498;501;502;503;504;505;508;510;518;519;520;521;522;524;525;526;527;528;529;531;532;534;536;537;538;539;541;543;544;545;546;548;549;550;552;555;558;563;565;566;567;568;569;575;576;579;580;581;583;585;588;589;594;596;599;600;602;611;614;616;617;621;622;624;626;630;631;634;645;651;652;654;656;657;658;659;662;663;665;666;669;671;673;675;676;677;679;681;683;685;687;689;690;691;693;694;695;696;699;701;702;704;705;708;709;710;714;715;718;719;720;721;722;723;726;727;729;730;733;734;735;737;741;743;745;746;747;749;752;753;754;755;756;757;758;761;763;766;768;771;772;773;774;775;776;778;781;782;784;786;791;799;800;801;805;810;811;812;813;816;818;819;820;824;829;830;831;832;833;837;838;839;841;843;847;849;850;851;853;857;858;860;862;863;864;866;869;872;873;874;875;880;881;883;887;890;891;892;896;897;900;905;906;907;909;910;911;915;916;917;918;921;922;924;925;926;928;932;933;934;937;940;944;945;946;947;948;949;950;953;954;957;959;960;965;966;968;969;970;971;973;974;975;976;979;980;981;984;988;989;990;992;993;995;996;997;1000
968;3;4;5;6;10;12;14;15;17;18;19;21;22;23;24;26;29;32;33;34;37;40;44;46;50;51;53;55;56;57;60;66;67;68;70;72;73;75;76;80;81;82;83;85;94;96;97;99;102;104;105;106;108;109;110;112;121;122;123;126;127;128;129;130;134;141;143;144;145;146;147;148;150;151;152;155;157;163;164;166;167;171;173;175;176;182;184;187;190;192;193;198;202;203;204;208;209;211;214;215;217;219;220;222;223;226;227;228;230;231;233;235;236;247;248;252;253;254;256;259;261;263;264;265;270;271;274;275;277;279;282;286;287;291;295;296;297;299;300;301;302;304;308;310;313;314;317;318;319;320;321;323;324;325;327;329;334;335;336;340;343;346;351;352;355;356;359;367;368;369;370;371;374;376;377;379;381;382;385;386;387;388;389;391;396;398;401;402;403;405;406;409;411;412;415;418;419;420;422;426;430;432;434;437;439;440;442;444;447;451;453;455;459;460;461;462;469;472;473;474;475;480;481;482;484;488;489;493;495;498;506;507;508;509;510;512;513;516;518;519;521;525;528;529;533;537;538;539;540;542;543;546;548;549;550;551;555;556;558;560;561;564;565;566;567;572;574;575;576;578;579;580;581;582;584;587;593;594;597;599;601;604;605;607;608;609;610;611;619;623;624;625;627;628;632;634;635;637;638;639;640;641;643;644;645;647;649;657;658;660;661;662;663;664;665;666;667;674;677;678;681;683;684;691;692;693;694;695;696;698;699;703;705;706;707;708;709;710;712;713;714;715;716;718;720;721;725;729;730;732;734;736;738;739;740;741;743;744;745;746;748;755;757;759;760;761;762;764;771;775;776;777;778;779;780;781;783;785;788;792;793;797;799;800;802;803;804;807;808;811;812;813;818;821;823;825;827;829;831;833;834;835;836;842;844;845;847;848;849;852;853;859;860;861;866;874;876;878;879;880;882;884;885;887;890;891;893;895;896;897;902;903;907;909;911;917;919;920;921;922;924;925;926;929;930;932;933;936;939;940;945;946;948;949;951;955;956;958;959;963;964;965;967;973;974;978;979;981;982;985;987;988;989;990;993;994;996;998;999;1000
969;1;3;5;7;9;10;11;13;15;18;19;22;23;24;25;26;27;34;35;36;39;40;43;47;52;54;55;56;59;61;64;65;66;68;69;70;73;74;76;77;80;84;86;89;90;91;92;95;96;97;98;100;101;102;105;107;108;111;115;118;119;120;121;123;124;126;127;128;130;131;136;137;140;141;143;145;146;147;148;150;151;158;159;165;167;168;169;171;173;176;178;179;180;181;182;193;195;196;197;198;201;206;207;210;212;214;215;218;219;220;221;222;223;224;230;233;234;235;236;237;238;239;240;241;242;245;247;249;250;251;253;255;256;257;258;259;260;261;262;263;264;265;268;272;273;275;276;277;279;281;282;283;284;286;290;293;296;298;299;303;306;307;309;310;313;315;316;323;324;326;328;329;330;332;333;335;336;338;339;341;343;345;346;350;351;352;353;356;357;360;365;367;368;369;370;371;372;376;377;380;382;384;385;386;387;388;390;394;395;397;400;401;404;406;407;409;410;411;415;416;420;423;427;428;429;430;431;433;434;436;439;440;441;443;448;449;451;452;455;456;458;460;461;463;465;467;470;471;473;474;475;478;483;484;485;486;487;488;492;493;494;495;496;497;498;500;501;503;506;508;510;511;515;518;519;521;524;529;530;531;533;534;536;538;539;541;542;543;544;545;546;551;552;553;561;564;567;570;571;577;578;579;583;584;585;587;588;589;590;592;594;596;597;598;600;602;604;605;607;610;611;615;616;617;618;619;621;622;623;624;625;626;627;628;630;632;636;637;638;640;641;642;644;649;651;652;653;654;655;658;659;662;664;667;670;671;675;676;680;683;686;688;693;694;695;697;698;699;704;706;707;715;716;717;718;719;720;723;724;728;740;743;744;745;746;750;753;754;755;757;758;760;761;763;767;769;770;771;774;775;776;777;780;783;786;789;790;792;793;794;795;799;802;805;807;808;809;810;812;813;816;817;819;822;823;824;826;827;830;833;834;835;837;840;841;842;844;846;847;848;849;852;855;856;857;859;862;865;866;867;875;876;878;881;884;889;890;892;893;896;898;900;902;906;908;911;912;913;916;919;920;921;922;923;924;927;929;930;931;934;935;936;937;939;941;943;945;946;949;950;952;957;958;960;961;962;963;965;967;973;975;977;978;979;980;981;984;987;988;990;992;993;994;995;997;999;1000
970;1;2;4;7;11;13;15;17;19;20;26;29;30;31;33;34;35;36;40;42;44;45;46;47;53;54;57;60;61;62;64;65;66;67;72;75;76;80;81;86;87;88;89;90;92;93;94;96;97;100;101;102;106;108;109;110;112;113;115;117;122;124;126;128;129;130;133;134;135;139;140;141;143;144;147;148;150;151;155;159;160;162;163;164;165;166;169;170;171;172;173;175;177;179;180;181;182;184;185;187;188;189;191;193;196;197;198;201;202;212;214;215;221;222;224;226;228;231;232;233;236;237;239;244;245;246;247;249;252;253;254;255;256;257;259;260;262;263;266;267;275;278;281;282;290;292;293;295;296;297;299;300;301;303;306;307;310;312;313;314;316;318;319;328;330;331;333;334;337;338;343;344;345;346;348;351;352;354;356;358;361;363;364;365;366;367;370;371;372;373;376;383;385;386;388;389;391;393;394;395;398;400;401;404;405;406;407;409;410;411;412;413;418;419;421;423;425;429;430;433;435;436;439;440;441;444;447;449;450;452;453;456;458;460;461;463;467;468;470;474;479;486;489;490;492;496;499;500;501;503;505;506;507;509;510;512;513;514;519;520;521;524;525;526;527;532;533;534;536;537;538;539;544;547;549;552;554;555;557;560;561;563;566;567;568;570;573;577;578;580;584;585;586;588;591;594;597;599;601;603;607;608;610;612;613;614;616;617;621;623;624;625;627;629;631;633;642;643;644;645;647;648;649;650;651;652;653;654;655;658;660;662;663;664;666;667;669;670;671;673;674;675;678;683;684;685;686;689;690;692;696;698;702;703;710;712;713;715;720;722;726;734;736;737;738;739;741;742;744;747;749;750;751;752;753;754;755;756;757;758;762;763;765;766;767;769;771;774;776;777;784;785;786;788;789;794;801;805;806;807;808;810;811;814;818;819;820;822;828;829;837;839;840;843;844;846;848;849;853;854;857;859;861;862;863;865;866;869;870;871;876;877;879;882;883;889;892;893;894;897;898;901;902;903;904;905;906;907;908;910;911;912;913;914;915;917;918;919;922;924;926;927;928;929;930;937;939;940;941;943;946;947;950;951;954;956;959;960;961;962;965;966;967;971;976;978;979;981;982;984;985;988;989;993;994;996;997;998;1000
971;1;2;3;5;6;7;8;9;10;11;15;16;17;19;20;21;23;24;27;28;32;33;35;37;41;45;49;50;51;52;53;54;55;56;58;59;60;61;64;65;69;70;71;72;75;78;79;81;82;83;84;85;87;88;90;93;95;96;97;98;100;102;103;106;109;110;111;113;115;116;118;119;126;129;131;132;136;138;140;142;145;147;148;149;150;151;152;154;156;157;158;159;160;161;164;165;166;167;169;170;171;175;176;177;178;180;181;182;185;186;193;194;197;198;199;200;202;203;204;206;209;212;213;214;215;219;220;222;223;226;228;233;234;243;246;248;249;250;251;252;255;256;257;263;264;268;269;270;271;277;278;281;289;290;293;296;300;301;304;307;310;311;315;316;319;322;323;324;325;326;327;328;331;332;333;334;335;336;337;338;340;341;343;346;348;351;352;353;354;355;360;361;362;364;365;366;367;368;371;372;374;375;376;377;378;380;381;383;385;388;389;390;393;398;400;401;402;404;406;407;408;415;416;418;419;421;422;423;424;426;427;432;433;434;435;437;439;440;443;444;449;453;459;462;468;469;471;472;473;474;475;476;479;480;481;482;484;485;488;492;494;495;496;497;500;501;504;505;511;512;514;515;516;517;518;520;521;522;523;526;527;528;530;534;535;539;540;541;543;545;548;551;554;556;557;558;559;561;562;563;564;567;568;570;571;572;573;574;577;578;580;582;584;585;586;589;590;591;592;593;594;595;598;599;602;603;604;606;607;609;610;611;615;616;621;622;624;627;629;630;632;636;637;638;639;640;643;645;646;649;650;651;653;658;659;660;661;662;667;669;671;672;675;677;678;680;684;687;689;693;694;695;697;698;699;700;701;703;704;707;708;710;713;715;716;718;719;720;722;723;724;729;731;734;735;738;742;743;744;746;747;748;752;753;757;758;759;761;764;766;767;774;775;776;780;782;783;785;787;791;792;794;796;798;800;801;802;803;805;806;809;811;814;815;816;818;819;826;831;832;834;835;839;841;843;844;846;850;851;852;855;857;858;859;860;861;862;864;865;866;867;869;870;871;872;873;874;876;877;878;880;881;884;886;887;888;889;890;891;892;893;894;895;896;897;900;901;902;907;911;912;913;916;918;919;920;924;925;931;932;933;934;936;937;939;942;944;945;946;947;948;951;952;956;957;962;964;965;966;967;970;974;976;977;980;981;984;985;987;988;990;991;992;993;995;996;999
972;1;3;9;12;13;17;18;23;26;27;29;30;33;34;35;36;41;42;43;44;45;46;47;51;54;57;59;61;64;66;73;75;76;78;79;80;85;86;89;91;94;96;99;105;106;109;110;112;115;116;117;118;119;121;124;125;126;128;131;135;136;142;144;145;152;154;156;158;160;163;164;165;166;168;173;174;175;176;177;178;179;181;182;183;185;188;192;194;196;200;210;213;215;217;218;224;226;227;231;234;235;236;239;241;242;243;245;246;249;256;258;261;263;267;269;270;272;273;274;275;278;283;284;286;287;288;291;293;294;295;296;298;300;302;307;309;311;314;319;320;322;328;329;332;333;334;336;337;339;340;342;343;344;345;346;347;348;350;353;354;357;359;361;363;367;369;370;373;375;377;378;380;381;382;385;388;389;392;394;396;397;398;399;400;403;407;408;409;410;411;413;419;421;422;423;424;425;426;428;429;430;431;432;433;437;438;441;442;443;444;445;448;449;456;460;461;463;465;466;469;470;472;474;477;478;479;481;485;486;487;488;490;492;493;495;496;497;498;499;501;503;504;506;507;511;513;514;515;516;517;520;522;525;526;533;534;535;537;539;544;547;548;550;553;557;558;560;562;564;566;571;572;574;576;577;578;580;583;585;586;587;589;592;595;597;599;600;604;606;610;612;613;614;615;617;618;619;624;627;629;631;632;634;635;637;638;640;641;642;643;644;645;647;649;656;657;658;659;660;662;664;665;666;667;669;670;671;674;675;677;680;682;684;685;686;687;689;691;692;697;701;704;705;710;712;715;717;719;725;727;731;733;736;737;742;745;746;747;751;753;756;758;759;762;765;766;767;768;771;774;775;776;778;779;784;786;788;789;791;793;795;797;798;799;800;801;804;805;808;809;816;817;818;821;822;826;827;829;830;831;832;834;835;837;838;840;841;846;849;850;851;852;857;859;861;863;867;869;870;872;873;875;877;881;883;886;887;888;892;896;898;899;900;902;903;906;907;908;912;917;918;919;920;921;925;926;927;931;932;933;934;937;939;942;944;952;954;955;956;957;958;960;961;963;973;974;975;976;977;978;979;980;982;985;986;990;991;994;997
973;4;5;6;9;12;13;15;16;17;18;21;23;24;25;26;27;29;30;31;33;34;39;40;41;45;46;49;50;51;54;55;56;57;58;61;63;64;65;67;69;77;79;80;83;87;91;95;99;100;101;103;105;107;108;109;110;111;115;120;122;123;124;125;130;133;135;140;141;142;145;147;148;149;153;154;161;162;168;169;172;174;175;177;182;183;184;185;189;191;192;194;195;200;204;205;206;210;211;214;215;217;218;221;225;226;227;228;229;230;232;233;234;240;241;245;250;251;255;257;258;259;262;263;264;265;267;268;269;271;272;276;279;282;283;284;285;287;288;289;291;294;296;297;299;301;302;304;305;306;307;308;309;310;311;315;319;320;330;331;332;339;349;353;354;355;357;358;359;360;361;362;363;368;369;370;372;375;376;380;382;383;385;386;389;390;391;392;395;396;398;399;401;402;404;405;406;407;408;409;410;412;414;415;416;418;419;420;421;429;430;435;436;437;442;443;444;445;446;447;448;449;450;451;452;453;458;460;462;466;468;469;470;472;474;477;480;483;484;485;488;491;493;494;495;497;503;506;507;509;515;516;517;520;521;526;530;531;533;534;535;538;540;541;544;545;547;549;554;555;557;563;565;566;568;569;570;574;575;577;578;579;580;583;586;587;589;591;592;593;596;597;598;599;600;601;605;606;610;616;617;619;622;623;625;626;628;629;631;632;633;635;636;639;643;644;645;646;650;651;653;656;657;659;662;663;664;666;667;669;671;674;675;679;681;683;686;689;693;695;696;697;700;702;705;706;708;711;714;715;717;718;719;720;721;722;725;727;728;731;733;734;735;736;737;738;740;745;748;750;752;754;756;759;760;763;764;765;766;767;772;773;775;779;780;783;784;787;788;789;792;794;795;796;798;800;804;807;808;810;812;813;814;815;816;817;818;823;827;828;829;831;836;837;842;843;846;848;849;850;852;853;855;856;865;866;867;871;872;873;875;876;877;878;880;881;882;883;885;886;889;890;894;897;900;901;902;905;908;909;910;911;914;915;920;921;922;923;924;925;929;931;938;939;942;944;945;946;948;951;954;955;957;958;961;967;968;969;972;975;979;984;990;991;994;996;999;1000
974;3;4;5;6;7;8;9;10;11;12;14;15;18;19;23;26;28;29;31;33;34;36;37;39;45;46;47;48;49;50;56;57;58;59;61;62;64;68;69;70;71;74;75;76;78;80;82;84;86;94;96;97;98;99;101;103;108;109;110;112;116;118;119;120;121;122;124;126;127;135;137;138;141;142;143;145;146;148;154;156;158;159;161;162;170;171;174;175;176;181;183;185;186;188;190;191;193;194;197;198;200;201;203;206;211;213;214;215;216;217;218;221;222;224;225;227;228;232;233;236;239;242;249;252;253;255;256;260;261;263;265;267;269;270;278;282;284;285;286;288;289;290;292;295;297;299;302;304;307;308;309;310;312;314;315;317;324;325;328;329;330;331;332;333;335;336;337;338;340;341;343;349;354;356;365;366;368;369;370;374;375;378;379;381;382;383;384;385;386;387;390;391;392;393;395;396;399;402;408;412;414;416;418;419;420;423;426;427;431;432;433;435;438;439;440;444;447;450;451;453;456;458;461;463;464;465;466;467;468;470;471;473;476;480;483;486;489;490;491;492;493;494;495;496;497;498;499;501;505;507;510;513;518;519;520;524;525;529;532;533;534;537;540;541;543;544;545;546;547;551;552;554;556;557;558;563;564;566;567;568;569;570;571;576;577;578;579;581;583;584;587;588;594;604;607;608;610;611;614;619;621;623;624;626;627;628;629;630;631;632;633;634;636;637;638;640;641;644;645;647;651;654;655;656;658;659;663;664;666;668;670;671;672;674;678;679;680;681;684;685;686;688;689;695;697;698;700;702;704;706;707;708;709;710;712;713;716;720;722;723;726;729;730;731;732;733;734;739;743;745;746;747;749;750;751;752;753;754;755;759;760;762;763;764;765;766;767;768;771;774;775;776;777;778;779;780;784;787;791;793;794;795;796;797;798;799;801;802;803;804;805;807;810;815;816;817;818;819;820;821;822;823;825;828;829;831;832;833;838;841;843;845;846;847;850;855;857;860;862;865;868;870;873;874;880;885;886;888;896;898;899;902;904;905;908;909;911;918;920;921;923;924;926;931;934;938;939;945;948;949;954;955;956;958;961;962;966;967;968;971;972;977;979;980;983;985;988;992;994;996;997;999;1000
975;2;3;4;5;9;10;12;14;16;22;23;26;27;32;33;35;36;37;38;39;41;43;48;53;54;56;57;58;59;60;63;65;66;67;68;70;74;75;76;77;81;84;86;87;88;90;91;95;97;98;99;102;106;107;108;109;112;114;116;123;124;125;127;129;130;131;134;135;137;139;143;145;149;151;152;153;154;155;158;160;162;163;166;169;171;172;173;174;177;180;181;183;184;185;186;193;196;198;200;204;205;209;210;212;215;219;221;231;235;237;238;240;243;244;246;247;248;251;252;254;258;262;263;264;265;266;268;269;270;271;275;276;278;279;281;283;284;285;286;287;289;292;293;294;295;299;300;302;306;307;308;309;312;314;321;325;327;329;330;332;339;340;344;345;347;349;350;351;354;357;359;363;365;370;371;373;374;376;379;380;381;382;383;385;386;387;388;390;391;392;394;395;398;400;402;403;406;409;414;424;426;427;429;430;432;434;436;437;439;440;441;442;444;446;447;451;454;456;458;459;460;461;464;466;467;468;476;478;480;481;482;489;490;492;497;498;499;505;506;507;508;509;512;514;515;520;521;522;523;524;525;531;532;533;534;536;537;538;539;540;543;544;550;551;554;555;556;557;561;563;566;567;568;569;571;572;573;574;578;579;580;581;582;583;587;588;590;591;598;600;601;602;606;607;608;609;610;611;612;613;614;617;618;619;621;622;623;625;626;628;629;632;633;634;636;642;645;648;650;654;659;660;662;664;665;667;669;670;672;679;681;684;685;687;688;689;690;691;693;694;695;696;698;702;704;706;707;709;710;714;716;717;720;721;722;726;728;729;731;732;736;737;738;739;741;742;743;744;746;748;749;751;752;753;754;757;760;761;763;766;768;770;773;774;775;776;777;779;781;784;786;788;789;790;791;796;800;801;803;804;805;807;809;812;814;818;819;820;821;822;824;825;826;828;829;830;831;832;836;837;841;842;844;848;850;851;852;854;855;857;858;859;862;866;867;869;871;872;874;876;877;878;879;881;882;883;884;885;886;887;890;891;896;897;900;901;903;904;905;906;907;908;910;911;912;913;915;917;919;920;921;922;923;924;925;926;928;929;931;932;934;935;938;939;942;943;945;946;948;949;953;954;956;957;958;959;960;961;963;966;967;969;972;973;976;978;979;981;983;992;995;996;997;998;1000
976;2;3;4;5;7;8;10;12;13;14;15;22;23;26;27;31;33;36;37;39;41;42;45;46;47;48;53;58;59;61;63;66;67;68;69;73;74;78;80;83;86;88;90;94;95;96;105;106;112;113;114;117;118;122;124;126;127;128;132;133;136;137;139;140;141;144;145;146;147;148;151;152;156;157;161;163;164;165;166;169;170;173;174;176;177;178;181;185;187;189;191;192;193;197;200;201;202;204;205;206;207;209;211;213;214;215;216;218;219;220;222;225;226;227;230;231;232;238;239;240;241;244;250;251;252;253;254;255;256;258;262;264;267;269;273;277;278;279;282;287;288;289;290;293;295;296;297;298;299;302;303;306;309;310;311;314;320;321;322;323;324;328;329;330;335;337;339;340;341;342;343;345;347;348;352;354;358;359;360;361;363;364;366;368;369;370;372;373;375;383;384;385;391;392;395;396;398;402;403;405;406;407;408;409;410;414;415;416;418;419;421;423;424;425;427;428;431;432;433;434;435;439;446;448;453;457;461;462;463;464;466;468;469;470;474;482;483;484;487;488;490;491;498;505;507;510;512;514;517;519;520;525;527;528;529;531;532;536;537;538;540;543;546;548;549;550;551;553;554;556;559;560;564;565;567;570;572;576;577;578;581;586;590;592;593;596;597;598;600;601;602;603;604;609;610;616;622;624;626;629;630;631;633;634;635;637;638;642;643;645;647;648;652;655;656;657;658;659;660;661;663;665;666;667;671;673;674;675;678;680;685;688;689;690;693;696;697;698;699;700;701;704;705;708;709;715;717;721;723;726;731;732;733;735;737;738;741;743;745;746;748;751;752;753;756;759;761;763;764;765;768;771;775;776;777;778;779;780;787;788;789;790;795;797;799;800;801;803;804;807;810;813;816;817;818;820;821;822;829;832;833;834;835;839;840;842;843;846;847;849;850;851;852;858;860;862;865;866;868;869;871;873;880;882;883;884;889;891;894;895;898;899;900;903;904;911;913;914;915;917;920;921;922;925;929;930;932;933;935;936;939;943;944;945;947;950;951;952;954;955;956;957;958;959;962;963;964;965;966;967;970;971;972;975;977;978;979;981;982;983;985;986;989;997;999
977;1;2;6;7;8;11;13;18;21;23;24;25;27;30;31;32;34;35;36;38;40;41;42;45;48;49;54;56;59;60;61;62;66;67;70;71;74;76;78;81;82;84;85;86;89;90;92;94;99;100;102;103;104;105;110;111;112;114;116;117;118;119;123;124;125;126;127;132;134;137;139;140;141;142;146;150;151;154;156;158;159;160;161;162;164;165;171;175;176;177;179;180;181;185;186;188;189;191;193;194;196;197;200;201;202;203;206;207;209;211;212;213;217;219;220;223;224;225;226;227;229;230;232;233;234;236;237;238;242;243;246;253;255;256;257;261;262;267;269;274;276;278;281;283;284;286;289;291;292;294;297;299;300;303;304;305;309;310;311;312;319;321;322;325;326;328;329;330;332;333;334;337;341;344;345;347;349;350;351;353;357;359;362;363;364;365;366;369;377;380;381;387;390;392;394;395;402;403;404;405;407;408;412;413;414;416;418;419;423;424;425;427;428;431;432;433;436;437;438;439;441;442;443;445;447;449;450;451;452;454;455;457;458;459;461;463;464;465;466;467;469;471;472;473;477;479;481;483;484;485;486;488;489;490;491;494;497;498;499;500;501;503;504;507;508;510;512;514;517;523;525;526;529;530;535;536;537;538;540;541;545;549;551;552;553;554;557;558;562;563;564;569;570;571;572;574;576;580;583;584;587;588;590;592;595;596;598;599;600;601;603;604;605;607;611;614;619;620;621;622;623;624;625;630;632;635;636;637;639;642;643;644;646;647;649;652;653;654;655;657;658;659;660;662;664;665;666;670;673;674;675;677;678;679;682;684;688;691;693;695;698;704;706;707;708;714;717;719;720;723;725;729;730;731;733;734;735;737;738;740;741;743;745;748;749;752;753;754;755;758;761;762;763;764;765;768;770;772;773;775;777;778;779;780;783;786;787;788;790;791;792;794;795;796;797;801;803;804;806;807;808;809;816;820;821;822;824;826;827;829;830;831;832;833;834;835;838;840;841;842;843;849;850;851;852;856;858;859;861;863;872;874;875;881;882;883;884;885;886;887;889;891;897;899;906;907;909;910;914;916;920;928;933;935;939;940;941;942;944;947;948;949;952;957;960;962;963;964;965;966;969;971;972;974;976;978;980;982;983;985;986;991;993;996;997
978;1;2;3;4;5;6;8;9;10;11;16;19;20;21;23;24;25;26;30;31;32;33;35;36;39;42;43;44;48;49;53;60;64;70;72;73;75;76;80;81;82;87;92;93;94;96;98;99;101;102;103;104;107;108;110;111;112;113;115;119;120;121;123;126;127;128;129;130;132;139;140;141;143;144;154;157;158;159;160;161;165;166;167;168;170;171;173;176;182;185;188;189;191;193;195;196;197;198;202;205;207;208;209;210;211;212;213;214;218;221;222;223;224;225;226;229;231;232;233;237;238;241;244;246;247;252;253;255;257;258;259;260;262;263;264;267;272;273;274;275;280;282;283;286;288;292;293;295;296;299;303;305;307;309;310;311;312;313;316;320;321;325;328;331;332;336;337;338;340;346;347;352;353;354;356;357;359;361;362;366;368;369;370;372;375;378;381;382;385;388;389;390;391;392;393;395;397;398;405;410;412;417;418;420;429;431;432;433;434;435;438;451;452;453;454;455;457;458;462;463;464;465;467;470;471;473;476;478;481;482;483;484;487;488;489;490;492;493;497;501;504;505;506;509;511;512;513;514;515;522;529;530;537;545;546;547;548;550;554;555;557;559;562;564;565;566;567;568;569;572;573;575;577;581;585;586;588;590;591;595;596;598;599;601;602;605;606;607;608;609;611;614;615;616;619;620;621;623;624;625;627;631;633;636;637;638;639;643;647;648;649;650;653;655;656;657;658;659;660;661;663;664;669;670;671;673;678;679;680;682;683;684;685;686;690;691;692;693;694;695;697;699;701;702;705;707;711;712;716;718;719;721;722;724;725;727;728;729;730;731;733;735;737;738;739;741;743;744;745;746;747;748;749;750;752;756;757;758;759;761;764;768;770;772;773;774;777;778;782;783;788;793;794;796;797;801;802;803;805;809;812;813;816;817;823;824;826;828;829;830;833;834;835;838;839;841;842;843;844;845;847;848;850;852;853;855;858;861;862;863;865;869;870;871;872;875;876;877;880;882;884;886;887;891;892;893;894;895;896;898;899;900;901;902;913;915;919;921;922;925;931;933;942;945;947;948;949;951;953;954;958;960;961;962;963;964;968;969;970;972;975;976;977;985;986;989;990;991;995;996;997;998;999;1000
979;1;3;4;6;7;9;10;13;15;18;20;21;24;25;27;29;33;35;38;41;44;48;52;53;54;57;58;61;62;63;65;67;68;70;71;72;73;75;77;78;80;81;82;84;85;87;88;89;90;93;95;97;98;101;102;104;106;107;108;110;116;117;118;120;122;125;126;128;130;133;134;136;137;139;141;143;144;146;147;148;149;151;153;154;155;157;158;159;165;169;170;171;173;174;177;178;179;180;181;184;186;188;190;195;197;199;200;204;205;206;209;210;211;212;214;215;220;221;222;226;227;228;230;231;234;235;236;238;241;242;243;244;245;247;248;253;254;255;257;258;259;260;261;263;268;269;271;273;275;276;277;278;283;286;287;288;289;290;293;294;296;297;298;299;300;302;304;305;306;310;312;314;315;319;320;322;325;326;327;329;332;333;334;338;342;343;346;347;348;350;351;353;354;355;356;357;358;359;363;365;366;368;370;375;376;378;379;383;384;388;389;392;393;395;399;400;404;406;411;412;414;420;423;427;428;429;431;434;435;438;443;444;447;448;451;452;453;454;456;459;460;461;462;464;465;467;470;472;473;475;477;482;483;484;486;489;490;492;494;497;499;500;501;507;508;509;511;513;515;521;524;527;528;530;531;532;534;535;537;538;543;544;545;546;547;548;549;551;553;561;563;564;568;569;570;573;574;576;577;578;580;582;583;584;586;588;592;593;596;599;600;603;604;607;608;609;613;617;618;619;620;623;625;629;631;633;637;642;647;651;652;654;659;661;662;664;665;667;668;671;678;679;681;682;683;684;685;687;688;689;690;691;692;693;694;696;700;702;703;704;705;707;711;715;716;720;725;726;727;728;731;732;735;736;738;739;742;743;744;746;747;749;750;752;753;754;755;761;762;763;766;768;769;770;771;774;778;779;782;785;787;788;791;792;794;797;798;799;804;811;812;814;818;820;821;822;825;826;827;828;829;830;832;834;835;836;841;842;843;844;845;846;848;851;853;854;858;859;862;864;872;874;875;876;877;878;880;885;887;889;891;893;894;897;899;904;905;906;913;915;916;917;918;919;921;923;927;928;929;930;931;934;938;940;941;945;946;947;948;949;950;951;952;954;955;957;962;964;965;967;968;969;970;972;973;974;975;976;981;982;986;987;989;992;994;996;998;999
980;1;4;6;7;10;11;12;17;18;21;25;26;30;34;35;36;40;42;45;46;47;51;53;56;57;58;60;62;64;65;66;67;69;72;74;75;77;79;82;83;87;90;95;98;99;100;103;107;108;111;112;113;116;117;118;119;120;122;125;127;128;129;134;140;145;149;151;152;155;156;158;161;163;166;167;168;170;171;172;174;175;178;179;182;183;184;185;186;188;190;192;194;197;199;200;202;204;205;206;207;208;209;210;211;212;215;218;219;220;221;227;228;233;234;235;238;240;241;242;243;244;245;247;251;252;254;255;259;262;266;267;269;270;276;279;281;283;284;289;292;295;297;298;299;301;302;311;314;315;318;326;329;330;332;334;336;337;338;342;343;344;345;347;349;354;355;356;359;361;362;366;369;370;372;379;381;382;386;389;392;393;394;395;396;397;398;401;402;403;405;406;407;408;410;412;417;418;419;422;426;427;428;430;433;437;439;441;442;443;445;446;447;448;453;454;455;459;460;461;465;466;467;469;470;474;476;479;481;482;484;486;488;489;495;496;497;498;499;502;505;506;508;511;512;513;514;517;518;520;521;522;523;529;530;533;534;537;541;542;547;548;551;552;553;554;555;556;557;558;559;560;566;568;570;571;574;575;577;578;579;581;582;583;586;587;590;591;592;596;598;599;601;602;603;604;607;610;613;614;617;620;621;623;630;631;635;636;637;639;641;642;643;647;648;650;653;655;656;658;659;660;666;668;673;674;675;679;685;686;687;688;692;696;697;699;704;705;707;708;709;711;712;713;714;715;716;718;719;721;722;724;726;727;729;730;732;733;735;738;742;744;746;747;749;750;755;757;763;764;767;768;769;770;774;780;781;782;784;785;787;789;792;794;795;796;798;803;804;806;807;808;810;812;813;815;816;820;823;824;825;826;827;831;832;833;834;837;842;843;848;850;851;853;854;855;856;857;858;860;861;862;863;864;868;869;870;871;873;874;875;876;877;879;880;882;885;886;888;892;898;900;903;906;907;908;909;910;911;913;918;922;923;924;925;926;928;929;932;933;934;936;937;939;940;942;943;944;945;946;948;951;958;959;960;962;967;969;971;972;974;977;982;986;989;990;995;997;999
981;2;5;7;10;11;12;13;16;18;19;20;23;24;25;26;27;30;31;32;33;34;35;41;44;45;46;48;49;52;53;55;59;62;65;67;68;69;73;74;76;78;79;80;83;86;90;92;95;96;97;98;99;100;101;102;104;105;106;107;108;112;113;118;119;120;121;123;125;129;130;133;134;135;141;143;144;145;146;147;148;150;154;157;163;164;166;167;169;171;174;176;178;179;182;186;193;199;200;201;202;204;206;207;208;210;213;214;216;219;222;224;230;231;235;238;239;240;241;243;244;245;249;252;253;254;260;261;262;263;265;267;270;271;272;274;275;276;279;281;282;284;286;288;291;294;295;298;300;301;302;306;307;312;313;314;317;318;319;320;324;325;326;329;332;333;334;335;336;337;339;340;343;344;348;349;353;354;355;360;369;371;375;377;379;380;382;384;385;386;387;388;389;391;394;395;396;399;401;403;404;406;407;409;412;413;414;415;418;423;424;425;426;427;429;430;431;432;433;435;436;437;439;440;442;445;446;448;450;452;454;455;456;459;461;462;463;467;468;469;471;472;474;475;477;478;484;485;486;490;491;492;494;495;497;498;500;501;504;505;507;508;511;513;514;515;517;518;521;522;523;525;526;528;529;531;533;539;541;542;544;546;548;553;554;555;557;559;563;564;565;566;567;568;569;571;572;573;574;578;582;583;587;588;589;590;591;593;594;598;602;603;605;606;607;615;619;620;622;623;624;626;628;630;635;636;637;639;641;642;644;645;646;652;655;656;659;660;662;663;664;665;667;670;671;673;675;676;678;680;682;683;684;687;688;689;690;691;693;694;696;697;699;700;703;706;710;713;714;715;717;718;719;721;722;724;727;729;730;731;732;734;735;736;742;746;749;752;755;756;758;762;763;766;769;770;771;772;774;778;779;784;794;796;797;798;803;808;810;812;814;816;817;819;820;821;822;823;825;828;832;833;834;836;837;838;839;843;845;847;850;851;855;856;858;859;860;861;862;863;866;867;870;874;877;878;881;883;884;885;886;889;892;894;896;897;898;900;901;908;912;913;914;915;916;921;922;925;927;928;930;934;935;936;938;939;942;944;945;946;948;949;950;952;953;954;955;957;961;962;964;965;967;968;969;970;971;975;976;979;983;984;988;989;990;993;995;997;998
982;2;4;5;6;8;10;11;13;14;16;17;24;28;29;32;33;34;37;38;39;40;41;42;44;47;49;51;54;56;57;59;60;62;63;67;69;70;71;72;74;76;77;81;83;86;89;90;91;93;94;95;96;97;98;99;106;108;110;113;115;117;118;119;121;124;127;128;129;131;132;133;134;135;139;140;143;144;145;149;153;154;156;157;160;161;162;164;167;170;171;172;173;174;176;180;181;182;183;185;190;191;192;195;198;202;203;204;205;207;209;211;213;214;215;219;222;224;228;229;233;234;235;236;243;244;245;246;249;253;254;258;260;261;262;263;264;265;266;268;269;270;271;274;276;277;279;281;283;284;285;288;291;294;300;301;303;304;305;308;310;315;321;322;324;325;326;327;328;329;330;333;334;336;338;339;340;341;342;345;346;347;348;351;356;357;358;360;362;364;365;368;370;371;373;375;377;378;379;380;381;383;385;386;387;389;391;392;394;395;396;397;398;400;401;405;407;408;409;410;411;414;416;417;418;419;420;423;424;427;428;429;430;431;436;440;441;443;444;446;448;450;452;455;456;458;461;463;467;468;469;472;476;477;478;479;480;484;485;487;488;489;490;491;492;493;495;498;499;500;501;503;506;508;509;510;511;512;513;514;516;517;518;520;523;524;527;528;529;532;535;536;539;540;542;543;544;550;553;554;555;556;560;561;563;564;565;567;570;572;579;581;582;583;586;592;593;595;596;597;599;606;608;609;610;613;614;615;616;618;619;620;621;623;624;626;628;629;631;635;642;647;648;649;650;652;654;655;660;661;664;668;669;670;675;676;678;683;684;685;688;689;690;691;692;693;694;695;696;697;699;701;703;705;706;708;709;711;714;715;717;720;722;723;725;728;730;731;733;735;740;753;757;761;764;765;767;768;769;770;772;774;775;776;777;779;781;784;785;786;789;790;792;794;796;797;798;799;802;805;808;811;813;815;816;817;821;823;824;825;826;827;828;829;831;833;834;835;837;838;839;841;842;844;847;849;852;854;856;858;859;862;864;865;866;869;870;871;873;875;876;877;878;879;882;887;888;890;892;893;895;896;898;900;905;908;911;914;915;916;917;919;922;923;924;925;926;927;928;929;932;933;934;935;939;941;943;947;949;954;955;956;960;964;968;970;972;976;977;979;980;983;985;986;987;989;992;993;996;997;999
983;2;5;6;7;8;9;14;16;17;18;19;21;23;24;26;27;28;31;36;38;40;43;45;46;49;53;55;61;62;64;65;66;67;71;72;73;74;75;77;78;80;82;88;89;90;91;94;96;97;101;103;104;107;110;114;116;119;120;121;122;123;127;130;132;133;136;138;139;141;146;147;148;151;152;153;154;156;157;159;161;163;164;171;173;175;176;183;184;185;186;188;189;190;194;195;196;197;199;200;202;203;204;205;207;208;210;211;212;213;214;216;219;220;221;225;226;227;228;229;230;231;232;235;236;237;238;239;242;244;245;247;249;250;253;254;255;259;260;261;263;264;266;267;269;270;271;274;278;281;283;286;289;290;291;293;294;295;296;298;303;306;307;308;310;311;313;315;316;319;321;322;323;325;330;333;338;339;341;342;344;347;349;350;351;352;354;355;356;357;358;361;367;368;375;379;383;384;385;386;391;392;393;394;397;398;402;404;405;406;410;412;413;414;415;416;417;418;420;421;422;423;424;425;427;428;429;430;431;432;434;435;440;441;444;447;454;456;457;460;462;463;464;465;467;469;470;471;472;473;476;478;482;484;488;489;490;491;493;495;497;500;501;503;504;505;508;510;511;512;514;515;516;522;525;528;529;531;532;533;535;536;537;538;541;544;545;546;548;551;552;554;555;556;557;558;560;563;568;571;573;575;578;579;581;582;584;586;587;589;591;593;594;596;597;598;599;603;606;610;612;613;615;617;618;619;621;622;623;624;626;628;629;631;633;635;640;643;644;645;649;652;653;656;659;661;666;668;669;671;672;673;676;677;682;687;688;689;691;699;700;703;704;707;708;710;712;713;715;716;717;720;722;723;724;725;726;727;731;732;733;736;739;740;745;746;747;749;753;760;761;762;763;768;770;771;773;774;776;777;780;781;788;795;796;802;806;808;809;810;811;813;814;815;816;817;819;820;821;823;826;830;833;834;836;838;840;841;842;844;845;846;848;849;850;851;852;853;854;856;858;859;860;861;862;863;865;870;873;875;876;877;878;880;883;887;888;889;893;894;896;898;902;903;907;909;910;912;917;918;920;922;923;924;926;929;930;933;934;935;936;937;941;943;944;949;950;953;954;955;956;960;961;962;963;965;966;974;975;976;977;981;982;984;985;989;990;991;992;994;995;997
984;1;2;5;8;9;10;12;13;15;17;18;19;22;23;24;25;26;28;32;33;34;39;41;43;44;45;46;47;48;49;50;51;58;59;60;61;62;64;65;68;69;70;71;75;76;79;80;83;84;87;90;91;92;95;96;97;101;102;104;107;108;109;110;112;114;119;124;126;128;130;132;133;134;135;137;138;140;142;143;144;145;148;149;152;153;154;156;157;160;163;164;167;168;170;172;175;177;178;179;180;184;186;189;190;191;193;194;199;201;202;203;206;207;208;214;215;217;221;224;225;228;230;232;233;234;235;240;242;244;245;246;247;249;250;252;254;256;261;262;263;265;267;268;269;270;271;272;276;277;278;279;280;282;284;285;288;289;292;295;298;299;301;302;305;309;313;317;319;320;326;327;328;330;332;333;334;335;336;337;339;341;343;345;346;347;348;350;352;354;355;359;362;364;366;367;368;369;370;371;372;373;375;376;377;379;382;387;392;393;395;396;398;401;402;406;409;410;411;414;416;417;419;421;424;426;428;429;432;433;434;435;436;438;439;441;443;445;447;448;449;450;452;453;454;457;462;466;470;471;472;473;474;476;477;478;479;480;481;482;484;488;490;495;496;499;504;505;506;507;511;515;516;517;518;521;522;523;525;526;528;530;532;536;539;541;542;545;546;547;548;550;551;552;553;554;555;557;559;562;563;564;565;566;567;569;570;571;572;574;575;579;580;581;582;583;584;585;587;592;594;595;596;599;602;605;606;607;610;612;613;616;617;622;623;624;625;626;627;628;629;630;632;633;637;641;642;645;647;651;652;653;654;657;660;661;669;678;680;682;683;685;686;688;690;693;694;695;696;699;700;702;703;704;706;708;709;713;714;715;716;717;718;724;729;730;731;733;737;738;739;741;744;747;750;752;754;756;758;760;761;762;763;766;768;773;777;781;783;787;788;791;793;794;795;796;799;800;806;807;808;809;810;811;812;813;814;816;817;824;825;826;827;828;829;832;833;834;837;839;840;841;843;845;846;850;855;861;862;863;865;867;868;869;870;871;872;873;875;877;878;879;882;883;884;885;886;887;888;889;890;892;895;898;902;903;904;905;906;908;909;910;912;913;915;916;917;919;920;923;926;927;928;931;933;940;941;946;947;948;956;959;960;962;966;967;969;970;971;973;981;983;985;986;988;989;991;992;993;995;996;997;998;1000
985;5;6;9;13;14;15;16;17;19;20;21;23;24;26;27;28;29;31;34;35;39;42;43;46;47;50;51;53;57;59;63;64;65;66;68;81;82;85;86;87;89;90;91;93;94;96;98;99;100;101;106;107;109;111;113;115;122;123;124;131;132;133;134;139;144;145;147;148;150;151;152;154;159;163;164;168;170;171;172;173;174;175;176;177;178;181;185;186;187;188;192;193;194;195;196;197;198;202;205;206;208;209;215;216;217;218;220;222;223;225;227;232;234;235;237;238;241;245;247;250;251;252;254;255;259;261;263;264;265;271;272;277;279;280;287;288;289;290;291;292;295;296;297;298;299;300;303;306;307;314;316;319;322;324;327;328;330;332;333;334;336;340;341;349;350;351;352;353;355;356;357;358;359;360;361;363;365;366;367;372;373;376;380;382;383;384;386;389;391;393;394;397;399;400;401;402;405;406;408;410;411;412;416;421;424;430;433;434;435;436;437;439;441;444;447;448;449;450;453;454;456;457;458;463;464;465;467;468;473;474;478;481;483;484;486;491;492;493;499;500;504;508;511;513;514;517;518;520;521;522;523;526;527;528;529;533;537;538;539;541;543;547;549;551;554;557;562;563;564;570;573;575;579;581;582;583;589;590;591;594;595;596;597;598;600;601;603;604;606;608;610;612;613;614;615;616;618;619;620;621;623;626;629;632;634;636;640;641;643;646;648;649;650;651;652;653;656;659;660;663;667;668;669;670;674;678;681;684;689;690;692;695;701;704;705;706;711;714;716;717;722;725;726;728;734;735;738;739;742;747;748;749;751;753;754;756;757;758;759;760;761;762;763;765;769;770;771;773;774;775;777;778;780;781;785;786;791;793;796;797;800;804;812;813;816;818;819;823;825;828;830;832;834;835;837;838;841;842;847;849;850;851;852;853;854;855;856;858;859;861;862;865;868;872;873;874;877;878;880;882;886;887;888;889;892;893;894;898;899;900;902;905;910;911;918;919;920;921;922;927;928;929;930;932;936;938;942;943;946;948;952;957;964;968;970;971;972;974;976;977;978;982;983;984;986;990;992;993;994;999
986;3;4;6;7;10;13;14;16;17;18;19;20;24;25;30;32;36;37;38;40;41;43;45;50;52;53;54;56;60;61;65;66;67;69;70;71;72;73;74;78;79;80;81;83;85;90;92;93;95;96;97;100;101;102;108;111;115;117;126;129;131;132;134;135;136;137;139;142;143;144;145;146;147;150;151;152;153;154;159;161;164;165;169;172;174;175;179;180;186;187;188;189;190;191;192;194;195;198;200;204;205;206;211;212;214;219;220;221;222;223;227;228;230;232;233;234;235;237;240;241;242;246;247;250;252;253;256;261;263;264;265;269;270;276;278;279;280;281;283;284;286;288;290;293;294;295;298;299;300;306;307;309;316;318;320;323;331;333;335;336;338;339;340;341;343;344;347;348;354;356;357;359;363;364;367;370;372;373;374;375;377;378;379;385;387;388;390;393;394;395;397;398;399;403;404;408;409;411;415;417;418;419;423;426;428;429;430;431;433;438;439;440;441;442;443;444;447;448;449;450;451;452;453;459;460;465;466;467;468;471;473;474;478;479;480;481;483;484;486;487;488;489;490;491;493;494;495;497;499;500;502;504;505;506;507;510;511;513;514;515;516;517;519;524;525;526;528;529;532;533;534;544;545;546;548;549;550;551;553;559;560;561;562;563;566;567;569;570;571;572;573;576;577;578;581;582;583;585;586;588;590;591;595;597;600;601;602;603;604;611;614;615;619;620;622;624;626;627;628;629;634;638;639;640;642;643;644;648;652;653;657;659;660;661;662;663;666;668;669;671;672;673;675;676;678;679;680;681;683;684;686;688;689;690;691;692;695;696;701;702;703;705;706;707;708;711;715;716;718;720;724;726;727;728;729;733;734;736;739;741;743;744;746;747;749;750;751;752;754;755;756;757;759;760;761;762;764;766;767;768;771;772;773;777;778;779;780;781;782;785;786;787;789;790;791;792;795;796;799;800;802;804;805;807;809;810;811;815;817;820;822;826;828;830;831;834;835;837;838;842;843;844;846;849;850;855;857;859;864;865;866;867;869;872;874;877;882;883;885;888;890;892;893;894;895;898;900;902;904;905;906;907;908;909;910;912;914;916;918;919;920;921;922;923;925;927;929;930;931;933;934;936;937;938;939;941;945;948;950;952;955;957;959;960;963;964;966;972;976;977;978;979;980;982;984;985;987;988;992;995;996;998;1000
987;1;5;6;8;10;11;13;16;17;18;19;20;21;22;23;24;25;28;29;30;33;34;35;36;38;39;42;44;45;46;47;50;51;52;56;60;61;65;70;71;72;73;74;75;77;78;79;81;83;84;85;86;89;91;92;94;98;101;102;107;108;109;110;111;113;114;116;118;122;123;125;126;128;135;137;138;139;141;142;144;147;151;152;160;162;166;167;168;170;171;173;175;179;180;183;186;188;189;192;194;195;197;201;202;203;207;208;209;210;211;212;216;217;218;219;220;223;224;227;228;230;233;234;235;238;240;241;243;249;250;252;253;255;256;258;264;266;267;271;274;275;277;278;282;287;289;291;293;294;297;301;302;303;304;305;307;310;312;313;314;320;322;325;329;330;333;337;338;340;342;344;345;351;353;354;355;356;357;358;363;368;370;373;377;378;379;381;382;384;386;387;388;389;390;391;394;397;400;401;402;403;405;407;409;410;413;417;419;422;424;427;429;433;436;437;441;442;444;446;448;449;450;451;453;455;461;462;464;466;467;471;473;476;477;482;486;488;492;493;494;497;498;501;502;504;505;506;509;513;514;518;519;521;523;526;527;531;532;534;536;537;540;541;542;543;546;547;548;549;551;553;554;556;558;562;564;565;566;568;570;571;573;575;576;577;581;582;585;586;592;593;594;595;598;602;607;611;613;616;617;619;620;623;624;625;626;628;631;634;636;637;638;640;641;643;644;646;648;649;653;654;655;656;657;658;660;661;662;667;668;670;671;672;674;676;680;684;686;687;689;690;691;692;693;694;695;698;703;704;705;706;707;711;712;713;716;717;720;721;723;726;728;729;735;740;741;743;747;748;752;753;754;755;757;759;761;762;763;765;766;768;769;774;775;782;790;793;794;796;802;810;811;814;817;820;821;822;823;824;825;826;828;829;830;831;832;833;834;837;838;840;845;846;851;855;858;860;862;864;866;868;872;873;874;875;876;878;879;881;882;883;885;887;890;892;896;897;902;903;904;909;911;914;915;916;917;918;920;921;923;926;927;929;932;937;938;941;942;944;945;947;948;950;951;954;957;958;959;960;961;962;963;966;968;969;971;979;982;986;988;990;991;992;994;995;997
988;1;5;6;7;8;9;11;12;14;16;17;18;20;22;28;29;32;34;35;37;39;40;43;53;54;61;62;64;65;69;70;72;76;78;81;82;85;87;88;89;91;92;95;97;103;104;107;108;110;111;113;116;117;119;120;122;125;127;129;132;136;138;139;144;149;153;154;155;162;165;170;171;172;173;174;176;177;178;180;181;186;194;195;197;198;199;203;204;206;208;210;211;214;215;218;219;221;222;223;226;227;229;230;235;237;238;239;241;242;243;244;245;248;249;251;253;255;256;260;262;264;266;270;273;274;275;276;277;281;283;286;287;288;289;291;293;295;296;301;303;304;306;307;311;312;314;317;318;320;322;323;324;329;330;331;333;337;338;342;343;344;347;348;350;351;355;361;365;368;369;370;376;377;378;379;382;383;386;387;388;389;392;393;395;400;404;405;407;408;409;411;419;420;424;425;427;428;430;431;434;440;443;444;445;451;452;454;455;457;458;459;463;464;466;467;471;472;473;475;476;481;485;488;489;491;492;493;494;495;496;498;500;502;503;504;506;508;510;511;514;516;518;519;520;522;523;524;525;529;530;532;535;536;537;546;548;551;552;554;556;560;561;565;568;570;571;574;576;578;580;581;582;583;586;587;588;589;590;591;594;595;597;599;600;602;604;605;609;610;612;614;615;616;620;623;624;626;632;634;637;638;640;646;648;649;651;654;655;657;658;661;662;663;665;666;668;670;671;675;678;681;682;683;685;686;687;689;690;692;693;694;696;698;699;701;702;705;708;711;713;719;721;722;723;724;725;727;730;732;741;742;743;744;746;747;748;752;756;757;758;759;760;761;765;769;770;773;776;779;780;781;782;783;788;793;794;795;796;797;798;799;802;805;811;812;813;814;817;818;819;821;823;824;825;827;830;834;836;837;838;841;842;846;848;849;850;852;853;854;855;856;861;865;866;867;869;870;873;874;875;878;879;884;886;890;898;899;903;904;905;906;908;909;911;912;913;914;916;917;919;922;923;924;925;926;927;928;931;932;933;935;937;939;941;943;949;950;951;953;954;957;958;959;960;961;965;966;967;968;969;970;971;974;981;984;986;987;990;992;996;998
989;1;3;4;5;6;7;9;12;13;15;21;22;23;24;25;28;29;32;34;39;40;41;44;48;49;50;51;55;58;59;62;65;68;71;72;75;77;79;82;83;85;86;88;93;94;100;101;103;106;107;108;109;110;112;113;118;119;123;125;126;128;129;131;134;136;137;138;139;140;141;142;143;145;146;147;149;150;151;157;158;165;166;167;172;175;176;181;183;191;193;194;195;196;197;199;201;202;204;206;211;212;213;216;217;218;219;220;221;224;225;231;232;233;235;236;238;241;244;245;247;250;251;252;253;254;256;257;258;260;263;265;268;271;272;273;274;275;276;278;281;282;284;285;286;287;288;289;299;300;305;307;308;309;310;312;314;315;316;317;319;321;323;325;326;329;330;334;335;337;338;339;341;343;344;345;347;348;349;351;353;354;356;357;359;361;362;363;366;368;371;373;375;376;377;380;385;387;389;390;394;395;397;403;405;406;410;411;414;416;417;418;419;423;425;426;427;429;433;434;435;438;443;444;445;449;451;452;453;454;456;458;459;460;464;467;468;470;472;473;477;479;480;482;484;485;488;489;490;493;495;501;504;506;508;509;510;512;513;514;517;519;520;521;523;524;529;532;533;535;538;540;541;543;546;547;551;559;561;565;566;567;568;570;572;573;574;575;577;585;586;587;588;589;590;594;596;598;599;602;604;606;607;609;613;615;617;622;624;625;627;628;629;632;633;636;637;638;639;640;641;643;644;645;646;647;650;651;652;653;654;662;663;665;667;668;669;672;673;674;675;679;685;686;688;690;691;692;693;694;695;698;701;702;703;705;706;707;711;712;713;714;715;716;720;721;724;725;727;728;731;732;733;735;736;737;739;740;741;742;743;746;747;748;755;756;757;758;759;761;762;763;765;766;768;769;771;774;778;779;780;781;784;786;787;788;790;791;792;793;794;795;796;797;802;803;806;807;809;813;814;817;818;820;825;827;831;833;834;836;838;840;841;842;843;844;845;846;847;848;851;856;857;858;859;860;861;865;868;869;870;872;873;875;876;878;879;882;885;888;891;899;902;904;905;906;907;910;911;914;916;917;920;922;924;925;928;929;931;935;936;938;940;942;943;944;948;950;952;953;954;955;957;960;961;965;966;967;968;970;976;978;979;980;981;982;983;984;991;992;994;998;999
990;1;2;3;7;8;9;14;16;17;18;19;20;23;24;25;26;28;29;30;32;33;34;36;37;39;44;45;46;49;51;54;56;57;58;59;61;62;63;64;68;69;70;71;72;74;77;78;83;84;85;89;90;94;99;100;101;102;103;104;105;108;110;112;115;117;123;125;126;128;133;134;137;138;139;140;141;143;144;145;146;148;149;150;152;155;157;160;162;165;172;173;174;176;180;184;186;192;194;196;198;201;202;203;204;206;208;210;212;214;215;219;220;221;222;228;229;232;233;236;237;238;243;244;247;250;252;256;257;258;260;262;264;265;266;267;268;271;272;274;275;276;277;279;283;289;290;291;292;293;297;299;300;302;305;306;307;308;310;313;315;319;320;323;331;334;336;337;340;341;342;346;350;351;354;356;357;361;362;364;367;368;369;370;374;377;379;382;387;388;392;393;395;397;402;403;406;413;414;416;417;426;427;428;429;430;431;437;439;440;444;446;447;448;450;451;452;453;454;458;459;462;463;464;465;466;469;471;472;475;476;480;481;484;485;488;489;490;491;492;495;496;497;499;501;502;503;505;506;507;509;511;513;514;515;516;517;518;519;525;527;528;531;533;541;542;544;545;547;549;550;551;552;553;556;560;562;563;564;565;567;568;570;572;573;575;578;580;585;587;588;589;590;591;595;597;600;602;604;605;607;608;612;615;616;618;619;620;627;632;633;637;644;646;647;648;649;650;652;655;656;658;660;662;663;664;665;671;677;680;683;684;685;689;690;691;692;694;697;698;699;700;702;706;707;708;709;713;714;715;716;717;718;719;720;721;723;724;725;726;727;730;731;732;735;737;739;740;741;743;746;747;750;751;755;757;758;761;762;763;765;768;770;775;777;778;782;784;791;792;796;799;801;802;803;804;805;809;812;813;814;815;817;821;824;827;831;832;833;837;838;839;846;847;848;852;853;854;855;861;863;866;868;871;873;874;878;885;886;888;890;893;895;897;898;900;902;904;905;906;907;909;911;912;914;915;917;919;920;922;925;927;928;936;939;942;943;944;945;949;951;952;953;956;959;960;962;964;965;967;968;969;971;972;973;978;980;981;983;985;987;988;991;992;995;997;999
991;3;4;6;7;9;11;12;14;15;16;20;21;25;26;28;29;32;33;34;36;37;38;39;42;43;44;46;48;49;51;54;56;57;58;59;60;61;62;64;65;68;70;71;72;78;81;82;83;85;86;90;91;93;94;95;96;97;98;99;100;101;102;103;107;111;117;118;119;123;124;127;128;129;132;136;138;139;140;141;145;146;147;149;150;151;152;153;156;158;161;164;165;166;167;168;169;170;172;174;177;178;179;182;185;188;189;192;194;196;199;203;205;206;209;213;216;219;220;222;223;226;233;234;235;236;237;239;241;242;243;246;247;248;249;250;251;252;254;256;257;258;260;262;269;270;276;277;278;279;280;281;282;283;284;286;289;290;291;293;294;295;296;297;307;309;313;315;318;321;322;323;325;328;330;331;332;334;336;337;339;344;347;349;353;356;358;361;365;366;369;372;374;375;378;379;380;381;383;388;391;394;396;397;398;399;401;403;405;407;408;409;410;412;414;415;418;419;421;424;428;430;431;433;434;437;438;439;440;441;448;449;450;453;454;455;456;458;461;464;466;470;476;477;479;482;484;485;492;493;495;496;497;498;501;502;504;507;511;512;515;516;517;518;519;521;525;526;528;529;530;532;533;534;536;542;543;544;545;546;548;550;554;555;560;562;563;564;566;567;568;571;576;577;579;581;582;583;584;586;590;591;592;600;601;602;603;605;606;609;610;611;615;617;621;623;624;625;628;630;633;634;635;636;637;639;641;643;646;647;652;653;656;659;660;663;667;670;671;672;674;675;680;681;684;687;688;689;691;694;697;701;703;704;705;707;709;710;712;714;716;720;722;723;725;728;730;735;737;738;739;741;742;743;744;745;748;754;755;756;757;759;760;762;764;766;767;769;770;771;775;777;778;779;784;785;787;788;789;790;791;792;794;798;799;804;806;807;809;810;811;812;814;816;818;821;822;824;826;827;829;830;832;833;836;837;838;839;840;841;842;843;844;845;848;851;852;856;857;859;861;862;863;867;868;870;871;873;874;876;881;884;885;886;889;891;895;898;904;906;907;910;911;912;913;914;915;922;925;926;935;941;942;945;946;947;948;950;955;957;960;961;962;963;966;971;972;973;977;978;983;984;987;989;990;993;996;1000
992;1;4;5;6;10;14;15;17;18;21;23;24;29;30;31;32;36;42;43;45;46;47;50;52;58;61;62;66;68;69;70;74;75;77;78;79;80;81;83;84;85;86;91;92;95;100;102;104;106;112;114;116;118;119;120;122;128;130;131;132;133;135;137;139;140;141;144;148;149;153;154;156;158;160;162;164;167;170;173;176;177;180;181;182;183;184;185;187;193;194;196;198;200;201;202;206;207;209;210;212;214;217;219;220;221;223;225;229;232;233;236;237;239;243;244;246;248;249;253;254;256;258;259;260;261;262;266;268;271;272;276;277;278;282;284;285;288;289;290;292;293;294;298;300;301;302;303;304;305;307;308;310;315;317;321;324;325;326;327;329;336;338;340;341;344;345;349;351;352;353;355;356;358;367;369;372;376;377;379;380;381;383;384;385;390;392;393;395;399;402;403;404;406;408;409;410;414;417;423;428;430;431;432;434;442;443;444;445;446;447;450;451;452;453;456;458;459;461;462;463;465;466;467;468;469;471;474;476;477;481;482;483;485;487;489;491;492;493;496;497;500;501;502;504;505;506;507;508;509;510;512;513;515;518;522;528;530;532;534;535;538;539;541;542;543;545;546;547;550;552;553;555;556;561;564;571;573;574;576;578;580;581;582;584;585;586;587;590;592;593;594;599;601;605;606;608;609;612;613;614;615;618;619;620;621;622;623;625;628;629;635;636;638;641;642;648;652;653;655;657;658;662;663;668;669;670;671;673;674;675;677;679;680;681;686;688;690;691;692;694;696;697;698;702;703;705;706;707;708;710;711;715;716;721;722;723;724;732;736;740;741;745;746;760;761;762;765;766;769;774;775;776;779;780;781;782;783;788;789;790;791;794;796;797;798;800;801;803;805;807;809;812;816;819;820;822;824;825;826;828;829;830;831;833;838;839;842;844;845;847;849;850;853;857;858;860;863;864;865;866;868;871;873;874;876;879;881;882;883;884;885;886;887;888;890;892;896;897;901;902;903;905;907;908;911;913;914;915;918;919;925;926;927;932;933;934;935;937;938;939;942;943;944;945;947;948;956;959;961;962;963;964;967;969;971;974;975;979;982;983;984;985;986;987;988;989;990;995;996;999
993;1;3;16;17;19;20;21;22;25;28;30;33;34;35;36;37;39;41;42;43;44;46;47;48;49;51;55;58;59;60;61;62;63;65;67;70;71;72;73;74;75;76;78;79;81;83;84;85;86;87;88;93;96;99;100;101;102;103;104;106;107;110;111;112;117;119;120;123;124;125;127;128;129;131;132;134;135;136;137;138;139;140;143;144;146;147;150;156;159;161;162;163;166;167;168;169;170;171;172;173;174;175;176;177;185;186;190;191;192;193;194;195;196;198;199;200;202;204;206;207;209;211;215;216;218;222;223;224;226;227;228;229;230;231;232;234;235;236;237;238;243;244;245;248;249;250;256;257;258;259;260;264;265;266;269;270;271;275;276;277;278;280;283;284;286;288;290;291;292;295;296;297;300;302;306;307;310;311;314;315;318;323;327;330;331;332;333;336;337;338;339;340;341;344;345;346;347;348;349;351;352;353;354;359;360;364;366;367;368;369;371;372;373;375;378;382;383;384;389;393;396;398;399;400;404;406;408;410;411;414;416;418;419;420;421;423;424;425;426;429;433;434;435;437;441;444;446;448;449;451;453;454;455;456;457;461;462;463;469;470;471;475;476;477;478;479;480;482;483;484;485;486;487;489;490;494;500;501;502;505;510;511;515;516;517;519;520;521;522;525;526;529;532;533;535;538;539;541;543;545;546;548;549;550;551;554;555;556;558;559;560;561;562;565;570;571;572;574;577;579;580;581;582;587;590;592;596;598;600;603;605;607;609;611;614;615;616;618;620;621;622;624;625;630;631;634;635;636;637;638;639;641;644;645;646;647;649;650;652;654;656;657;658;660;663;666;667;668;669;670;671;672;673;675;680;681;682;683;685;687;688;689;690;692;693;696;698;699;703;704;705;707;709;710;711;712;713;717;721;723;724;726;727;731;732;734;735;736;737;742;743;748;749;750;751;752;754;756;757;759;762;763;766;767;770;771;772;774;776;778;779;781;782;783;786;788;790;791;792;793;794;799;801;802;804;806;808;809;811;814;816;817;819;822;823;827;829;830;831;832;834;837;839;842;846;847;848;857;858;859;861;862;863;864;865;866;868;869;873;874;875;877;878;879;880;882;885;888;892;893;894;895;902;903;904;906;907;908;909;910;912;913;914;916;919;921;922;923;925;927;930;931;932;933;940;941;942;944;945;946;947;948;952;957;958;960;962;963;964;967;968;969;970;971;977;981;982;984;985;991;995;996;999
994;1;4;5;7;10;12;14;15;16;18;19;20;21;25;27;28;29;31;33;35;36;38;39;40;41;42;44;45;47;52;54;55;57;59;60;65;67;68;71;72;75;78;81;82;84;86;87;88;90;91;92;95;96;98;99;101;102;104;106;109;110;115;116;117;118;119;120;125;126;127;128;131;135;136;138;139;140;141;142;144;148;149;150;151;152;156;158;159;160;161;162;163;168;171;174;175;176;177;178;181;184;186;188;191;193;194;195;196;198;201;202;204;205;206;207;211;213;214;216;217;220;222;223;225;226;227;229;230;231;235;238;239;242;243;249;250;251;252;253;254;256;257;260;261;262;266;270;273;274;280;281;284;285;287;289;292;294;295;296;297;298;299;300;301;307;309;310;311;313;314;315;316;320;323;325;326;327;328;329;331;334;335;338;339;341;342;344;349;350;351;353;354;356;357;358;362;364;366;369;370;373;377;378;379;380;383;384;385;387;389;390;392;397;398;400;401;402;404;409;411;413;414;415;416;417;418;419;421;425;426;427;428;429;430;431;435;436;437;438;440;444;445;447;448;449;450;452;453;454;456;460;461;462;467;468;472;473;475;476;478;480;486;487;489;492;495;497;498;500;504;505;506;507;508;509;514;516;518;519;521;524;526;527;529;530;531;532;533;534;535;536;538;539;541;542;543;545;548;550;551;552;553;556;558;560;563;568;569;570;571;576;577;578;581;583;585;588;590;595;597;600;603;604;608;609;612;614;615;616;621;622;623;625;627;631;633;636;642;644;645;646;647;648;649;651;653;654;655;656;662;665;666;669;674;676;677;680;682;683;684;687;688;695;697;698;699;700;703;704;705;707;708;709;710;712;713;714;716;717;722;723;724;729;730;736;739;740;743;745;746;749;751;752;754;756;757;763;764;768;770;771;772;773;776;777;778;780;781;784;785;790;792;796;798;799;800;802;803;804;805;806;811;814;815;817;818;819;820;823;824;825;829;831;836;838;841;843;844;845;846;847;848;850;854;856;858;859;860;861;866;867;868;869;870;873;874;875;876;878;881;882;884;886;888;889;892;896;899;902;904;906;907;908;910;912;913;914;915;919;920;921;922;923;925;926;928;929;932;933;935;938;941;942;945;946;947;949;950;951;952;955;956;957;961;962;963;964;968;969;970;972;973;974;979;983;985;987;989;995;996;997;999;1000
995;2;3;5;6;10;12;13;19;22;28;29;31;32;33;34;37;43;44;45;48;50;51;53;58;61;64;65;67;68;70;71;73;74;76;78;79;83;85;86;87;88;90;92;95;97;98;105;106;107;109;111;112;115;116;117;119;122;123;124;126;128;129;131;136;137;138;139;141;142;145;146;152;154;155;158;159;160;161;163;164;167;168;173;174;175;177;179;181;182;183;184;186;187;194;195;196;197;198;200;202;204;206;208;210;211;212;213;214;215;217;220;221;223;225;227;229;234;235;237;238;239;243;244;246;249;252;255;259;265;268;269;270;271;272;274;279;282;283;284;287;288;289;291;292;294;295;297;302;303;304;307;313;314;316;317;318;319;321;323;326;327;329;332;334;337;346;350;355;356;361;362;363;366;369;370;371;372;374;375;379;380;381;382;384;385;387;391;392;398;399;400;402;405;407;408;410;412;413;419;420;421;423;425;427;428;429;431;435;436;437;438;444;445;446;447;449;451;453;454;457;458;459;465;467;468;470;473;480;481;483;484;486;487;488;490;491;492;493;494;495;496;500;501;502;504;505;508;510;512;514;515;518;520;522;523;525;528;529;530;531;532;534;535;536;537;539;541;542;543;544;547;549;550;551;554;555;557;558;560;562;563;564;565;567;569;570;579;582;583;584;585;586;588;589;592;593;594;595;600;601;602;603;604;607;610;611;612;614;615;616;617;620;622;624;625;626;627;628;630;631;636;638;641;642;643;644;646;647;648;649;650;651;652;657;661;662;663;664;666;671;674;675;676;679;683;685;686;687;688;691;692;695;696;700;703;704;706;708;714;717;718;719;721;722;725;726;727;729;730;732;736;737;740;742;743;745;746;748;749;750;751;757;759;761;768;771;772;773;774;779;780;781;785;787;789;790;791;793;794;796;800;802;805;806;810;811;812;814;816;817;824;827;828;829;830;831;832;834;835;836;837;841;842;843;847;849;852;855;858;859;860;861;867;874;877;883;884;888;890;892;893;894;897;899;901;910;911;913;915;918;922;925;926;927;930;933;934;935;937;939;941;943;945;947;948;949;950;951;952;954;956;958;959;961;962;965;967;969;971;975;978;980;981;983;984;986;987;990;992;993;994;997;998
996;1;2;3;6;8;9;10;11;12;14;18;19;22;23;25;27;29;32;34;37;41;43;44;45;47;48;49;50;51;52;53;57;58;60;61;63;65;67;72;75;79;82;84;87;89;92;93;94;95;98;99;101;104;105;107;109;114;116;117;120;124;125;128;132;133;141;143;144;145;146;147;148;151;155;156;157;159;163;165;166;168;174;175;176;177;178;179;180;183;186;187;188;189;190;191;192;195;196;198;199;201;202;204;205;207;209;210;211;213;215;216;218;219;221;224;225;226;227;229;230;233;235;236;238;240;241;243;246;247;248;252;253;261;266;267;268;269;271;272;273;275;276;278;279;282;283;285;286;288;290;292;293;294;297;300;310;312;314;316;317;319;326;328;330;331;332;333;334;335;339;340;341;343;345;348;349;350;351;352;353;354;355;357;358;359;360;362;364;366;367;368;370;371;373;375;376;377;378;380;382;383;384;385;386;391;393;394;396;397;398;399;401;402;403;407;409;410;413;414;418;423;425;427;432;433;434;435;437;438;439;440;441;444;446;447;448;449;452;454;456;457;458;461;462;463;465;467;468;469;474;476;477;479;480;481;485;488;491;492;493;494;495;496;501;503;510;511;512;513;515;520;522;524;525;527;528;529;530;531;532;534;535;536;538;539;542;545;547;548;549;550;551;552;560;561;563;567;570;571;573;575;576;580;583;584;586;590;591;592;595;596;597;603;604;605;607;608;609;612;615;617;621;622;625;628;630;632;633;634;635;636;639;640;644;646;647;653;655;656;660;661;662;663;665;666;669;671;675;676;679;680;681;683;687;688;689;692;693;694;699;704;708;709;710;713;719;720;724;725;729;730;734;737;740;741;742;746;748;751;755;756;760;761;762;763;766;767;769;770;773;774;777;778;779;781;782;785;787;788;789;791;792;795;797;800;802;803;806;808;809;810;814;817;820;821;823;825;826;829;832;833;834;839;840;841;843;844;845;846;847;848;850;851;853;854;856;861;865;866;870;873;877;878;882;886;888;889;892;893;894;895;897;900;901;902;903;904;905;906;908;909;911;915;918;919;920;922;924;925;926;928;930;932;933;934;938;940;941;942;947;948;949;954;957;959;963;965;966;967;968;970;971;973;974;975;977;978;979;982;984;986;988;991;992;993;994;997;998
997;4;5;8;10;12;13;15;16;17;18;19;21;25;26;30;34;37;40;47;49;55;56;60;62;63;66;67;70;71;72;73;80;83;84;85;86;87;88;96;97;99;100;101;105;106;107;113;114;115;116;119;120;122;125;128;129;131;132;134;135;140;143;145;146;148;149;150;152;153;155;156;158;160;161;164;165;166;167;170;171;172;177;178;180;181;182;183;184;186;187;192;193;195;196;200;205;206;207;208;209;211;212;215;217;218;222;226;229;230;231;233;234;235;237;238;240;243;246;251;252;253;257;258;259;261;262;263;264;268;270;271;272;275;276;280;281;282;283;285;286;288;291;292;294;295;297;299;300;302;304;305;309;310;313;314;316;318;320;322;324;325;326;327;328;329;331;334;340;343;346;351;352;353;354;356;357;358;359;361;362;365;367;373;375;376;378;380;382;386;389;390;393;396;398;400;402;403;404;405;410;411;414;415;416;417;418;419;422;424;426;427;429;431;433;435;436;437;440;442;448;450;457;459;460;465;467;469;472;473;474;479;480;483;484;485;486;489;491;492;493;495;499;500;504;505;508;512;513;514;515;522;523;524;525;526;531;533;534;537;538;541;542;543;544;545;546;548;555;558;560;562;563;567;569;570;573;576;577;578;581;582;587;590;593;595;597;598;599;600;601;605;607;609;610;611;614;618;619;621;625;627;629;631;634;639;640;641;643;644;647;650;652;653;655;656;658;659;660;661;662;665;666;667;668;669;671;674;677;679;681;684;685;686;688;690;692;693;694;695;697;698;699;700;701;703;710;712;715;717;721;722;724;729;730;731;732;737;743;747;750;751;752;754;755;758;759;760;761;762;763;764;765;768;770;771;773;774;778;779;780;783;786;787;788;789;790;792;794;801;805;806;808;809;811;812;818;819;821;823;828;829;830;831;832;833;837;838;840;841;842;844;846;847;848;849;852;853;854;856;862;863;864;866;867;869;870;871;872;873;874;875;879;880;881;882;883;884;885;886;888;891;893;894;895;899;900;905;906;907;908;909;910;911;912;914;915;919;921;922;926;927;929;930;934;936;939;940;941;946;948;951;952;955;956;957;958;960;961;962;963;965;967;969;970;972;974;975;976;977;978;980;981;982;983;984;987;990;994;995;996;998;999
998;1;2;3;4;6;7;8;9;10;12;14;16;17;18;24;30;31;34;36;37;38;39;41;42;44;46;47;49;51;53;55;56;58;59;60;61;65;68;71;72;73;77;83;84;87;88;89;90;92;94;97;98;99;102;103;106;108;109;110;111;112;116;117;118;123;124;130;133;134;136;137;140;143;146;147;148;150;152;153;159;160;165;166;171;172;176;180;182;187;191;192;195;196;197;198;201;203;206;207;208;210;211;212;213;215;216;217;218;220;222;223;224;226;227;228;230;232;234;236;237;239;240;241;242;243;245;246;247;248;249;252;253;254;255;256;257;258;259;262;266;268;271;273;274;276;277;279;287;288;289;292;297;300;304;306;307;309;310;312;313;318;319;322;323;326;329;332;333;334;335;336;337;338;342;344;345;347;348;350;351;352;353;354;355;356;357;359;361;363;365;367;371;372;373;375;377;379;380;381;383;384;385;386;387;388;390;391;392;396;398;399;401;402;406;408;409;411;412;414;416;417;418;423;426;428;429;430;432;434;436;437;441;442;444;446;447;448;449;450;451;452;455;460;461;464;466;467;468;472;473;475;477;479;480;481;485;486;489;492;493;495;499;500;501;502;504;505;507;508;509;510;511;512;515;516;518;520;524;525;526;530;531;535;536;537;539;541;542;543;544;545;548;549;553;555;556;558;559;560;561;566;567;568;571;572;575;577;578;579;584;585;587;588;589;590;593;597;598;600;603;605;606;608;612;613;614;616;621;624;625;626;636;638;640;641;642;646;648;649;650;653;654;656;658;659;660;663;667;668;671;673;674;675;677;679;680;684;686;689;690;691;694;695;696;700;701;702;703;704;709;711;712;713;714;715;716;717;718;720;721;723;724;725;726;728;729;730;731;734;735;737;738;742;745;748;750;751;753;756;759;761;762;764;765;768;769;772;773;774;775;776;777;781;782;783;785;787;788;793;794;796;801;803;805;806;808;809;810;811;813;819;826;828;829;831;833;837;838;839;840;841;845;846;848;849;850;854;856;858;860;861;863;864;866;869;870;873;876;878;879;882;885;887;888;890;891;892;893;895;896;897;898;904;907;908;911;913;914;915;916;919;921;922;924;925;926;927;928;934;935;940;941;945;946;947;948;949;950;951;953;955;957;958;959;960;961;968;970;975;978;979;981;984;986;988;989;995;996;997;999;1000
999;1;4;5;6;7;10;18;19;20;22;23;24;25;26;27;28;32;34;35;36;37;39;40;42;43;44;45;48;49;50;52;53;55;58;60;62;64;68;71;72;74;77;81;82;85;86;87;90;93;96;102;105;109;110;111;117;118;120;121;122;124;126;128;129;130;131;132;134;135;137;139;140;141;142;143;148;149;152;153;154;156;157;161;163;164;165;166;167;169;170;171;175;176;177;179;180;185;186;187;189;192;193;195;196;197;198;199;200;201;204;207;208;209;214;216;217;219;220;221;222;224;227;232;234;236;238;239;241;243;246;247;248;249;250;251;253;254;257;259;262;263;264;265;267;268;271;273;276;282;284;285;286;289;291;292;301;303;304;307;308;309;310;313;315;316;318;322;325;329;330;331;332;333;335;337;340;341;345;346;347;348;352;353;355;356;357;358;359;361;362;363;368;370;372;373;375;379;384;385;386;389;391;392;393;395;396;398;400;401;405;407;412;413;414;415;417;422;423;425;426;427;430;431;434;435;439;440;441;445;446;447;449;452;453;454;457;458;461;462;465;466;467;469;470;478;480;484;488;489;490;492;493;497;499;501;503;505;506;511;517;519;522;524;525;526;527;529;530;534;535;536;537;545;547;550;554;557;559;560;561;562;563;565;568;570;571;574;575;580;581;582;584;587;588;589;590;594;596;598;599;600;601;602;604;605;606;607;609;611;613;614;615;621;623;629;630;631;639;640;642;645;647;650;652;653;658;660;661;662;665;666;669;671;676;683;686;687;688;693;695;696;698;702;705;706;707;708;709;710;712;713;714;716;717;718;720;721;723;724;725;726;734;740;742;747;748;749;751;753;758;760;761;766;767;768;770;773;777;778;780;782;784;785;787;788;789;792;793;794;795;796;797;798;799;800;801;803;804;805;806;807;808;810;812;815;819;820;821;822;824;825;826;827;830;832;834;835;836;837;840;841;842;844;846;847;848;849;850;852;853;854;855;856;857;858;859;861;862;866;871;873;874;875;876;877;879;880;884;885;887;890;894;895;897;899;902;906;908;910;915;917;918;919;920;921;922;923;924;926;927;928;929;931;934;936;937;939;942;945;947;951;953;954;956;957;958;959;960;961;964;966;968;969;971;973;974;976;978;979;980;982;985;989;990;992;993;994;997;998;1000
1000;2;3;7;9;10;11;12;13;19;20;21;25;26;29;30;32;33;34;35;36;38;41;44;45;47;48;49;50;56;58;60;64;65;66;67;69;71;72;73;74;75;76;77;78;79;80;81;84;85;88;89;91;92;94;95;98;100;101;102;104;108;112;113;115;116;117;118;119;120;121;125;129;131;138;142;144;146;147;151;154;156;158;159;160;162;163;166;167;169;170;174;177;179;181;182;184;185;186;187;188;190;192;193;194;197;198;199;200;201;205;209;210;217;218;220;221;223;225;226;229;232;235;239;240;243;245;247;248;249;250;253;254;255;257;259;262;266;269;270;272;275;276;277;279;280;281;282;284;285;286;287;288;291;293;296;298;300;301;302;304;305;307;308;309;311;313;314;315;317;320;321;322;325;326;329;330;331;333;334;335;338;339;340;344;346;348;350;352;354;355;356;358;359;364;365;367;372;373;374;380;383;385;388;391;393;396;397;398;399;400;401;402;403;404;405;408;409;412;415;416;417;418;420;421;439;440;441;442;443;444;449;450;451;452;454;456;458;459;463;468;471;473;474;476;477;478;479;480;481;482;483;484;485;487;491;492;493;495;496;498;501;502;503;512;514;516;517;519;520;521;522;523;524;525;528;530;531;533;535;536;538;550;553;555;556;557;562;563;564;565;566;567;570;572;573;576;577;578;579;580;581;582;590;592;595;599;600;603;604;605;609;611;613;614;618;619;625;626;628;631;635;636;643;646;648;650;651;657;660;661;662;666;667;668;669;670;672;676;677;680;682;683;686;687;689;691;692;694;696;697;698;702;703;705;707;708;711;712;714;715;717;720;723;725;726;727;729;733;734;735;739;742;746;748;750;752;753;754;757;758;759;760;761;762;769;771;772;778;779;781;782;783;784;787;788;791;792;793;794;796;797;798;801;803;805;810;811;815;816;818;820;821;822;823;825;827;828;829;831;832;833;836;837;838;839;840;842;843;846;847;848;849;851;854;858;859;860;864;865;866;872;874;876;877;878;881;884;885;888;891;892;893;894;896;899;900;901;905;907;910;911;912;913;914;915;916;917;918;919;922;924;928;929;930;934;938;940;941;942;943;944;947;951;954;956;957;958;959;960;963;964;967;968;969;970;973;974;975;978;984;986;991;994;998;999
